0 15.572636604309082
001284 0
000251 1
002154 2
002787 3
000633 4
000071 5
000022 6
000415 7
000587 8
000604 9
002172 10
002800 11
002664 12
001733 13
002050 14
001728 15
001637 16
002287 17
001493 18
002617 19
002702 20
002406 21
001229 22
001008 23
000165 24
002088 16
002930 25
000904 13
000655 25
002361 26
000203 3
002160 3
002398 7
002925 27
001918 28
000911 29
002231 10
000550 22
002370 30
000696 6
001042 31
002439 32
000895 26
001958 33
002506 34
002625 35
001983 3
000031 36
000881 37
000545 7
001327 23
001850 23
002319 38
001573 13
002431 39
000313 40
002699 41
001440 42
000446 43
000892 16
000923 44
000533 45
000088 46
002891 47
001923 48
000058 16
002612 49
002135 50
000896 51
001106 52
000764 7
001978 5
001375 21
002041 53
002219 54
001784 55
000155 44
002166 56
000806 32
002020 3
002392 3
002964 10
000247 22
000348 40
002754 28
001195 56
000530 57
002043 0
001112 22
002956 12
001686 13
002932 58
001777 38
001036 26
002193 52
000686 59
000803 60
000070 50
001254 7
002656 61
001734 14
002627 32
002606 62
002203 12
001702 7
001391 63
001507 56
000934 30
002942 30
001395 64
001037 65
002638 66
000267 67
001550 68
001623 2
001172 66
000372 69
002679 30
000440 70
000333 71
002031 10
002239 72
001219 73
001362 30
000378 50
002870 59
001418 2
000903 74
001722 18
002826 75
002586 21
002110 76
002107 30
000559 77
001076 78
000967 60
001869 0
001700 7
001043 79
001523 44
002234 80
002532 13
000825 43
002715 79
002127 6
000176 81
002615 55
000411 82
001071 4
000210 72
000399 83
000237 84
002500 66
000227 33
000618 72
001861 2
000004 1
002779 85
001731 84
001494 31
001631 27
002998 86
002731 11
001238 87
001587 13
001999 88
002823 46
001815 89
002993 90
000026 76
002653 91
002747 92
002015 93
001997 33
001288 94
000161 95
000838 7
000935 16
001056 96
002526 53
002313 97
001941 12
001401 51
001090 98
001893 72
000959 99
002705 100
000270 24
002673 5
001577 90
000023 10
001651 101
001837 11
002839 76
000211 102
001509 62
001142 100
002557 56
000473 71
001012 50
001274 103
000329 104
000323 105
002278 105
002764 10
001953 106
000073 32
001412 107
000470 7
002343 108
001293 109
001835 11
000839 110
001917 59
001854 85
000274 36
000007 111
002602 12
002039 32
002531 112
002858 11
001208 50
002033 94
000001 113
001033 57
000318 76
000829 94
002423 107
002282 84
002260 114
001264 115
001536 7
002805 116
002293 90
002655 69
001066 117
001342 104
001657 118
000444 44
002539 105
002126 16
002856 119
001931 107
001618 120
002692 14
002776 59
002851 28
002760 121
001701 86
000405 3
002817 59
001413 86
000564 48
001799 66
000752 30
001991 122
001723 42
001533 47
002959 7
001223 22
000121 7
001818 108
002984 24
000410 43
001424 87
001905 23
000209 114
002367 105
001895 6
000127 28
001171 107
002036 118
000472 123
001502 61
001755 10
001053 13
001218 13
002003 66
002311 77
001234 7
000786 18
000125 25
000217 90
002366 59
000167 94
000482 13
000229 7
002468 14
000347 30
000899 50
002595 77
000335 107
001598 124
001610 58
000661 125
000351 50
000319 126
001460 110
000627 10
001353 31
000087 15
001825 66
000390 107
000558 4
001495 1
000393 107
000460 127
002970 127
001323 35
002774 66
000731 16
000629 68
000500 44
002894 71
002196 128
002222 13
000124 126
001120 13
000824 129
001875 47
000389 25
002383 108
001870 13
002986 59
002910 130
001740 81
000900 43
000598 105
000631 23
002212 106
002918 57
002396 76
001350 77
002448 33
001476 131
001911 132
001912 64
001714 90
000563 107
000593 133
001860 58
000371 23
001612 118
002099 134
002660 44
001877 79
000066 50
002997 135
000637 126
001948 50
000912 105
002553 73
000006 79
000720 136
002859 4
000404 134
000112 56
001454 84
002144 137
001894 138
002597 104
001245 128
001168 85
000042 139
001797 105
002306 118
000302 140
001108 107
000423 141
002832 142
002820 7
001575 30
002163 143
001441 90
000212 48
002574 59
000158 59
000157 124
001990 81
000605 7
001123 144
002603 118
000933 103
000104 107
000871 144
001094 19
000455 6
000241 132
002599 134
001184 18
000891 76
000141 44
000653 144
000698 49
002480 4
001664 126
002021 106
002739 7
002257 145
000769 135
002326 44
001481 38
002834 16
000719 48
002441 146
000340 147
000878 135
002102 11
002117 32
000195 126
001553 70
001696 126
000809 139
001232 36
001751 142
001708 44
001836 22
001736 11
002388 107
002018 126
001041 148
000035 12
002735 149
001524 106
000271 34
002089 44
002195 32
001445 150
000193 13
001647 123
001265 126
001345 101
002534 123
000331 7
002513 57
001883 23
002862 26
001048 48
001434 43
002385 30
000326 79
002630 7
002065 7
002403 11
002713 11
000438 135
001282 54
000541 151
000132 72
001052 10
002804 110
001903 105
001211 110
001928 107
002341 60
000884 27
002730 43
000060 81
000363 118
002825 7
002605 106
002880 50
002681 152
002752 153
002434 7
001200 92
002585 4
000552 16
000980 135
000670 107
000978 2
000184 55
002704 126
000294 40
001962 43
000537 13
001661 38
002507 154
001361 16
002892 139
002476 126
002689 155
002662 43
001060 156
001417 26
000304 101
001169 105
002499 157
001833 107
001272 158
001562 76
002288 136
001126 147
000392 136
000842 18
002720 1
001157 10
000039 48
000943 44
000362 128
000357 6
000092 33
001110 13
002626 66
002286 98
000074 159
000230 11
001746 50
001512 160
000459 51
001496 11
001009 14
002355 161
000083 95
001280 57
001829 44
000273 100
002177 20
001089 84
000693 162
002651 14
000913 30
000447 163
002616 164
002238 165
001049 30
002489 166
001564 124
000603 87
002017 11
001463 33
000730 75
001491 105
001742 52
002247 71
002229 31
002967 126
002822 30
000853 105
000449 10
000213 126
000893 69
002280 167
001488 30
000585 141
001547 168
000725 1
001846 16
002726 103
000857 44
002957 10
002846 6
001545 154
001517 43
000441 99
002297 127
002636 94
001133 25
001839 30
002634 169
000408 56
002740 69
000889 170
001244 16
001383 7
002295 35
002245 5
000973 170
001753 11
002444 157
000286 47
001366 59
000662 81
001116 66
002931 48
001819 163
000750 11
002360 28
001204 156
002806 59
000350 7
002687 20
000915 146
001851 47
002194 107
001489 3
001289 84
001369 107
002818 16
001785 85
001886 136
002503 76
001866 59
002073 25
001304 171
001832 147
000320 172
000516 56
001786 107
000511 139
000801 99
001889 57
002429 5
002106 173
002113 135
001128 10
002038 77
001688 72
001765 6
000356 108
001083 110
000051 15
002052 132
002426 79
000063 127
001707 77
000939 0
001916 34
002318 108
002901 7
002915 109
001585 99
000616 30
002773 44
001156 7
000413 163
001359 90
001938 81
000962 11
002483 95
001845 135
000591 15
002729 7
001660 108
000084 101
000742 94
001798 11
001407 49
001635 16
002150 161
001580 174
000401 30
001205 61
002243 33
000614 38
002246 7
001235 55
001166 105
001201 23
001949 24
000246 24
000223 25
000612 60
002394 21
000375 175
002010 107
001137 176
001260 151
001315 59
001546 57
001261 154
001405 66
001387 121
002206 174
002830 44
001433 105
002941 44
001028 140
001404 134
000968 105
002946 177
001131 69
002365 135
000782 62
000823 5
000606 94
000491 54
000290 71
000465 10
001436 13
000567 55
002598 126
000694 16
001741 81
002837 153
002669 2
001329 178
002527 4
002963 36
001697 103
001670 151
002498 108
001676 142
002129 126
000909 179
000851 180
001946 181
001548 176
001027 2
001044 81
002165 182
002641 168
000555 118
001924 81
000638 183
001348 71
000815 30
002422 184
001062 24
002035 31
002719 185
000916 159
001121 127
001511 105
002440 126
002055 163
002076 105
002809 186
001853 7
000082 187
002104 140
001644 0
000650 163
001792 7
000494 60
001543 142
001943 57
000107 142
002835 30
002494 64
001456 39
002686 15
001560 110
001730 188
002517 136
002953 86
002122 144
001370 55
001015 7
002905 189
002216 135
000169 190
001602 124
000059 105
000464 109
000257 108
001687 16
000342 25
001070 106
001045 191
001653 7
002461 44
000291 82
001955 134
001098 190
001672 16
001010 69
000992 126
001093 135
000589 125
000029 90
002909 44
002333 16
000601 25
002074 121
001478 174
002095 69
001622 154
002501 62
000582 46
000394 140
000710 20
001114 2
000766 126
002582 101
000632 64
002386 77
000689 43
001001 126
002100 69
001100 108
000379 161
002690 57
000998 107
000113 170
001236 192
001158 11
002425 193
002022 53
000301 194
001504 179
002197 171
002181 105
001438 139
001749 195
002871 92
002763 196
000868 197
001032 7
002145 10
001421 66
001611 198
002470 126
000457 81
002124 99
001640 14
002814 11
002680 149
001029 11
000574 7
000877 7
000672 25
000216 13
000129 174
001867 161
000028 25
000529 56
000196 3
002668 22
000793 113
000981 94
002899 20
000974 13
001711 126
001516 105
002316 140
000569 106
001831 5
001505 57
001972 105
000109 48
001182 126
000738 107
002945 124
001183 126
002133 157
000222 142
001312 28
001399 71
000854 182
000205 55
000461 24
000821 7
000489 34
002469 84
000180 44
001993 16
002968 161
002515 36
002742 12
000483 14
000902 105
002633 87
000150 2
001178 107
001569 56
001501 107
000487 42
000641 20
000299 55
000751 161
001994 199
002202 108
000374 60
002000 188
002005 44
001666 13
000508 44
000765 142
000426 127
002694 200
002666 142
002570 118
001756 6
000687 48
002536 105
002572 168
002778 10
000886 135
000032 3
001228 201
001349 202
001393 149
002950 51
002518 105
001301 18
000265 64
000240 155
001403 94
001175 59
000185 11
001193 79
001744 87
002332 126
001544 203
002928 204
000578 60
002192 34
000425 30
000846 163
002544 154
001047 25
000288 19
001318 78
002312 36
000199 155
001278 35
001084 140
002590 105
002952 107
001103 121
000701 107
001684 142
000534 127
000479 86
002843 154
001202 151
000941 135
001758 79
002879 94
001170 57
001827 48
001704 89
001636 105
000917 77
002948 94
001605 76
001820 175
000592 61
002716 60
000098 107
000358 54
001992 108
001124 140
002768 205
002807 159
001748 59
002130 38
000062 206
002188 6
002136 30
001712 135
002325 57
001039 76
002377 207
002667 38
002594 135
001709 54
001757 133
001038 208
001490 45
002707 209
002419 30
002762 77
001338 155
002372 154
000233 180
000681 84
001213 79
002236 110
000312 52
001655 185
002492 72
002881 50
002794 120
002589 81
000512 105
002917 46
000518 17
002723 119
000647 108
000380 107
000690 20
000198 193
001021 85
002810 57
002404 118
000726 66
002545 147
000264 195
001600 22
000664 25
002861 54
002886 19
002368 1
002614 62
000950 94
001344 40
001189 210
000514 6
001500 126
001313 211
002577 121
000017 65
002211 30
001624 24
001913 103
000918 10
002845 212
001639 126
000714 213
002019 65
001822 105
001675 38
001782 11
002876 173
001406 105
001678 118
002187 28
002427 135
000908 50
000929 157
001073 106
000572 28
002002 142
000407 121
000171 127
002363 12
002537 126
002012 188
002639 127
002473 214
000442 11
000982 60
001599 35
001503 163
001781 23
002320 43
000282 126
001656 215
000101 109
002712 22
001973 59
002765 216
000409 170
002153 140
000403 62
000994 140
001880 126
000044 217
002954 44
000140 218
001649 95
000249 105
002604 107
002391 7
002371 135
002994 105
002240 47
001603 94
000771 133
000562 123
001410 23
001724 140
001876 139
000519 79
000012 103
002863 99
001058 219
001457 135
000041 72
000284 118
001188 220
000709 82
001371 23
001118 10
000760 134
001530 221
000206 57
002230 121
002263 131
002688 157
000027 19
001589 13
000816 69
000086 10
002463 94
001508 103
002299 94
001294 107
000080 69
000876 2
000148 107
002259 2
001929 72
001477 10
000528 150
002635 222
001458 57
001773 134
000566 126
001214 108
001088 223
000311 123
002227 36
000382 126
002961 3
002875 16
002405 224
001302 155
000597 150
001086 19
000493 208
000579 225
001162 78
001778 87
002495 226
002543 10
002183 84
002152 100
002558 87
002663 105
001607 1
002097 118
002471 227
002508 228
001425 12
001803 142
002191 21
001209 50
002848 229
002487 144
002186 107
000921 163
001298 230
001968 231
001532 126
001694 185
001207 232
000434 142
002446 18
002484 11
002291 185
001671 44
000983 20
002576 48
001061 233
001729 7
001904 144
001225 108
002645 147
000207 206
002262 127
001770 22
000749 234
002091 10
000949 103
000928 72
001568 185
001594 10
002618 174
001800 105
000021 33
000869 60
002714 142
000122 223
000635 173
000200 188
002643 235
000704 126
001681 95
001673 103
000745 236
001574 226
000037 202
000305 168
001050 57
000522 54
000019 237
000665 11
001380 199
001590 155
001332 238
000047 197
001164 173
001146 57
002013 0
002672 32
002642 50
000486 16
002342 94
002315 103
002900 84
002436 43
000523 220
002709 140
001095 150
002200 23
002923 239
002032 98
002897 35
001199 105
002132 240
002504 105
001198 59
001947 44
002782 32
002382 239
002784 127
001848 139
000505 241
002030 26
002237 126
001224 163
002644 237
000543 19
002732 87
002867 242
000538 69
002086 20
002579 86
001556 153
000753 25
000244 72
002250 189
002540 126
002161 243
002120 154
001960 57
002884 39
001669 12
000289 61
000894 22
002916 155
002045 109
000003 119
002083 107
000568 110
001068 244
000400 3
000181 11
000147 86
000630 16
000761 135
000402 62
000414 94
001105 220
000860 126
000607 3
000173 20
000668 135
002054 105
000228 87
002119 62
000476 31
001513 23
000488 144
002028 245
000643 98
000576 123
002793 46
001970 24
002940 87
001005 192
000204 38
000412 0
000259 124
002803 246
001626 149
000792 150
000531 247
002607 163
002514 5
002430 248
001801 199
002524 76
000966 61
002340 214
000834 19
002960 12
001586 234
000551 168
002279 226
001578 107
001337 103
002693 38
002460 51
000804 2
001727 5
001987 72
002115 63
000388 192
001932 126
001396 95
001390 140
002696 33
002827 99
002384 51
002140 151
002433 48
002677 140
002285 49
002408 223
001352 44
001368 105
000703 124
001297 4
000780 1
000676 38
000422 38
002255 14
002467 139
002632 16
002014 1
000611 132
000038 61
000475 50
002684 249
002151 185
001465 250
001921 206
001885 4
000634 10
000145 48
002718 155
002850 11
002401 11
001844 94
000383 107
001074 199
002989 72
002992 251
001140 12
001809 44
002414 167
002592 135
001151 12
000770 79
000298 28
002588 193
001259 25
001442 56
001134 126
000005 161
002972 210
001840 69
001180 23
001143 140
000102 242
002047 55
001092 57
000610 92
001461 47
001310 242
001155 107
000732 216
001374 31
000735 214
002011 164
000468 142
001381 7
001016 242
001628 99
001080 223
001735 61
001111 23
002077 108
002199 216
002802 43
000671 13
002511 121
001222 62
001606 135
001959 10
001780 126
000757 57
000702 252
000285 101
000116 140
002549 135
002796 241
002700 20
002380 212
001497 188
000266 48
001910 140
000194 21
002317 62
002442 66
000783 45
001127 3
002300 220
000734 47
002977 76
000712 126
000947 87
002044 107
000812 18
000628 81
002828 195
002379 43
000123 100
002458 126
002252 126
002218 38
002628 159
001411 215
001645 170
001621 105
001957 188
000106 168
000182 242
002009 105
000875 127
001256 3
002738 71
001283 135
001378 253
000867 5
001549 6
002849 229
002336 33
000907 86
001415 254
000680 114
002491 132
001154 154
000960 255
002710 48
002745 48
002609 140
002182 57
002852 34
000964 105
002265 61
000272 135
000100 147
000170 205
001692 256
002331 77
001054 157
001328 1
000669 257
000510 12
002349 153
000248 105
000746 113
000700 258
000428 174
001814 12
000154 161
002114 259
002004 21
000011 260
002991 44
000826 76
001364 35
000808 94
000977 261
001775 127
000341 161
002920 126
000830 16
002142 155
002094 262
002411 229
000963 54
001258 123
000844 36
002424 105
000421 44
000499 139
000417 245
000621 259
002174 161
001808 47
000361 10
001014 12
002008 73
001522 36
002410 21
002345 263
000469 94
001539 12
000138 264
002551 159
001466 105
002271 1
000841 161
001699 103
001075 7
001541 71
000692 140
002346 179
001291 127
001492 265
000225 176
002659 155
002376 21
002975 57
001459 237
000996 147
002759 81
001891 198
001658 139
002053 266
000081 267
001176 107
000034 163
001356 22
001064 164
001241 251
002264 38
001616 44
001000 100
001864 105
001971 229
000805 161
000135 70
000325 49
002621 126
000880 59
000914 106
001113 103
002583 10
001408 59
002792 14
001453 126
002847 107
002190 89
001648 240
002416 268
001346 226
000864 105
000024 48
000149 266
001646 269
001892 59
002969 54
001416 270
002170 223
000931 19
002146 226
000280 6
002833 59
000077 155
001358 54
002646 79
002555 271
002640 250
002108 272
002103 126
001732 107
002321 6
000547 130
002063 11
000501 123
002587 2
002096 150
000506 44
002750 237
002281 185
002270 7
002435 134
001737 185
000958 34
002400 31
000166 174
001450 2
000202 251
001796 11
000239 76
001051 121
000986 241
000553 105
002217 226
002454 22
002159 44
001979 14
000990 16
002907 98
001196 169
001281 135
001400 30
000624 18
000049 50
001788 112
002464 38
002983 161
002829 178
002703 25
002573 273
000115 76
001768 33
001379 10
000791 59
002874 24
001935 155
000897 33
001097 155
002328 71
001194 18
000221 32
000515 44
000151 56
001432 242
000716 208
001484 72
002815 245
001129 84
001967 242
001779 220
001096 247
000954 103
000863 52
001747 194
002860 7
002387 274
001898 275
000189 31
001738 126
000924 10
001776 75
002903 45
002213 154
002727 15
001055 276
002701 45
002831 72
001956 19
000269 52
000309 196
002164 44
001942 43
002751 94
001243 95
001925 62
002116 64
001091 50
000822 14
002913 24
000108 48
002350 252
002955 49
001414 72
001257 272
002292 159
001365 133
002761 105
000458 171
001276 105
000759 277
000707 61
002743 260
001295 116
000093 242
000817 107
002872 21
000856 278
000870 135
001026 44
000143 269
002066 236
001483 279
001474 118
000163 126
002344 196
000862 30
002407 11
000617 280
001674 281
001428 16
002134 10
001451 44
001945 205
001810 282
000571 24
000711 105
002248 107
000932 107
000328 62
002926 173
000580 251
001402 16
001579 141
000858 145
001534 32
000926 123
002728 56
001002 151
000952 31
002554 92
000245 71
000322 49
000788 251
000855 107
001807 170
002824 135
001132 107
001452 64
002081 126
002415 107
002842 72
001125 38
000882 138
002882 187
001212 281
001632 174
001817 30
001031 163
002472 12
000885 15
001319 196
002873 107
000520 110
000057 187
001152 121
000845 161
002505 22
001914 81
000772 44
000256 113
001354 179
000236 173
002571 76
001841 103
002665 87
000344 163
000339 28
000697 10
000991 1
001429 59
002329 26
002148 267
000316 107
001976 283
001145 126
001326 242
000208 151
001443 284
002902 76
001067 174
000594 44
001652 1
000657 48
001382 33
001035 164
001554 94
002973 285
002373 258
002001 100
002118 199
000906 242
000797 55
001944 10
000179 16
001007 161
000536 242
001444 126
000609 62
001791 164
000002 134
000336 286
002352 174
002046 287
001641 44
001772 2
001423 22
001197 266
000649 107
000560 188
002497 270
001003 251
001920 127
000188 107
002836 11
000232 12
001311 36
002438 44
001613 62
000775 107
001273 105
000800 281
002215 84
002337 288
001625 206
000756 121
001717 281
002176 22
001250 193
000615 235
002189 108
002671 289
002251 124
001902 57
000387 7
000187 12
001834 105
002854 10
001339 290
001514 255
002877 43
000262 108
001680 291
000905 123
002254 76
000253 107
002253 44
001659 11
000679 214
000075 44
000599 292
001726 214
000317 16
000938 196
001469 223
001455 33
001148 3
001980 140
001307 239
002048 140
002080 281
002037 87
002978 11
002173 273
000636 44
001117 150
001268 164
001286 121
001473 226
002658 127
002034 246
001210 105
002528 63
000744 159
002623 44
000287 18
000956 10
000153 10
002995 30
002168 105
000762 49
000478 293
000985 126
002056 294
001812 144
000263 295
001082 223
000430 24
000250 27
002958 38
002801 10
000020 210
002510 154
002786 11
000659 95
002965 16
002040 127
000807 38
001510 34
002301 79
000922 29
000819 242
002652 105
000343 249
000354 267
000521 296
002866 190
000016 237
003000 297
000843 156
000565 216
002175 110
002982 226
000052 196
002381 31
002068 52
002819 281
002697 4
001595 31
001906 107
000395 242
002087 26
000832 144
000448 164
001324 4
000972 20
002201 163
002521 298
001856 154
000043 19
002777 159
001388 73
002736 125
001384 43
001377 32
002520 127
000431 163
000076 253
001252 38
000639 110
002420 84
001922 140
000156 48
001873 49
001177 185
000353 275
002581 118
002698 56
001372 215
001868 292
002542 44
000695 299
002981 26
000814 31
001498 121
002277 300
001794 56
000120 14
002650 72
001939 301
000159 36
000747 205
000190 176
002339 302
002298 188
000957 245
000852 284
002338 30
002734 242
002565 206
002121 50
001226 167
002314 103
002566 72
001843 211
002158 267
001915 239
000065 237
000850 303
002180 233
002893 38
001802 304
002207 173
000741 60
002753 12
000524 293
000955 2
002675 121
002224 305
001617 107
001215 114
002450 12
002139 19
001419 259
001385 49
002242 33
000887 245
001331 107
000840 128
001239 101
001821 306
002885 38
000588 226
000064 97
000297 307
002235 3
002939 1
001099 232
002721 26
001122 5
001308 148
000678 308
001022 261
001321 309
002798 206
002691 30
000451 5
000811 3
002268 35
002156 237
000443 30
001555 44
000164 310
001563 34
002308 311
001771 251
002591 118
001422 76
002208 209
001761 7
002412 30
001220 1
002409 81
001072 82
002445 183
000133 270
001572 245
002799 48
001609 185
001355 30
000144 109
001163 159
002223 123
002840 11
000303 150
002601 156
002812 57
000381 119
002481 49
000802 312
000315 44
002811 313
000360 38
001537 210
000255 107
002079 314
000847 315
000721 127
001279 136
000920 3
002564 76
000613 305
001018 316
002209 14
001638 125
001691 20
001754 51
000688 118
000008 73
000584 281
001878 43
000117 81
002304 21
001334 28
002795 107
000979 64
001571 132
000961 317
001263 318
000872 257
000079 165
001764 87
002575 24
001389 319
001141 84
000324 135
001683 320
001464 6
000549 321
000925 3
000174 16
000548 135
000736 84
001583 107
002951 144
000437 108
002767 164
002541 96
001690 30
002138 164
002889 7
001248 170
000238 75
002756 1
000748 10
000096 173
002522 281
000046 87
000728 164
002725 107
002007 242
002919 177
000898 179
000953 95
000818 322
000191 62
001752 22
001019 81
001705 95
001940 156
002273 125
001437 135
000763 84
000503 16
002455 281
000586 81
002757 59
002682 105
000424 320
002058 98
002934 323
002171 3
002649 26
002353 118
001267 163
002908 281
002006 87
002769 135
001475 7
001871 14
000540 196
001285 5
000946 38
000575 135
000119 127
000787 237
001227 38
002789 140
000110 96
002477 10
000784 324
001952 6
002578 325
002717 43
001119 14
002258 87
000215 18
000779 48
001551 242
000310 326
001161 229
002533 22
000219 113
000429 186
002622 43
000713 127
002141 51
002284 186
000009 107
002906 216
001662 213
001221 18
002179 7
000596 15
002857 121
001472 242
002296 327
002226 44
000517 159
001588 328
002016 329
002449 33
001663 242
001874 105
001217 161
001806 135
001333 107
000675 127
000820 30
000432 84
002746 7
001069 242
001774 232
000314 1
002303 57
002737 210
000061 88
001963 135
000683 139
001908 218
002766 31
001153 210
000890 44
000945 28
002057 292
001336 30
001862 161
000645 114
001887 116
000527 28
000507 72
001231 161
002927 99
000717 44
002024 35
001842 73
001017 150
001969 47
000055 50
000050 330
000767 133
002475 127
002157 210
000810 216
002071 16
000377 3
000737 148
002580 7
000595 105
000349 252
000094 140
001249 25
002788 19
002883 293
002567 33
002375 38
002509 168
001682 320
002962 242
000136 193
002465 331
000936 229
001715 35
002988 140
000778 38
001135 61
001679 210
001665 330
000708 195
000561 281
000654 24
001271 59
002808 159
000418 3
001879 13
000987 46
002538 229
000131 46
000848 186
001150 57
000025 147
001805 250
001890 157
001528 332
002204 134
002276 333
001023 54
000873 334
001567 109
000226 291
002023 24
001470 49
001462 25
001057 107
002432 25
002670 142
002228 164
000948 21
001909 333
002059 103
000355 87
000068 335
001698 105
000722 103
000146 57
000416 57
001531 315
002949 229
000172 49
000727 126
001896 226
000056 56
000139 155
002244 59
000450 113
001998 113
000989 22
000970 49
000137 330
001897 139
000175 195
001966 121
000386 175
001725 86
002741 16
000445 47
001102 164
002781 16
001828 259
002922 105
001884 7
001290 235
001582 64
000090 259
002451 10
001306 275
002101 1
002049 114
002178 103
001030 31
001330 57
000040 18
001013 157
000944 126
000666 315
002327 267
000453 159
000781 176
002987 127
001149 126
000178 118
002185 71
000337 62
001919 113
002167 150
002979 24
001557 94
002890 193
001601 210
001642 86
000352 336
000625 246
002241 4
002519 324
002478 94
001552 3
002184 10
002561 163
002090 54
000724 161
000699 38
000359 23
002868 281
001322 49
001614 259
002980 71
002563 86
001526 230
000619 69
000466 25
001435 170
002733 56
001420 43
002496 164
001703 3
002128 101
001988 17
000492 229
002869 127
001766 97
002474 107
002459 62
001789 132
002938 135
001482 144
002657 134
001136 281
001936 210
002378 337
001581 107
000480 107
002266 163
000103 107
001479 1
000743 266
002775 229
000054 166
000988 338
002619 107
000069 316
000718 108
001101 71
000334 61
002417 251
001392 56
001240 133
000785 100
001174 159
001159 267
001316 107
001138 134
000128 273
001584 237
001975 105
001262 242
002695 140
001107 54
000951 105
002123 211
001130 19
002898 11
001559 291
000462 49
000640 113
000758 1
002637 134
000930 151
000231 47
001320 118
000556 50
000544 140
002547 305
002488 215
002399 211
002486 229
000099 210
001431 11
001251 119
001888 10
001900 103
001006 166
001471 155
002061 321
002310 210
000295 179
002402 27
002674 127
002790 229
002354 7
000160 7
001237 289
000651 265
000910 267
002816 134
002620 127
001558 297
000321 126
000015 44
000976 174
002456 339
001447 303
000463 31
002944 72
001693 237
001720 103
000644 75
000620 199
000652 103
000254 137
001882 340
000874 305
000467 44
000754 62
002611 168
000942 293
000883 210
000292 69
000234 272
002943 107
001305 126
001767 341
001519 24
002272 191
002841 159
002098 44
002418 1
002026 187
001486 56
001242 210
000535 237
000526 7
001426 35
001081 20
002685 25
000590 108
000674 342
002678 2
002155 154
001347 10
001376 50
000836 210
000252 229
000667 48
002210 164
001872 128
000391 205
001468 226
002548 108
001363 130
000795 10
001985 113
001934 159
002105 140
000682 163
001206 289
001078 91
002895 259
002395 264
000152 305
001525 48
002771 281
000828 237
001255 32
000525 164
001266 164
002070 76
000406 343
000258 281
002838 56
002437 213
000186 163
002092 107
000474 47
000813 114
002389 28
001167 164
000365 24
002936 105
001859 105
001351 100
002364 44
000330 22
000513 281
000663 344
000346 140
001604 105
000833 155
000684 196
002629 110
001677 35
002947 291
000773 5
000067 176
001951 223
002706 259
001716 30
002421 188
000235 1
000646 126
002466 108
002348 103
001667 179
001823 303
002078 103
001139 113
000542 210
001314 345
002896 333
000201 259
001964 72
001296 4
002362 118
000307 261
001309 292
000130 156
000396 346
002864 48
001930 127
000327 32
000192 22
000723 154
001855 332
000308 260
001065 128
001398 55
000496 161
000385 215
000583 105
000398 7
002933 39
001630 292
000162 38
001335 106
002724 126
001104 22
000937 305
001040 69
001367 292
001275 62
002749 43
001927 291
001950 148
002069 70
000570 226
001160 155
001561 282
001592 335
001881 13
002530 49
002082 347
000048 43
000030 6
001596 107
001926 348
000502 159
001847 281
002502 267
002755 143
001186 49
001269 346
002559 76
001857 159
001863 79
001795 24
002648 62
002550 163
000433 16
002302 107
000997 110
002855 305
002791 210
000367 57
001077 239
001079 31
000261 196
002347 248
000557 22
002067 89
000573 85
002912 126
002274 305
000600 126
002661 107
002042 22
000420 48
002137 32
001303 32
001247 101
001233 107
001449 55
002267 164
002356 16
002205 210
001813 16
002220 60
001467 295
000276 20
000706 340
002335 1
000454 54
000114 232
000072 71
002029 305
002131 259
002935 349
002064 103
001826 48
002584 107
002290 3
000919 79
000452 38
002624 30
002453 56
001515 229
002393 281
001566 210
000740 48
002413 107
001654 101
000105 105
001858 350
002821 245
002887 48
002722 12
000242 229
002479 259
001989 64
001570 24
001620 214
000097 79
002516 1
001191 114
000085 135
001719 330
000010 24
000879 12
001340 163
000774 242
001386 146
000277 103
001409 305
001593 107
001373 270
000089 38
000091 86
000281 72
001907 107
001485 4
001824 113
001325 10
001427 50
000993 107
000366 3
002072 107
000677 164
002027 190
000999 154
001190 10
002359 20
001760 229
002289 190
001343 50
000095 13
001287 148
002147 43
000168 20
000497 210
001750 237
002324 351
000715 306
001540 126
000332 87
000220 121
002482 105
002937 245
002772 352
002535 94
001538 180
000532 36
001865 289
002797 139
002309 322
001981 292
000306 118
001650 140
000197 223
001165 281
001619 109
001147 51
000495 205
000111 54
001109 86
001270 43
002562 38
000370 353
000794 291
000927 134
002322 159
001816 16
000397 43
001179 229
001216 32
000798 152
001299 229
001063 119
000419 101
000376 101
002512 54
000471 71
001542 259
002608 126
002351 66
002631 210
002990 5
001762 354
000799 127
002060 107
001487 164
000539 229
002676 309
002330 19
000984 164
000481 245
001480 355
000224 281
000673 39
001394 73
002985 292
000995 281
000581 71
001046 5
000078 35
002596 356
002996 357
001759 358
000827 229
000126 96
001253 76
001961 46
002770 34
001597 81
000577 132
001576 49
000622 330
000768 357
001230 359
001341 105
000660 3
002853 287
002888 31
001518 12
002758 10
002974 126
002785 56
000260 193
000283 95
002683 177
001615 126
001185 38
001974 259
002523 118
000456 281
002369 23
000435 146
000300 357
001763 160
002485 150
002865 194
001933 20
000439 135
002374 305
002025 140
002452 159
002613 169
001627 134
000293 360
001838 132
000279 229
000656 105
001059 300
000733 110
000554 292
002143 65
002914 144
001901 97
002294 154
001192 22
001527 72
001996 72
001357 105
001695 154
000776 245
000427 13
001787 235
001187 3
002198 10
002275 87
000866 38
001710 210
001793 19
001246 11
000901 69
002748 127
001529 54
000602 361
001292 76
000218 229
002269 131
000214 281
000036 292
002443 210
000368 103
000013 118
000477 338
001721 56
002283 235
002744 305
001085 242
002904 362
001633 126
000014 105
002112 144
002783 118
001024 363
000965 242
000608 107
002062 179
000436 344
000018 43
002813 76
001783 50
001804 281
002397 118
002256 51
001115 44
002390 54
001954 267
000345 118
002844 305
002600 62
002647 105
001718 315
000033 105
000373 7
000658 133
002221 364
001087 13
002457 245
002929 1
002249 24
001317 159
000861 179
001608 22
000045 20
001535 110
002878 47
002971 151
000490 163
000504 0
002261 154
000134 103
002109 70
000691 365
002075 114
002149 260
000975 166
002999 123
000777 25
000789 2
002569 6
000364 108
002358 10
000796 110
001937 38
001629 75
001277 233
002593 25
000940 229
001506 149
002490 126
000648 105
001004 366
002525 68
002111 29
001173 95
000484 223
001811 291
000053 367
000243 7
002084 296
001986 205
001203 159
000739 16
002169 292
001300 105
001020 368
002093 147
000837 113
002125 155
001745 153
000369 135
000268 24
000729 211
002493 5
002552 337
001520 2
001034 48
001713 237
002334 215
000296 105
001849 98
000626 135
000278 301
000498 135
000485 52
001521 31
000183 292
000971 305
001852 94
002225 4
000685 127
001769 136
002976 151
002085 25
001181 259
002051 1
000755 16
000509 369
002546 10
002357 54
001982 330
001439 126
001446 370
000142 242
000865 292
002232 16
002323 242
001011 68
000849 10
002560 210
002780 110
001995 267
000888 305
000118 114
002162 245
000546 69
001790 159
002214 118
001977 173
002233 49
001984 14
001397 33
000275 245
000705 119
001025 49
001591 126
001565 306
001743 171
000384 292
001430 265
002610 105
002911 48
001830 33
000177 103
001360 16
002428 54
002568 371
000831 213
002556 10
001643 159
002462 372
001634 48
000623 99
002921 11
000859 54
000642 124
002307 195
000835 211
002711 306
001499 177
000338 1
002447 104
001448 373
002654 21
001965 36
001685 100
002529 292
001144 258
002966 16
001706 218
002924 107
001739 196
002708 34
000790 56
002305 107
000969 34
001668 226
001689 374
001899 229
