0 15.78498911857605
001958 0
002088 1
001395 2
001521 3
001099 4
000394 5
000029 6
000100 7
000352 8
002021 9
001353 10
001145 11
002856 12
001226 4
000298 13
001786 14
000127 13
002758 15
001597 16
002028 17
002997 18
000682 19
000046 20
001437 11
002748 21
000302 5
002649 22
001608 19
000637 11
000548 18
001266 23
001271 24
000679 25
002613 26
002157 24
000706 24
001509 27
000111 28
002354 29
002178 30
002049 31
000283 32
001101 33
000561 34
000564 35
000578 36
001820 37
001951 38
001560 39
000300 40
001923 35
001066 41
002039 42
000535 43
002924 14
002766 22
002227 44
000274 44
000395 3
000193 17
000099 24
001202 45
002631 24
002246 23
001229 19
000541 45
002389 13
000042 46
000956 15
002329 22
002621 11
001136 34
001598 47
000206 17
002260 31
000004 48
000621 5
000536 3
002361 7
001491 17
000293 37
000928 49
002301 50
001661 47
000433 1
000749 51
000608 14
000614 47
000789 52
001989 2
000784 53
001793 54
002030 22
002472 55
000797 56
002186 14
001673 30
000714 57
002213 15
001966 58
000528 59
001637 1
000051 60
002816 55
000292 20
001431 21
000221 42
001824 30
002460 61
001552 30
002161 62
002546 15
002767 23
002964 15
001154 15
000814 6
001947 63
001590 64
002699 65
002673 66
002365 18
000005 67
000726 68
002456 69
001948 70
002681 71
000007 72
001105 73
001293 74
002710 75
001630 76
002849 18
000526 29
001927 63
000912 77
002097 78
001855 36
000774 3
000590 76
000903 79
002600 27
001968 80
002930 25
001684 6
002704 11
001847 34
002583 15
001662 57
000307 23
000517 46
001614 67
001587 17
003000 81
002572 82
000041 49
000367 16
001652 17
000589 83
000011 84
002687 85
001239 86
002337 87
002689 64
002342 59
002338 18
002657 55
001827 75
002947 63
001376 70
002797 88
001219 89
001127 30
001987 49
000322 26
002923 90
001407 26
001563 91
000397 11
001434 11
002146 92
002191 93
000772 63
001242 24
002739 92
002770 91
001146 17
001656 94
001754 61
000112 95
001698 96
002668 19
002535 59
002692 97
001525 35
000331 92
002697 98
000256 30
000158 24
000319 11
000631 99
002207 89
000315 63
001826 35
002960 55
001545 43
000855 14
002016 100
002398 92
000347 18
000599 101
000856 102
000443 18
002333 1
002001 103
002848 104
001534 42
000762 26
002012 3
002901 23
001358 28
001638 83
001078 18
001991 105
000966 106
002276 107
002195 42
000587 108
000066 70
000937 92
002485 59
000731 1
001235 56
001132 14
001472 6
002317 27
000757 109
002027 110
002250 111
002515 44
002256 61
002953 7
001594 15
001609 43
002052 112
000798 71
001269 49
001774 4
000249 96
000108 35
002419 18
002750 43
002129 11
001901 113
002891 114
002763 115
001505 17
002318 101
001393 116
000228 20
002602 117
002037 20
002684 118
000976 119
000886 18
002596 120
000225 121
000917 122
002183 123
002403 46
002625 124
001675 47
002238 125
002046 126
001527 49
002287 127
000488 128
002783 78
001733 96
001326 6
001768 0
002778 15
002035 10
002628 46
002804 94
002253 63
000559 122
001696 11
002426 50
001653 92
001454 123
002455 17
002677 68
001065 65
002616 39
001261 43
001992 101
000871 128
000231 114
000018 11
002552 129
001574 92
000955 52
001072 114
002527 98
000305 82
001702 92
000791 24
002610 96
001929 49
001256 30
002779 130
000665 46
000219 30
000188 14
002961 30
002990 66
002066 131
001932 18
001538 132
000601 17
002617 54
000930 45
002210 92
001166 77
002768 133
002357 28
000522 28
000304 86
002067 48
000758 17
002170 38
000261 115
002299 59
001952 134
002497 135
000368 136
002071 1
001643 46
001679 111
002189 76
000988 137
002427 18
001081 2
000910 83
001164 89
002033 138
001302 64
000383 14
001769 139
000611 112
001381 92
002281 112
002107 18
001172 140
002998 141
000082 142
000152 92
002429 66
000962 46
002785 95
000202 59
001306 143
000672 25
002023 144
000055 70
000439 18
002438 63
002391 92
001422 83
001537 111
000166 119
002502 83
001129 123
001005 138
002839 145
002029 92
000914 9
000482 96
000500 63
001797 77
000919 50
001903 96
001194 20
002962 6
002151 119
000162 47
002926 89
000813 31
001238 4
002733 95
001405 67
000076 146
001163 46
002075 31
002794 147
001488 18
002703 25
001398 56
002025 67
001777 47
002288 57
002983 67
001876 148
001834 96
001909 107
002705 103
000404 55
000232 55
001334 13
002332 11
001042 10
001448 149
002590 77
001914 124
000606 138
001249 17
002821 96
002445 140
001143 67
002441 150
002922 77
000204 47
000785 103
002373 127
000014 77
002208 151
002905 152
000676 47
002885 47
002603 78
000465 15
000775 14
001935 148
000496 67
000803 36
000170 133
002449 0
002169 101
000959 153
002965 1
000446 11
001457 18
002002 6
001423 19
000896 61
000429 84
002658 21
001735 106
000196 30
002556 15
000547 93
001828 68
002897 124
001585 153
001567 74
002549 18
002746 29
000088 154
000633 98
001959 15
000583 77
000257 101
001090 155
001814 55
001411 94
000048 11
001651 86
001530 156
001248 157
001503 36
000059 77
002731 20
002683 158
000073 42
001811 63
000474 114
002577 58
001382 0
000124 104
001217 67
000881 159
001336 18
002399 32
001148 30
001354 95
000336 160
001495 48
002230 161
001917 111
002486 18
000181 46
001451 63
002543 15
000617 162
000121 92
000109 75
002790 18
001962 11
001579 99
001704 48
000750 46
000684 115
001724 68
002545 135
000172 0
000103 14
002458 18
000773 66
002232 1
000416 163
000491 28
001165 34
001141 123
002769 18
001329 21
001378 146
001399 33
001612 78
001400 18
000830 1
001308 164
001352 63
001602 164
002728 95
000182 6
001681 32
001688 49
000178 78
000694 145
002400 78
002678 52
001012 70
001916 91
000286 114
000899 70
000894 19
002086 165
002913 144
001851 114
000701 14
001455 0
001404 55
001187 30
002235 30
001224 166
002096 59
002608 18
002083 14
001919 30
002175 39
002915 74
001142 103
002630 92
002966 1
002372 15
000276 85
001297 98
002171 30
001562 145
001843 32
001408 24
001645 157
001971 18
001593 14
001370 56
001323 98
001605 83
000867 66
000946 47
001300 77
000980 104
001856 167
000222 6
001994 168
000922 169
001433 77
001074 168
001895 34
002393 34
000138 170
002578 171
001364 124
002831 49
002504 77
001029 84
000603 20
002701 172
000837 30
001837 20
001001 18
001818 76
002100 20
002184 15
001040 148
000440 173
002496 92
000095 77
002743 84
002000 22
001179 104
000269 107
000033 77
000200 22
001489 30
000229 29
001139 30
001610 174
000303 138
001550 48
001938 142
002665 20
000135 173
002799 35
000809 88
000680 31
001957 116
000841 67
000481 96
002379 11
001708 63
002749 11
002544 107
000689 11
001604 175
000686 111
001436 96
000288 54
000703 164
000502 46
000120 97
000365 144
002435 55
000558 98
001317 46
000562 110
002143 167
001152 58
001556 176
001978 66
002599 55
002229 10
002280 177
002307 178
000667 35
002793 154
000725 17
000574 92
002806 24
001121 179
000234 85
000907 7
000342 25
001189 24
000083 32
002777 46
000189 78
001672 1
000550 19
000805 67
002397 78
002553 89
002203 117
002792 97
000544 68
000478 180
002304 93
000817 14
002753 117
000398 92
000935 1
000655 25
002269 35
000708 178
001010 20
002018 18
000251 181
000974 77
001225 101
000786 157
000281 49
002857 161
001478 119
002974 18
000792 59
002346 95
000778 47
000675 179
001790 46
001218 77
000938 115
000430 144
001013 182
001654 86
001711 18
000556 70
000187 117
000167 59
000995 34
001237 75
000477 137
001027 52
001761 29
001808 114
000057 142
000209 31
002511 58
002380 124
002506 91
001498 58
000426 179
002645 135
001559 63
000242 104
002757 24
001570 144
000570 29
001267 14
002194 166
002247 33
002048 68
002881 43
002532 96
001174 46
002283 25
001557 59
001178 14
002619 14
002654 93
001930 179
000651 50
002634 183
001518 117
001017 138
001501 14
001460 39
001231 68
000560 22
001409 29
001974 67
000738 14
002564 83
001745 176
001295 78
000826 145
000624 157
000220 58
000258 34
001282 28
002775 104
000926 110
000217 3
000511 88
002367 77
001588 184
000593 185
000493 174
000332 20
002829 186
002216 104
000415 29
002132 187
001045 188
001908 189
000645 31
001823 190
001039 83
001508 136
002271 17
000639 39
000944 18
002615 56
002585 98
000195 18
000575 104
002362 78
000818 191
000958 91
002765 23
002711 135
000897 0
002772 192
000840 65
001396 32
001862 67
000636 63
000721 179
000255 14
002118 168
002005 63
001731 123
000192 19
001773 55
001484 49
002989 49
001206 75
001819 87
002951 128
002862 96
001504 95
001420 11
000453 46
001418 52
000197 38
002918 163
002457 96
000534 179
000878 18
001037 193
000460 179
000487 106
001892 24
000681 123
002453 95
000419 86
001350 30
000877 92
001650 68
001900 136
002330 184
001709 28
002105 68
000454 28
001414 49
002876 89
000580 59
000125 17
001898 143
000339 13
001416 194
002858 46
000090 68
000447 166
002106 89
001893 49
001150 163
001925 27
001848 186
001918 13
000997 39
000734 114
000628 142
002609 68
002512 28
001939 27
001240 185
000330 19
001428 1
001469 195
002388 14
001578 14
002626 68
000545 92
002693 47
002614 27
000369 104
002642 70
002802 11
001222 27
002396 83
002991 196
000994 68
000458 112
002402 63
001337 136
001443 32
000737 164
001564 47
002601 28
002061 128
002986 24
000736 123
001442 95
000933 136
001021 130
001993 1
000661 197
001033 163
000423 99
002450 117
002805 78
001061 198
001044 142
000289 185
000471 164
002326 63
002174 99
001088 195
001907 14
001912 2
002877 11
000227 26
000761 18
000577 112
000092 0
000515 196
002364 63
000271 91
000518 199
002384 61
002202 76
001046 66
002718 64
002836 46
002914 128
000960 200
001388 201
002482 77
000769 18
002371 18
002520 179
001860 82
001228 202
000985 18
001813 1
001402 1
002295 124
002871 203
000847 204
001961 154
002900 123
001160 64
001806 104
000469 59
002940 20
000969 91
001197 138
001792 92
001967 6
000341 67
002298 22
002315 136
000900 11
001069 6
001186 0
001343 70
001576 0
000693 205
000588 92
002254 83
000131 154
002423 14
001397 0
000554 76
002323 3
000656 77
000445 114
002650 49
001483 206
000094 68
001157 167
000768 40
001386 150
002937 96
000134 136
002931 35
001051 58
001721 95
002854 15
001566 24
000859 28
000552 1
001543 3
002376 93
002302 14
001490 172
000609 27
000349 207
002297 21
001700 92
001622 43
000613 92
002488 94
001833 14
001717 96
000710 85
000573 130
002869 179
000744 46
000704 18
000925 30
000183 76
002788 54
000243 29
002807 46
000371 208
002076 77
000441 153
000654 144
002709 68
000709 209
001383 23
000024 35
002141 61
001118 15
000934 18
000858 109
001227 47
000509 210
001003 59
002274 92
002723 12
002300 175
002470 18
002909 63
002999 110
002392 30
002131 67
001782 46
002009 77
002032 155
000765 3
001669 55
000486 1
000237 123
001211 39
002349 176
001071 98
000713 179
002461 196
000646 18
002932 174
002906 29
001458 163
001692 211
000616 104
000671 212
002671 75
002791 24
002185 33
000901 20
002789 68
000986 9
002110 83
001392 95
002969 28
000207 213
002313 113
000031 44
000259 164
001265 18
000174 1
001283 104
001292 83
000860 18
001170 163
001618 147
000444 63
002698 95
000808 59
001180 214
001016 3
002774 68
000494 36
001195 95
001931 166
001857 46
002410 93
001467 215
001216 42
001309 101
000973 157
001766 113
000442 46
001659 4
001444 18
000690 2
000764 23
001272 216
002522 34
002444 217
001133 25
000017 193
001232 44
001439 18
001660 101
002069 173
001247 86
001906 14
002257 218
002934 187
001115 63
000615 25
002125 64
000422 47
001788 63
000918 15
000586 142
001144 127
002663 96
002745 35
000077 64
000191 27
001234 29
002165 219
002007 6
001345 86
002167 59
001549 34
000002 55
000640 30
000376 86
001697 136
002479 67
001936 24
002478 59
000746 30
002666 3
000643 155
000190 121
002109 173
002309 191
000012 136
000354 83
002622 11
002529 220
001360 1
000201 221
001611 222
001686 17
002667 47
000448 223
002014 17
001934 46
001514 200
001988 199
000882 224
001190 15
001059 225
001762 226
002980 33
000116 68
001385 26
001926 141
001867 208
000407 58
002995 104
001366 24
001028 67
002840 20
002102 46
001945 133
001502 185
002889 29
001625 213
002464 47
002316 68
001933 2
000326 50
000941 104
001298 227
002643 25
001095 59
002471 228
001805 46
000853 77
001920 179
001103 58
000779 35
001130 54
002725 14
002569 34
002089 196
000141 63
002239 229
001749 178
000390 166
000821 92
002612 230
000698 230
002846 34
001209 70
000485 119
001137 121
001736 46
002036 90
001331 14
002985 76
002439 14
002344 115
001606 104
000025 135
001356 19
000102 6
000629 231
001730 116
000993 14
002719 167
002407 46
000009 14
001067 119
000364 101
002887 35
001014 117
000401 104
002197 112
002865 52
002054 77
000039 35
002112 128
000865 76
000346 68
002115 105
000386 232
002868 96
000788 59
000208 45
001054 182
002101 181
001737 119
001335 9
000049 70
002019 43
000670 14
001689 233
002623 196
001829 63
002164 63
000294 83
002707 151
000895 217
002513 163
002103 18
000984 23
001113 136
000632 2
001547 82
000213 18
002063 46
001781 99
002459 27
002214 208
001676 3
001476 35
002160 234
001832 90
001809 63
001924 16
000224 34
002641 82
000524 180
000230 46
002124 153
002159 196
002744 131
002781 1
001714 78
002251 164
000584 34
002547 92
001124 68
000829 59
002038 30
002010 14
002982 29
000822 97
001250 139
001205 185
001779 127
001727 66
000399 235
002140 45
002782 42
000892 1
000748 15
001464 34
001897 176
000038 185
002912 18
001510 91
001849 155
002237 18
001649 32
002566 49
000373 29
001162 236
002311 30
002700 2
001738 18
002065 23
002385 18
001288 59
001092 163
001147 61
000295 95
001743 43
000978 52
000260 139
000159 44
001153 24
000971 92
002796 151
002662 11
001671 63
000846 166
002286 155
002819 34
001540 18
002116 2
002837 176
002079 237
002044 14
002163 238
000514 34
000068 239
000538 20
001706 189
001852 59
002917 240
000310 241
000801 153
002508 232
002911 35
001084 68
002533 19
000126 242
000069 243
001535 39
001245 65
001760 234
000150 52
001755 15
002180 198
002646 50
001387 58
001864 77
000921 166
002780 39
002431 244
000437 76
002218 47
002568 245
000852 32
000673 246
000061 13
002853 126
000265 2
002713 46
001324 98
000457 142
000597 59
002047 56
000983 2
002716 36
000210 229
001767 247
002929 17
000203 104
000348 83
001871 97
001785 130
001085 6
002352 248
001110 77
000702 249
001541 33
001838 197
000635 89
001449 56
000835 32
001674 34
000268 144
001858 250
002494 2
002147 11
002640 20
000810 29
001123 128
001646 197
002861 28
001207 251
002156 107
000982 36
001035 92
002558 20
001771 59
000052 115
000306 252
001647 110
001555 63
001954 83
001038 174
000727 18
000370 214
002648 27
001221 157
002413 14
001363 93
000105 77
001678 208
001286 58
002452 46
001720 136
001728 60
000576 110
001497 217
001996 229
001995 83
002127 34
002375 47
001580 119
001355 104
001685 103
001094 54
001874 77
001158 46
001403 59
001109 7
002987 179
001726 253
001116 53
000436 58
001815 48
001499 158
002353 208
002467 176
002495 252
001036 175
000211 254
000054 241
000780 17
002587 52
000387 92
002422 255
002992 59
000147 7
000499 176
000620 168
000996 135
001795 144
001861 52
000794 196
000510 117
002137 42
001854 130
000168 85
001883 99
001607 181
001866 24
002655 20
001453 18
001759 256
002882 142
000759 240
002114 5
002727 60
002057 101
002952 14
002498 76
000662 142
002561 166
002605 207
002152 103
002686 60
001294 14
000663 257
002523 208
000530 163
001273 77
001946 258
000060 142
000949 136
001648 259
001682 6
000282 18
001184 157
002988 68
002606 27
002244 24
002205 24
001536 223
002176 19
002825 92
002822 104
001327 99
001571 112
002484 46
000854 219
001904 128
001277 198
001284 123
000519 260
001526 227
000806 14
002680 107
002637 55
000711 77
001722 157
000050 217
000644 21
001007 67
000802 261
002133 217
002055 166
001311 44
001791 92
000850 190
000425 104
000417 77
000001 262
001482 128
001410 99
002773 263
001830 0
001270 11
000177 136
002404 208
001565 135
000513 34
000537 96
001287 164
000920 30
001463 0
000362 65
002243 0
001140 117
001655 167
001658 176
000337 27
000767 185
001349 225
000435 150
001863 50
001055 264
001533 114
002660 196
002720 181
002759 142
000408 95
001263 265
002541 242
002872 93
002898 266
001318 236
001330 163
002437 57
000381 12
001553 267
002113 104
002580 92
001956 54
002358 15
000579 268
000479 7
001748 24
002308 269
001783 70
002040 270
000420 35
000626 104
000040 157
001168 130
001481 47
002448 0
001060 191
000081 271
000947 20
000074 4
001126 135
000557 19
002041 272
002795 14
001253 145
001725 7
001632 43
001589 212
001596 14
002291 167
000542 24
001462 253
000508 63
001182 18
002462 273
000489 239
001125 47
002242 0
001542 67
000389 253
000218 234
001018 243
001246 266
002855 92
001629 21
001291 179
000463 3
002518 77
002473 253
000862 104
000527 13
002351 53
001963 104
000284 208
002306 208
001471 64
001087 212
000873 274
000591 60
002382 90
001577 6
000065 107
001083 39
002551 46
001280 163
000605 23
002737 24
000730 21
002006 20
000353 143
000954 136
001401 61
002627 42
002182 163
001922 68
001380 168
002714 210
000035 117
002776 24
001406 77
002240 209
002386 122
000020 24
000623 153
002592 104
002099 55
002355 67
002314 136
001275 27
001784 56
001082 195
000164 167
001703 30
001177 43
002814 46
000199 64
001233 14
002928 134
001516 77
001882 111
000409 157
000143 275
000023 167
000205 56
001213 260
001365 185
001006 148
000642 164
001699 136
002688 182
001344 83
000385 94
000889 157
002729 92
001086 54
000173 85
000532 44
002812 163
001340 166
001106 167
000400 30
002735 276
000641 85
002880 15
000720 57
000391 133
000936 234
002363 55
000139 64
001149 18
000787 107
001586 65
001119 97
002874 144
002845 124
002374 92
002434 92
001374 208
002490 18
000953 32
002638 68
001196 183
002574 24
002436 11
001575 104
002669 52
002754 13
001290 25
000129 277
002425 139
002867 3
001332 278
000161 32
000932 14
001389 279
002888 3
002085 253
001853 23
002335 181
001379 254
000421 196
002405 280
002480 98
000287 157
002432 17
001865 75
001041 281
000133 194
002787 234
001894 224
002565 213
001080 195
002994 77
002111 169
002390 28
000136 139
001214 76
002895 67
002721 208
000212 35
002296 282
002139 54
000275 17
002050 97
000089 47
000751 67
002293 182
000299 56
002950 61
000568 39
001627 55
000262 275
001729 42
002724 18
000316 14
002130 47
000104 14
001615 18
002024 124
001070 9
002584 14
000927 117
002369 283
002454 19
000366 30
002588 139
000529 95
000045 85
000309 115
001506 107
001551 3
000449 167
001375 93
000572 13
001135 106
001204 191
002263 284
001173 32
001319 115
000600 18
002148 271
001960 163
000834 54
000942 180
000063 179
001683 221
000987 154
002134 15
000333 33
002633 20
002264 47
001896 252
002236 39
001167 23
000630 1
001885 98
002539 77
002136 104
002708 91
002272 188
002415 14
000824 196
001223 19
002348 136
000461 144
001859 17
000160 92
000740 35
000008 201
002162 17
000372 20
002696 0
002080 34
000084 86
001873 230
002417 59
002907 155
001507 95
002817 24
000428 119
000290 33
002695 68
001554 59
000240 64
001944 15
001198 24
000770 260
001624 144
000402 27
001664 18
000155 63
000619 20
002571 145
001091 70
000296 77
000431 166
000280 39
002020 262
000582 154
002815 17
002933 246
002331 122
002595 30
002068 285
000719 35
001657 208
000723 167
002920 18
000596 60
000970 0
001600 19
000699 47
000977 286
001104 19
002717 11
001339 287
001817 104
000951 175
001212 34
001429 24
001670 288
000427 212
002908 34
000176 142
000080 20
000594 63
001348 33
001515 234
001546 163
002847 14
002150 67
000492 234
000989 19
001447 190
001975 175
000755 1
000825 86
000495 133
000800 34
001002 45
001626 107
000848 289
002060 14
002074 161
001468 252
001965 44
000888 92
002828 178
001712 234
002859 98
001789 112
002321 39
001079 3
002925 65
001886 272
001371 67
000140 189
002158 271
002285 230
001665 217
000410 11
000013 208
002199 29
000405 122
002740 20
001098 110
001220 181
002967 18
000793 262
002292 46
001842 201
000952 208
001910 68
001210 77
002893 164
000975 148
000475 70
001942 11
000216 175
002824 234
000501 110
002756 181
002064 136
000472 110
001584 107
002732 20
001635 1
000539 234
001979 97
001131 148
002492 229
000991 181
001305 18
002943 14
001009 97
002894 33
000875 270
000497 24
000312 285
000132 49
000252 234
001315 24
001519 144
001048 35
002168 175
000137 217
001752 19
000648 175
000595 175
002559 145
002339 290
000585 140
000811 30
001803 6
002412 234
002090 28
000279 104
000360 47
000030 134
002341 36
002122 128
002463 59
001732 291
001427 70
001264 236
000351 70
001430 292
002119 27
002483 32
002108 85
002098 63
000028 253
001878 11
000148 14
000660 30
002509 82
000022 34
000571 144
002017 46
000047 293
000752 234
000650 166
001887 208
002826 21
000869 36
002842 229
000891 145
001321 285
002356 1
001052 15
002381 10
000828 107
001022 286
002166 95
002598 18
002830 63
001663 6
000034 166
001844 59
001512 294
001417 17
002860 92
002209 97
001058 295
001520 66
000598 77
001011 231
000861 95
001642 7
000010 144
000091 7
001075 92
001985 30
000790 95
000263 215
000712 18
002305 14
002094 296
002864 35
000149 138
002653 297
001244 1
001415 298
002741 1
000079 125
002530 0
002212 9
002652 175
002892 176
000998 14
000036 76
002120 107
001413 7
000235 181
000350 92
000324 234
000003 12
001031 166
002368 181
002959 23
001756 34
002903 172
001477 15
001274 136
000816 20
001049 234
001241 138
001419 67
000939 180
000396 229
000782 299
002011 92
000863 300
001816 1
002430 301
002996 40
000504 180
002475 179
002639 179
000384 275
001750 285
000311 110
001619 74
002241 98
002031 15
001941 117
000905 110
000521 302
002153 53
001778 20
001691 85
001780 18
002350 207
001230 148
000760 55
001812 128
002674 267
001368 175
001734 97
000664 181
002607 166
002916 64
000743 303
002226 63
002808 46
002501 299
001513 214
000027 54
002586 121
001015 92
000967 36
001601 24
001973 24
000683 176
002579 7
000864 175
000992 18
000915 103
002084 302
002521 304
000186 166
001765 34
000923 63
000075 63
002224 305
002810 163
002752 306
000741 36
002334 94
002582 86
001744 241
000820 234
002192 307
001117 138
001710 24
000157 164
000832 128
001359 6
002528 105
000503 1
002611 82
002870 24
002984 144
002045 74
001981 76
002378 129
001057 14
001347 15
002958 47
000356 76
002360 13
002820 77
000724 53
001977 89
000245 33
001299 18
002722 117
000393 14
001747 308
002624 234
000086 15
000747 133
001181 67
002228 92
001316 14
002091 107
001102 92
000913 234
000963 28
000555 208
002347 301
002863 153
002834 1
000107 6
002008 201
000438 18
001801 168
000171 179
002656 106
001986 133
001372 94
002123 32
001677 124
001159 271
001128 15
002058 155
002370 18
002059 136
000827 18
002416 309
000285 86
002712 19
002726 136
002899 85
002591 208
001441 78
002188 34
002319 47
002570 208
002004 93
001251 12
001955 117
002154 308
001257 85
000056 95
000483 97
000044 310
001822 175
001544 311
000321 18
001342 312
002135 70
002971 288
001438 176
000238 21
001798 266
001810 313
001004 314
002803 315
002514 215
002290 30
001200 203
000301 308
000943 63
002265 106
001260 45
002294 15
000464 74
000006 50
000842 157
001869 180
000327 42
002282 180
002576 35
001465 316
000893 241
002062 95
000695 317
000388 207
000604 318
000843 28
000323 175
001868 101
002879 59
002275 241
002531 319
002468 97
002946 158
001281 104
000831 57
001905 99
000456 34
000308 84
002121 70
002051 181
001303 320
000329 312
002977 145
001705 32
001719 217
000480 14
002919 158
002510 167
000118 31
001972 175
001558 81
002734 6
001030 3
000467 63
002440 18
002249 144
002594 18
001970 144
001199 175
001357 175
001902 163
001976 321
000777 253
000569 9
001787 25
002636 59
002277 225
002941 63
001093 18
001258 110
001999 322
000085 104
001666 212
002685 253
000756 58
002144 323
002200 214
000512 175
002902 145
000732 252
002221 324
002320 11
000531 304
002345 325
000766 18
001480 326
002003 53
001362 234
002491 112
000375 213
001634 75
002784 179
001185 47
001715 124
002536 175
002081 234
001794 95
000239 145
000128 99
000355 20
000165 144
001511 175
002875 1
001320 10
002477 15
000473 33
001998 262
002481 230
002043 180
002408 195
002138 92
002411 18
000098 327
001840 20
001024 328
002015 329
002948 59
000450 30
000551 82
002694 330
000277 136
002267 92
000179 1
000434 277
001341 77
002852 91
001592 107
001644 180
001517 11
000742 59
000868 73
001770 19
000484 195
002022 272
002938 234
002324 331
002359 85
000781 121
000549 332
001964 49
002833 24
000783 172
001890 7
001008 99
002394 93
000674 333
002204 55
000687 35
000876 52
000459 61
001990 142
001911 112
001268 23
000753 253
000122 195
000700 334
002811 335
001445 336
001949 144
002233 0
002087 217
000032 30
002155 167
001751 3
002072 14
000070 70
002838 95
002647 175
001120 175
002813 145
001191 31
001532 18
002851 13
001243 32
000266 35
002421 116
001459 107
001913 136
000505 332
002325 163
000340 135
002604 14
002620 267
002234 337
000799 179
000931 54
002540 18
000745 305
000979 2
002424 175
000062 338
001776 21
001603 59
002927 153
002955 230
000142 3
002786 266
001568 119
000194 93
000647 76
002082 339
000361 15
002747 203
000058 1
000359 214
002672 320
001569 95
002117 320
002340 340
002095 20
000924 15
002042 19
000278 27
002201 166
002944 49
002273 169
000382 18
002193 300
001452 2
001391 105
001025 230
002442 53
001953 9
000067 121
001056 242
001740 142
002077 220
002343 64
000114 302
000246 144
001440 341
001023 28
000981 138
000412 180
002262 179
001063 12
000117 142
002890 139
002690 163
000248 175
000666 204
002651 133
000093 3
000115 145
001377 320
002303 163
000119 179
001982 17
002181 77
000163 18
000264 178
002978 4
001314 193
000247 19
002428 191
000776 96
000553 77
001114 308
002474 14
000581 33
000845 67
001461 114
002476 18
000652 136
001171 291
002942 104
002936 175
001369 14
000898 95
002921 266
000677 92
000015 63
000968 77
001107 191
000241 112
001255 320
002322 46
001937 47
000685 179
000169 165
001640 97
001134 18
002420 123
001879 212
001716 234
000272 104
001474 208
001254 23
001548 121
000215 157
002597 312
000345 208
000839 39
001616 63
002196 51
001836 19
000796 39
000413 166
001713 107
000343 118
000948 93
002222 175
001758 292
000378 70
001492 292
000739 1
002542 63
000053 294
000019 285
001310 3
002270 342
002451 15
000999 15
001390 67
000096 89
001500 18
002310 24
002555 343
000180 63
001599 124
000717 63
000185 46
000468 221
000904 175
002702 85
000072 33
002573 99
001899 104
002554 203
002395 170
002516 181
001208 70
002078 136
002866 110
001064 92
001529 28
002206 119
000659 32
002818 1
001839 234
002443 111
001077 90
000455 34
001384 11
002383 220
000403 27
000990 1
001446 344
001473 252
000678 345
001617 14
001252 164
001984 97
000823 66
000964 175
000836 24
001034 35
000175 178
000940 104
000692 68
000335 14
000874 92
002827 200
002056 346
000198 139
000297 47
002832 6
001531 204
001746 70
000123 103
000379 67
002581 10
002211 18
002173 99
002053 59
000916 347
001872 65
002742 117
000612 36
001772 52
002336 0
000957 175
001633 18
001888 15
002993 3
002661 14
000909 95
000507 49
000357 34
001424 148
002873 291
002401 84
001155 14
001723 341
002682 77
000668 234
000887 77
001285 66
000334 106
000154 67
001421 182
002550 166
001841 136
000722 136
000374 115
000313 271
001850 99
001623 52
000043 54
000972 2
002972 24
000523 73
000418 30
000763 123
000658 185
000705 12
000733 39
002499 217
002751 59
000945 13
002217 92
002801 15
002409 142
001807 157
001019 142
001470 26
000908 70
001694 119
000273 103
001494 10
000520 39
000815 234
000819 3
000735 253
001523 63
001639 18
002910 93
001701 7
001122 66
002177 85
001915 90
001884 342
002593 253
000380 14
002252 18
000344 166
002149 84
002145 15
002567 122
001943 163
001804 34
002823 154
002537 18
001262 3
002013 180
001425 117
001595 10
000233 132
000795 15
001707 30
002904 348
001821 135
002563 7
002406 93
002560 24
000113 157
001000 103
002266 166
001583 14
002548 76
002970 179
000226 63
001043 260
001193 260
001450 52
002446 349
001764 20
001667 95
002589 142
002377 350
000849 15
000622 217
002142 64
000214 34
000771 185
000338 181
000804 308
002261 15
001183 18
001169 175
000037 6
000106 324
000363 10
000851 132
001741 137
002414 46
000857 63
001466 175
000566 18
000250 63
002525 231
001475 223
002503 145
000318 145
001201 208
001108 166
002279 131
000653 128
000071 215
001668 92
002659 64
001175 204
001089 123
002957 15
000411 209
002883 123
002387 351
001026 63
002092 14
000540 115
000602 352
001333 14
002843 107
001435 157
002220 36
002466 76
002762 122
000838 131
002736 271
001628 153
000807 47
000883 111
001485 98
000638 353
000424 354
000728 131
001997 0
000377 30
000525 131
002487 128
002524 145
000151 95
001581 14
001950 164
001775 270
000627 355
002850 347
001846 1
000144 74
000718 220
002575 144
002632 1
000567 56
001881 212
002489 120
001156 131
002223 110
001432 3
002760 58
002172 167
002187 214
000880 198
001076 236
000625 164
002935 1
002976 45
001367 220
002231 167
000618 49
001325 15
001983 104
000691 356
002835 234
002289 110
001690 234
001351 103
002844 23
002507 107
002730 11
001831 66
001687 1
001693 107
000466 253
001188 73
001192 19
000146 163
002255 97
000325 26
002706 67
001763 209
000707 106
000715 135
001835 266
002884 246
001112 19
002128 86
000902 77
000688 208
002215 123
001631 357
002278 175
002500 67
001940 358
001825 67
000101 74
000291 359
002493 66
000879 117
001456 246
000392 272
000087 60
002284 179
002715 260
001276 175
001524 9
000476 10
001695 167
001296 98
002093 194
001138 55
002073 253
001236 207
000833 64
000592 106
002979 144
001621 175
001636 175
000110 242
001161 104
000223 25
001053 175
001312 13
002771 34
002104 68
002981 217
000254 323
001073 9
001620 340
001493 349
002691 234
000546 20
002526 232
000950 138
001572 175
000844 44
000064 113
000414 59
002433 35
000885 60
000452 47
001259 134
000657 75
001880 18
001582 2
001487 131
001486 95
001328 181
002418 181
002738 33
002268 231
000078 124
002070 145
002809 179
000870 104
002469 123
002248 14
000451 66
001020 360
001561 313
001980 68
000697 15
001742 300
000812 349
002973 152
000911 169
001522 44
001050 163
000506 248
000406 361
002366 198
000184 56
001877 260
001718 198
000610 203
002675 58
002034 18
002534 110
002327 271
001969 114
002679 104
000021 0
002219 28
001426 124
001591 18
002225 98
000328 299
002755 238
002519 362
001875 114
002538 104
002975 163
000267 363
001891 222
002664 117
001757 185
002179 223
000866 47
002945 315
002886 54
000490 166
000607 30
002465 364
001739 115
000153 15
000890 63
002939 181
002328 33
000270 144
000097 50
002259 52
002618 119
000965 3
001800 77
000872 217
001573 175
000533 172
001068 365
001100 220
002761 77
002126 1
002312 44
000716 174
002198 15
002949 104
001539 117
002954 63
000470 23
000565 131
001799 68
000462 0
001278 124
001796 266
001870 175
001394 201
001346 131
000696 34
001176 14
001753 347
000929 217
001215 31
002635 308
001373 366
000244 49
002800 266
001680 263
001313 32
000649 14
002644 285
000314 181
000156 35
001304 367
001151 117
001802 368
001047 253
001641 63
001307 90
001928 14
001496 347
000026 145
002245 66
000016 107
001322 26
000884 65
002670 3
001361 1
001845 104
001613 299
000498 234
002841 347
000516 95
002968 67
001479 181
001412 14
001096 369
000543 54
002505 19
000634 15
000432 123
002676 167
000729 32
001289 123
002258 20
000317 1
001921 338
002562 47
001338 64
002878 114
000320 370
001032 92
002026 142
002190 48
001111 214
001889 163
001528 371
000754 27
002629 39
000563 14
002447 312
000669 372
000253 14
002956 55
002517 272
002963 44
000358 191
001279 272
001301 349
001203 347
002557 95
002798 338
000130 358
000145 35
000961 373
002896 300
002764 15
000906 3
001097 64
000236 89
001062 144
