0 15.659416437149048
001292 0
000596 1
000237 2
002825 3
001291 4
001400 5
002517 6
000672 7
000333 8
002888 9
001436 7
002500 10
001396 11
001029 12
002146 3
000231 13
001802 14
002711 15
000143 16
002040 17
002945 18
002403 12
002492 19
001764 20
000982 21
001012 22
002698 23
001081 24
000172 25
000558 26
001227 27
002592 5
000339 28
002855 3
002320 29
001158 12
000650 30
000314 7
002732 20
002383 31
000550 32
001191 33
000632 24
000153 34
002129 35
000111 36
002938 5
002894 8
000730 37
001597 38
001872 39
002399 11
001103 40
001468 3
001410 41
002460 42
000108 43
000481 7
002902 0
001078 5
001564 27
001480 44
002019 45
002043 2
002672 46
001216 46
001369 30
001406 7
002617 47
001140 48
000528 49
002033 49
000266 43
002131 10
002300 7
002431 50
002695 10
002992 49
001853 3
000348 0
001487 3
000832 51
000241 52
002692 53
000356 31
000905 54
000521 20
001137 55
001734 53
001573 7
002110 0
002235 56
001738 35
001620 57
002703 7
002706 10
001051 40
000064 58
002954 59
000737 18
000867 60
002633 20
000577 52
002665 20
001849 61
001177 45
001314 62
000994 10
002137 46
000271 63
000369 5
000099 64
000597 49
002537 35
000016 65
001115 59
001882 64
002122 66
001333 30
000291 67
000789 68
002873 46
001888 34
001212 58
002002 9
001569 23
002115 69
000957 7
001108 30
000557 32
001753 12
002511 40
002494 24
000489 70
001326 9
001615 35
001428 71
001448 72
002531 73
000144 74
000524 2
001026 59
000530 75
001112 32
002737 64
000219 56
000612 21
002823 76
000740 43
000858 77
002374 3
001129 2
000123 78
001807 79
002375 27
001515 5
001203 12
002417 49
000281 19
001294 46
002748 4
002754 28
001873 25
002483 11
000600 35
000817 46
001557 49
002310 64
000782 80
002813 0
000717 59
001798 20
002578 81
001679 64
002486 5
002485 49
000113 79
000158 82
000495 83
002865 68
000682 32
000260 13
001249 7
002871 84
001805 20
001720 85
001988 86
002117 21
002401 12
002866 54
001090 61
002675 40
001355 5
000929 87
001195 23
002387 88
000028 7
002629 89
002721 90
001463 25
002133 87
000825 29
001276 7
000628 38
000069 91
001993 71
001013 92
002606 80
000516 23
001981 31
002204 48
001486 23
000102 9
001390 10
001495 93
002183 2
002101 93
001306 94
000500 59
000080 20
001736 12
000766 35
001654 29
002526 95
002333 71
002324 96
002767 3
002513 75
001509 80
002539 77
000342 97
001443 11
001577 9
002747 84
002845 98
001073 99
001688 19
002830 59
001847 58
000159 100
000055 22
002831 19
000063 4
000313 0
000959 101
000205 15
000132 19
002536 7
001984 53
002326 59
000337 80
000085 5
002465 102
000242 35
000791 64
001394 103
002026 38
001425 48
001467 104
001497 87
000077 105
002851 28
000094 10
001709 36
002708 63
000138 106
000843 36
002872 76
002412 5
002789 10
001821 107
001490 108
001345 29
002739 3
001062 109
001488 5
001860 110
001891 108
002013 103
000759 111
001149 35
001578 46
002712 32
000073 21
000228 112
002440 35
001493 54
002488 113
001007 114
000809 115
002506 63
001940 36
000130 36
000983 24
001102 3
000664 93
002505 32
001057 46
002305 46
001354 23
000222 9
002149 116
000693 117
002162 7
001461 118
000586 38
002937 7
000956 34
002838 23
000745 3
000733 89
000476 90
002870 64
000735 97
000005 114
000962 12
000660 119
002138 3
000070 22
001836 32
000921 30
002145 34
002859 26
001933 24
002094 120
002005 59
002263 121
000049 22
000254 102
000503 71
002849 122
000083 11
000734 118
002595 56
000061 28
000024 43
001634 43
000506 59
000522 36
000827 122
000970 25
002329 87
000924 34
001269 19
002781 71
002875 71
001600 32
001464 58
002551 12
002192 70
002489 123
001731 2
000585 124
001248 79
002166 23
002372 34
000477 38
002274 3
000799 4
000318 0
000469 49
000402 80
002946 125
001175 126
000104 46
000512 7
002575 109
001687 71
000997 89
001774 20
001482 51
001347 34
001592 127
001689 128
000620 129
002393 58
000185 12
000457 38
001831 130
002613 131
002582 29
001160 105
002051 93
000945 28
002939 93
001266 3
000103 46
000468 132
002278 77
001607 93
001322 25
001781 41
000131 76
002063 12
000828 65
001496 133
000587 134
001806 5
001627 48
002784 4
001692 135
000531 136
000264 137
002456 138
000777 97
001867 114
000141 59
000552 71
001730 139
001717 58
002191 76
001746 22
000787 65
002993 9
000763 2
000473 8
001920 4
001284 2
002410 76
001662 140
001004 141
002262 4
001209 22
000653 51
001614 114
001710 64
000785 78
002929 93
002815 97
000995 58
002025 10
000898 23
001647 54
000581 8
001551 9
002281 45
001819 142
002344 21
002953 69
001349 143
001776 37
002630 3
001941 48
000538 112
002436 116
000096 144
002959 3
000464 74
002014 93
001382 25
001156 3
000220 40
001747 68
002585 26
002546 34
000770 145
002907 61
001828 114
001727 130
002168 7
000329 146
002366 126
002037 112
000112 23
002529 31
000967 21
000432 2
002288 140
000149 136
000908 22
000261 21
000376 29
002520 4
000019 147
002969 36
002988 10
002663 7
001998 56
000274 100
002626 10
001128 34
001642 69
002139 47
001432 9
001237 43
002066 3
002125 105
001883 41
000269 148
001939 80
001650 10
001611 149
002962 9
001117 49
002000 139
001079 9
000364 150
002064 85
001711 35
000034 30
001726 57
002173 41
001537 64
001659 78
001305 35
001698 7
001735 151
001417 87
000279 122
001795 109
000935 71
001572 97
000363 90
001961 76
002568 152
001440 153
001424 112
002847 46
002395 106
002099 48
001565 107
000708 137
000386 95
002229 90
002024 98
002175 89
002400 90
002328 8
002075 33
000987 111
001678 90
000659 11
001568 45
000856 154
002118 129
001991 155
002213 34
002893 102
000527 28
001956 47
002077 31
001750 147
001596 46
002837 156
001904 51
000287 54
001835 12
000268 109
001874 77
002793 76
002425 13
001506 132
001788 73
000644 37
000647 31
002319 27
002342 49
002577 40
002165 157
002614 80
002768 83
001996 19
001919 56
000210 19
001264 158
002930 159
001331 46
000622 87
001265 35
002086 160
002116 24
000564 43
001966 40
000200 87
001437 35
000015 59
000209 33
002726 85
000834 47
001098 54
002337 142
000692 10
000684 21
002477 34
001119 53
000582 76
001721 23
002525 161
000120 53
002176 32
002227 100
001606 122
000295 23
002258 112
002985 31
002237 35
001449 15
001190 34
000009 46
000311 54
002370 35
001165 58
000478 162
001729 163
001066 164
002382 165
000505 166
002141 42
000355 12
001256 56
000038 151
001704 93
002790 122
002593 97
001748 64
001749 137
001258 54
002574 64
001146 75
002819 58
000941 122
002915 74
000640 56
001093 122
001070 99
001126 107
000656 7
002690 75
002354 3
000419 29
001231 114
001143 114
001172 124
002474 46
002224 163
002664 48
002089 59
002228 163
002661 46
002481 25
001719 87
000203 122
002679 122
000811 56
002981 87
002480 26
002631 82
000370 132
000195 35
002610 7
000502 12
001584 65
002484 12
000887 7
001768 25
002688 92
002702 167
000298 28
002058 61
002246 163
001107 36
002919 125
002041 6
002874 109
002475 4
000233 168
000930 169
002918 75
001147 42
002275 112
002567 25
002913 109
002579 69
001167 3
001978 130
002047 15
000643 61
002038 56
002911 43
002885 27
000736 170
000685 4
001591 35
001295 90
001715 98
001670 169
002004 171
002955 25
000808 49
001626 65
000991 93
000985 35
002668 32
000361 34
000330 32
001778 172
001476 121
000598 7
001700 163
002608 35
002496 3
001635 71
002549 5
002603 90
001042 90
002968 114
000109 43
002010 46
001544 110
001416 173
001232 100
000128 41
002434 163
002186 46
001552 56
001395 24
000616 5
002418 93
000661 174
000365 109
000965 9
000701 46
002416 174
002509 175
001368 7
000591 1
000504 170
000623 101
001325 34
002844 163
000157 102
002773 39
002749 116
002979 109
001005 49
000840 39
001399 8
001527 19
001420 116
002612 176
002912 35
000007 177
000869 21
002119 80
002109 178
000602 179
001289 162
002042 32
000595 7
001323 26
002571 0
002398 163
000892 71
000835 11
002364 59
000837 56
000739 71
001562 0
002462 180
002082 181
002081 5
001862 114
000774 9
002744 3
001096 153
000630 71
001559 59
001315 82
000216 7
001856 34
001556 156
002053 49
000292 172
002001 182
001530 183
002681 128
001902 75
000227 25
000542 82
000857 59
002090 36
001633 35
002522 58
000217 9
000720 140
000830 71
001977 184
001638 185
002242 186
000174 71
002927 101
001257 167
002135 22
002507 147
001293 74
002933 187
000322 25
000324 122
000270 109
001206 43
002285 176
000754 80
001159 185
000427 7
000004 161
002642 22
002006 172
002501 80
001471 105
000565 3
001517 116
000357 58
001999 188
000955 68
002381 90
001316 46
002421 65
002563 69
001925 80
002350 110
001197 49
000474 118
000247 32
000201 94
002883 162
002752 156
002203 48
000181 12
001668 163
000350 163
000875 17
001273 7
001618 189
000847 190
002007 9
001864 7
002479 114
001742 148
001358 36
002069 178
001757 151
000345 90
001383 163
001740 38
000731 71
002924 46
001763 191
000588 3
001380 174
000862 5
000177 85
000455 58
000373 192
002564 0
001105 193
002598 35
002148 185
002541 74
000961 194
001811 59
002775 122
000601 97
000317 71
002699 39
000783 108
001869 170
001843 11
001268 163
001348 8
000593 151
001262 132
002349 156
001344 0
002956 48
002922 7
002039 195
002743 12
000915 20
000283 11
000186 30
000453 133
001037 196
002622 116
001501 46
002307 137
001745 156
001477 34
002359 167
002504 7
000696 58
001168 197
002766 90
002365 122
000849 34
002323 9
001765 58
001936 82
001771 49
000548 122
001188 193
002114 143
001817 5
000607 56
000973 79
002674 4
001820 198
000814 90
001733 7
001303 195
000796 89
002487 51
001088 199
002247 8
002778 34
000511 115
002367 7
002982 192
001640 53
000288 47
000076 200
001023 36
001661 27
000100 69
000750 133
002396 0
001353 201
000306 90
000316 46
001793 47
000072 8
000309 21
002926 184
002560 82
001032 192
002296 202
001401 42
001313 11
001405 114
002899 167
000678 203
000826 0
000666 190
000335 46
000124 122
002449 186
001240 151
001267 30
001985 56
000366 119
000285 29
001381 192
000488 51
002787 122
001582 24
001871 53
000134 85
002756 93
001460 89
000958 63
002197 45
002841 133
002596 123
001967 9
001684 9
001895 58
002742 48
002550 30
002852 63
000037 9
000954 85
000118 33
002452 133
000392 6
001301 204
001135 151
002277 205
001124 10
000599 31
000492 122
000615 206
002801 34
000918 34
001478 196
000788 49
001716 5
001896 192
002439 46
001545 147
001224 30
001913 85
001854 197
000756 40
000841 114
000273 78
000572 28
002682 77
001230 207
001357 77
002251 102
000167 140
001909 148
001278 98
002691 122
001491 77
002272 208
002111 209
000540 21
001824 56
001162 158
001438 156
002084 189
001816 71
001064 163
001550 161
001690 5
001865 43
000910 185
001714 210
000062 211
000800 58
000780 97
001414 19
000689 116
002314 85
002463 140
002895 114
002521 136
001236 212
002380 98
002905 213
001707 56
001812 51
000579 214
000778 27
000293 198
000460 4
000035 48
002573 41
000543 47
001901 215
000998 46
000257 171
000371 210
000081 185
002420 170
000497 64
000729 11
001022 163
001641 59
000446 116
001696 35
002723 216
002659 105
001777 27
000517 133
001520 130
002994 77
001009 120
002177 167
000433 71
000276 160
001047 97
001724 10
000282 35
001885 26
001541 8
000646 35
001893 19
002161 217
002591 90
002220 218
001178 46
000039 121
000336 219
001125 27
000541 169
000943 59
000383 46
002384 42
000885 1
000240 105
002448 186
001675 27
001489 56
001388 103
001929 19
002725 46
002209 53
001163 12
002896 148
001288 140
001377 195
000243 192
002361 69
000569 99
002190 93
000218 122
000649 46
001937 27
002222 7
001299 35
002806 64
000757 75
000146 75
000289 151
002760 40
000560 139
000059 77
001625 211
001930 4
000221 195
000232 48
000926 54
003000 220
000147 69
001131 172
002357 36
000084 29
002185 8
001671 59
000244 19
000771 151
001077 165
001255 195
002476 35
001238 20
000182 132
000795 34
001182 35
001752 32
000576 54
001456 187
001458 75
001132 46
001946 221
002635 68
002394 171
002558 112
000304 29
001797 77
001261 65
001161 122
002556 34
000786 204
001818 31
000212 121
001282 204
001973 64
001952 89
002335 93
002502 185
001318 158
001455 186
000571 109
000465 34
001758 222
002810 75
002616 223
001421 92
002524 0
000117 38
000461 109
002451 34
000621 10
001528 224
002020 56
001270 116
000978 68
002221 225
001694 45
000712 35
000405 56
000430 109
001631 226
002694 227
000518 86
000769 122
002730 116
000046 172
001792 192
000467 59
001796 12
002347 97
002210 3
001655 45
000810 3
000690 160
001637 71
000758 93
001982 87
001446 228
000753 93
002261 34
000307 163
000482 77
000162 27
001254 163
000923 59
002917 111
000852 11
000449 34
002826 37
000652 85
001186 186
002248 46
002317 80
001989 24
001075 192
002995 5
001201 210
000609 80
002594 122
001309 31
000912 77
001581 46
001243 11
001055 229
002975 97
000040 204
000031 100
002590 77
002297 4
000732 230
002052 52
001931 30
002298 139
002250 64
002153 10
000388 212
002200 28
001067 196
002532 158
000377 119
001673 216
000249 7
002325 75
002833 82
002031 34
000044 178
001702 223
000456 58
002132 231
002719 34
001813 71
002055 30
000415 50
002073 57
001979 53
002223 54
000115 0
001080 199
001801 129
002255 53
002065 3
001848 156
002343 105
002700 160
002134 34
002750 147
000170 83
000749 232
002796 166
001441 210
000523 193
002605 212
001657 210
000713 4
001221 204
000917 56
000804 68
002011 223
000525 3
001965 100
000722 85
001866 82
000977 233
000746 56
001987 19
000471 18
000338 93
000567 15
001855 224
002619 46
001878 116
002280 234
002299 49
001024 235
002127 58
002792 53
000626 5
001605 0
000053 236
002740 112
002353 201
000196 56
000645 33
000066 22
001810 237
002910 171
000424 132
000399 238
000784 92
001887 90
000284 210
002714 210
001360 71
001253 0
002552 239
002618 196
001063 216
001686 93
001769 16
002253 59
002059 85
000904 7
002970 4
001142 78
002218 27
002812 75
001452 24
001772 68
001251 216
002680 65
000553 77
000829 49
000198 13
002023 109
002469 2
002036 165
001144 193
002686 1
002478 140
001166 77
001027 68
002249 109
002644 148
000603 172
000387 192
002799 121
002861 36
001336 5
002653 240
000805 114
000953 11
000493 241
000697 34
002032 61
002771 58
002832 9
000166 196
002646 145
001370 15
001576 186
000485 196
001744 112
002584 46
001423 32
000155 59
002358 34
000592 151
002142 105
001756 58
000379 114
001028 114
002828 137
002339 242
002689 105
000067 55
000119 4
000003 216
001518 48
002239 19
002113 122
002814 133
000412 38
002974 35
002252 35
000838 3
000250 59
002271 93
001505 75
000533 108
001976 243
000272 122
000344 30
000278 80
000466 57
001330 75
000574 3
000280 89
000368 85
000023 34
000760 48
002976 169
000836 82
000086 34
000845 114
001903 77
001975 7
002652 77
001538 168
001016 9
002856 216
001141 2
002231 34
001951 199
000353 62
002405 244
002923 165
000008 245
001522 100
002829 246
001560 93
002120 148
002234 247
002627 195
002717 116
000236 184
001651 29
001145 35
002611 175
000950 140
002304 171
002056 248
000539 122
001069 9
002701 108
002557 23
002497 173
001339 249
001639 35
002906 3
002705 182
002535 49
000764 163
001109 69
001247 29
001723 250
000202 140
000872 87
002404 201
002107 5
001554 140
001222 80
000976 196
000889 79
000952 201
002545 107
001153 82
002898 12
001949 109
000633 26
002645 107
002736 185
002746 192
000886 122
001099 189
002049 33
000142 9
001799 10
000816 20
001091 22
000082 38
000156 121
001041 18
002243 186
002003 114
002450 48
002150 114
002798 211
000184 15
000611 52
000618 19
000881 251
002219 36
001229 32
001986 83
000319 35
002169 31
000161 11
001636 7
000362 39
001076 158
001889 75
000095 7
002776 82
002921 12
001280 75
000334 151
002581 201
000459 42
002163 252
002709 10
002095 112
001321 253
000509 82
002181 77
000448 3
000447 30
000975 112
000779 121
001045 208
002544 148
002931 121
000347 5
000127 28
002091 147
000340 165
002021 99
001089 2
001465 254
001019 38
001470 25
000974 7
001039 0
002230 40
002466 150
000551 175
001052 34
000375 198
001851 118
000484 199
000888 192
000401 5
000263 104
002602 48
001783 22
000992 122
001773 255
000821 163
000472 54
002385 122
000944 35
000451 130
001643 133
002445 124
002632 71
001877 145
002044 46
001312 28
001531 126
001439 35
000394 10
002862 139
002881 147
001767 256
000676 27
000824 257
002977 0
001513 258
002027 54
001508 85
001703 119
000302 10
001151 48
002467 115
001630 31
002950 42
000480 46
001610 241
000561 58
002245 130
001761 192
002848 122
000773 130
002363 255
002157 82
001343 22
002621 35
002289 54
000842 204
001785 197
002685 57
001297 26
001210 77
002016 259
002731 172
002493 130
002415 46
000718 31
000041 19
002877 116
002160 260
000012 85
000663 261
002990 130
001015 192
001959 34
000584 58
002454 32
001960 236
002241 26
002199 3
002427 5
000359 258
002660 59
001870 97
000853 77
000105 7
000235 161
000695 262
000194 171
001561 237
000617 263
001879 7
001049 5
001056 74
001916 70
001157 45
000514 58
001595 201
000634 34
000385 113
001543 9
002604 46
000850 58
002295 98
000714 264
001542 114
002718 105
002311 119
001583 46
000090 114
002035 201
001837 172
000308 265
001311 100
002009 77
001935 105
001171 46
001363 171
000743 146
001590 105
000922 209
000211 266
002916 105
000384 31
000691 267
000709 191
000403 80
000702 268
002377 269
000999 34
002085 57
000544 114
001208 22
000404 255
002667 27
001083 89
002225 26
001945 83
000442 133
001524 99
002991 59
002196 232
002308 270
001934 133
001533 118
000559 56
000861 23
001134 35
001502 151
002824 122
001947 59
000087 1
000546 172
002785 23
000463 9
002512 36
000815 5
000854 157
002050 271
002158 185
001665 87
001006 112
000234 167
000395 9
001603 49
000189 201
002070 0
000614 27
000437 31
000164 45
001844 140
001219 103
001200 84
000820 5
001547 175
000515 59
000776 97
001469 199
002045 272
001963 5
000487 250
002625 98
000793 273
002508 95
000583 77
000578 218
001412 46
000748 147
001850 41
002206 196
001787 206
000566 35
002301 222
001838 174
002763 21
000580 49
002903 108
001290 206
001593 46
000803 218
000259 102
000458 274
000725 93
000116 114
002151 196
001104 32
002772 275
001842 103
001298 276
002345 277
000547 171
001755 34
002226 59
000418 119
000047 278
000310 279
000878 35
000721 4
002332 35
001525 121
002447 146
001728 1
000947 172
001808 118
002908 58
002901 163
000150 68
001213 222
000408 23
001340 30
002423 46
002607 30
000806 46
001454 2
000846 30
000625 280
002868 58
001880 35
002600 80
000193 77
000331 223
000122 199
002864 121
001384 116
000312 148
001082 199
002184 34
001043 145
000741 218
000883 82
002390 36
002647 77
001404 255
001858 281
001942 116
002498 31
000018 116
000354 185
000258 58
001263 282
000863 148
002468 53
002734 9
001529 36
000060 38
001612 201
001994 129
002623 59
001095 49
000519 145
000422 27
001570 109
000860 35
000013 201
001829 59
000372 20
000389 57
002470 35
000420 121
001494 201
001712 122
001800 77
002965 71
001567 272
002123 11
002046 283
000938 21
000494 218
002762 56
002839 0
000638 284
000428 196
002290 119
001308 280
002820 223
000305 175
002428 36
000909 23
000409 79
000716 285
000981 49
001442 23
000920 119
001307 165
000088 111
002533 32
001649 11
000513 58
000110 74
000680 33
002017 133
001725 69
002379 116
001894 286
001827 43
000398 192
001274 85
002967 35
002753 48
002172 287
000662 38
001185 27
002194 30
000797 15
002140 169
002878 118
001695 287
000738 46
002729 192
002836 12
001782 133
001462 57
002963 100
001453 35
002461 59
001926 288
000679 57
002949 122
001558 220
000822 53
001857 133
000042 156
002650 19
000213 35
000772 59
000323 77
002336 186
002376 171
000931 47
000979 24
000303 49
001992 31
001260 169
000092 186
001044 38
001365 151
001207 289
001622 147
000022 58
002889 192
000949 85
001106 274
002205 82
002426 222
000423 258
002126 71
000175 137
001287 102
000208 169
000499 115
002188 58
000071 104
002850 133
000635 184
002561 30
002887 121
002782 195
000021 186
001685 78
000925 119
001038 241
000613 163
001310 9
001356 32
000045 160
002759 38
002897 98
002707 290
002106 144
001971 260
000129 291
002530 186
001427 22
001621 77
000239 0
002327 185
002609 114
001604 77
001917 64
001743 274
001097 149
000665 133
000454 36
002777 133
002330 47
000687 121
001020 292
001003 49
001846 71
001516 77
000520 89
002392 119
000178 201
001918 28
001250 13
000204 27
002900 2
001337 85
001366 82
002980 8
001130 47
001713 147
000290 8
000048 116
000160 192
001521 9
002733 23
002651 271
002783 210
000933 85
001196 131
001018 91
001924 38
000068 127
001387 40
001133 206
002693 27
001059 205
002080 58
001598 27
001415 156
002360 28
002867 9
002464 27
000406 293
001304 274
000286 118
000707 151
000946 27
002909 59
001697 85
002096 49
001184 204
002321 89
002794 189
001154 287
002419 5
002313 215
002356 71
000667 121
000252 5
002195 195
001546 75
002510 287
000700 294
001285 130
001693 147
000604 295
000986 166
002755 252
000906 9
001669 255
002947 59
000526 192
001194 204
002232 71
002678 68
000545 163
001914 98
002957 287
002817 82
001834 77
002279 163
001908 296
002751 140
001653 50
002757 82
000706 297
001225 31
000673 187
000762 25
000378 22
002860 192
001852 140
001683 132
001372 113
000744 133
001068 298
002802 116
001861 60
002270 192
000654 109
002268 93
001826 121
002373 193
000868 278
002316 114
000848 299
002015 300
002028 97
001092 75
002971 169
002964 34
001444 35
002174 41
000139 105
001619 272
000326 222
000341 114
000554 31
001040 112
001183 35
002437 264
002797 115
000238 37
002519 92
002528 143
001279 6
001084 10
000648 77
001897 115
000253 46
001732 46
002935 71
000328 80
001434 116
001972 77
001539 48
001000 182
001418 68
002518 77
001164 184
000728 3
002932 241
001574 50
002941 59
002999 301
001928 46
000183 31
002067 302
001035 163
000790 23
000358 36
000942 162
000173 160
002720 93
000594 59
000470 223
002805 90
002362 201
002840 12
002435 255
001648 231
002722 48
000165 109
001485 26
002677 237
000251 93
001085 9
002657 255
000400 119
000802 303
001969 118
002572 175
002553 103
000029 304
000642 102
000927 48
002998 69
001061 305
000452 27
001957 87
002334 113
001932 35
001825 114
002414 133
000380 46
000536 9
001762 306
001575 5
001841 85
000352 307
000294 185
002391 163
001169 77
001116 237
002346 23
002072 46
002543 34
002458 35
000091 69
000960 308
000001 273
001646 309
000683 115
000382 35
002637 255
002523 210
001492 222
002178 85
001252 27
000627 34
000916 286
000705 216
002315 85
000619 172
001645 79
001510 63
001422 0
000320 113
000224 58
000214 58
000573 197
000078 98
002892 115
001413 69
000440 310
002217 50
000343 311
001033 75
002944 19
002676 253
001859 77
000491 36
002472 255
002628 133
000932 46
001921 211
000686 64
002727 1
000255 46
002639 4
002207 184
001875 118
002943 14
001223 32
000296 177
000710 167
002060 46
000641 160
001868 31
001334 28
002216 122
001737 196
001839 5
002008 103
002264 27
002312 100
002649 312
001352 59
001511 77
001602 102
000190 55
002424 77
001373 173
001296 26
000556 22
002713 133
001111 258
001189 82
001892 96
001121 17
000698 176
001218 77
001886 16
000988 313
000327 195
002960 255
001180 258
001708 59
001555 59
002155 287
000668 5
000874 163
000057 38
001054 139
001503 30
002858 133
000017 62
001435 79
002254 0
002124 101
000135 178
000002 255
000438 122
002827 308
002459 80
002809 299
002687 167
001346 223
000568 89
001192 32
002846 58
001087 7
000426 4
001114 68
002804 113
002745 121
001181 114
001466 77
001699 85
001536 3
001008 41
002987 4
001155 14
002978 78
002879 140
002433 121
000871 314
001498 40
001138 255
000866 315
000768 316
001954 185
001205 151
000180 59
002835 35
001122 130
001779 193
001962 116
002770 70
000864 77
002769 35
001617 46
000346 237
002368 302
001275 80
001320 201
000051 1
000969 70
000121 163
001317 133
002914 51
001968 75
001393 65
001217 114
000844 100
002284 299
001286 40
001995 185
000479 69
002658 4
001571 52
000075 59
001211 89
000575 35
001457 5
001804 58
001036 139
001790 133
001876 115
000964 77
000655 206
001021 197
002293 312
001234 223
001204 36
000902 77
000441 101
000984 163
001881 7
000206 75
002105 237
001409 163
000501 54
002062 23
000532 100
000742 140
002788 47
002673 130
001335 99
000590 150
002286 61
001905 41
001451 59
001174 133
000606 136
002882 317
000176 38
001214 150
001784 15
001481 27
002340 57
000413 30
001391 143
001342 146
002078 85
002890 13
002201 30
002936 77
002446 204
002764 287
000349 110
002514 130
002322 12
000884 39
002843 147
002891 118
000265 24
002786 12
001624 109
002587 68
001179 122
002098 59
002071 71
001563 70
000882 318
001431 12
001283 122
002276 148
002034 319
002934 320
002156 147
001389 321
001681 11
002984 109
001549 58
002079 322
000011 265
001629 37
000439 35
001367 31
000972 160
000711 77
001483 323
002371 122
000670 46
001193 145
000126 74
002306 201
002670 9
001927 59
001338 105
002012 9
001060 36
000199 105
000629 69
000410 116
002741 71
001741 313
002443 64
001199 77
002761 77
001202 169
001300 77
002765 163
000014 77
002951 51
002620 4
000657 121
000537 97
000968 77
002589 38
001666 7
001663 9
002402 59
002212 99
001136 58
001594 34
001459 147
000483 271
001245 39
002583 34
002179 192
002780 89
000694 71
002601 36
002074 40
002121 22
002547 163
001540 319
001579 258
002061 314
001472 9
002724 319
002455 58
002257 324
002352 320
001601 82
001534 195
001907 46
002389 28
000812 79
001371 114
000154 114
001329 37
000043 47
001241 49
001419 114
000879 48
001950 280
002559 0
001484 19
000360 27
000056 23
000880 64
001319 21
000027 47
000681 2
001239 29
001514 308
000136 13
001535 89
002259 68
001378 200
002989 19
002104 10
001001 319
001863 145
002265 151
001065 39
000397 116
002920 319
000054 279
002294 287
000179 71
000508 59
000301 68
001553 211
001664 280
002634 131
001002 169
000079 53
000996 152
000727 319
000229 163
000819 9
001398 15
000989 32
000030 325
001658 115
000562 54
000226 59
000006 145
001228 326
000445 118
000033 77
000966 327
001682 9
000894 32
000669 328
002211 35
001359 9
001407 25
002554 84
001397 186
000152 163
002669 269
000223 206
002490 319
000703 102
001667 23
002666 9
001445 140
000855 46
001833 46
001587 97
001526 276
000114 78
002097 201
002338 122
001101 8
000207 211
002534 54
001148 119
001822 77
001411 113
000890 59
002972 82
000900 116
000833 105
001246 12
002983 10
001242 64
001983 122
000870 122
001660 150
000674 329
002457 97
001375 171
001677 98
002599 255
000140 296
000490 30
000914 99
001616 330
001672 71
002214 201
001899 122
002562 27
000813 33
000215 79
001944 34
002180 190
000315 59
002187 258
000417 77
001030 9
002087 87
002102 133
000137 87
000747 83
001475 163
001123 314
000794 330
000036 31
000026 0
000658 151
001403 140
000450 119
001402 71
001259 325
002351 237
000752 122
001271 64
002958 27
001450 68
002422 331
001053 97
002438 330
000245 8
002152 182
000277 85
002442 237
002159 330
000589 185
002208 290
000971 192
001948 22
002570 210
002624 5
002388 46
002378 239
001760 260
002182 75
001324 26
000168 167
002273 209
000928 19
000025 107
000807 27
000444 330
001780 319
000151 23
002791 64
002143 147
000755 71
002266 30
002430 332
001048 121
000781 55
000901 172
000865 31
001953 99
002341 218
001198 82
000101 272
001050 75
001628 101
002444 87
002538 122
001272 333
001759 334
002684 311
001379 34
000767 151
000751 114
000963 36
002716 218
002291 45
000169 167
000074 133
002973 213
001884 192
002167 49
001139 119
002569 58
000993 46
002054 77
001500 319
002303 75
001906 46
001094 47
001385 25
002432 97
001739 21
002648 80
001504 23
002565 211
001632 147
002103 319
002516 302
000267 335
001034 121
001830 186
002586 151
001845 122
002108 160
002641 175
002215 2
000145 121
000332 172
001974 114
000248 77
000374 21
000381 216
002548 31
000321 319
002240 118
000637 319
001588 336
001332 337
002842 338
002638 10
002615 15
002283 159
001215 33
000431 30
001011 161
000192 32
002655 172
001176 46
000436 40
002735 339
001691 160
001943 75
001281 122
001900 85
001187 119
001017 136
002233 186
000688 210
001566 64
000639 89
000570 50
000934 319
001408 64
001170 75
001361 71
000534 17
002996 316
001823 340
002715 145
000197 341
002482 77
001803 132
000496 237
002640 254
000937 163
000980 319
002429 130
002076 77
001302 105
001814 48
001656 113
000396 338
002369 342
001706 296
000148 46
000798 128
001751 9
000624 79
002287 296
002029 163
001010 172
001519 109
000911 209
001623 68
000896 42
001474 210
002822 5
001362 5
000107 132
000351 22
001548 55
000651 222
000390 30
001473 50
001118 287
000555 210
000300 316
000171 4
001277 190
002355 114
000416 75
002966 71
000765 132
000429 299
000187 48
001840 172
001915 165
002318 31
001890 139
000631 41
000951 77
000163 319
000414 140
001074 129
002144 343
002147 116
002018 319
001031 30
000877 192
000818 344
000823 130
002256 42
000873 345
000246 109
000230 133
000907 69
002057 31
000897 186
002236 89
002884 187
001754 42
002925 39
002154 68
000792 49
002238 346
001911 52
001328 302
002309 36
002193 148
001652 302
000699 27
002491 52
000891 0
002643 206
001718 64
002580 192
000895 87
001152 40
001447 340
000058 71
001980 10
001923 121
001058 347
002331 56
002411 260
002292 133
000093 132
001235 15
002386 119
001014 48
001701 69
000948 171
001794 23
001110 97
000191 80
002088 71
001532 319
001997 186
002683 125
001955 48
000724 237
002112 51
002282 2
000677 192
000106 175
002948 49
001964 302
000903 348
002302 46
001433 77
002471 349
000775 46
001233 46
000859 36
001429 82
002030 87
002128 29
000990 71
000498 5
002942 122
001608 32
002136 5
001990 38
000065 147
002654 171
001815 350
000275 97
000726 351
001680 352
002597 146
001150 75
002202 150
002662 116
001364 98
000411 191
000831 264
000913 5
002566 19
002093 107
000391 83
002269 121
002189 150
001374 210
002406 171
000723 45
000262 150
000899 22
002244 82
002164 59
000719 121
002441 85
002068 253
002407 12
002876 184
000936 260
002803 353
000421 330
002198 287
000010 109
001938 38
001120 77
002928 354
000535 147
000549 314
001585 101
000299 15
002171 119
001386 85
002758 287
002863 308
002818 71
001676 9
001392 23
000089 27
001644 355
000098 46
002100 207
002397 210
000510 48
002260 33
000704 319
001970 109
002795 46
001046 130
001507 23
000940 122
001430 222
001809 59
001912 24
002940 172
000608 177
002886 47
002527 26
002540 319
001071 26
002413 46
000297 27
000050 87
001512 356
000225 55
001775 4
001244 71
001922 10
000851 168
001786 46
002696 186
001226 78
000563 46
002671 43
002853 283
000605 192
000443 319
002473 57
001599 98
001025 25
002588 13
002816 255
002811 357
002738 8
000188 46
000407 40
001173 11
002800 12
002961 119
000462 186
000671 7
002704 319
002834 71
001958 186
000715 107
001351 182
000425 5
002092 46
002710 121
000636 59
000529 23
002267 192
001766 215
002869 17
002997 122
002952 46
002904 358
001499 125
000610 84
000486 71
001479 302
001086 47
002130 27
001705 11
000325 25
000020 96
002503 0
000839 89
002022 6
002807 133
001674 58
001341 77
002083 46
002857 40
001791 192
001613 80
001523 59
000801 271
001580 196
000097 145
002495 50
000475 22
001789 52
000367 75
001898 339
001722 79
001910 10
002555 359
000761 260
000919 145
001426 98
002808 12
000393 46
001770 32
000507 19
000435 85
002697 26
002048 10
001832 165
001586 39
002986 82
000133 173
001589 7
002499 87
000032 119
002170 199
001376 22
001327 41
001113 85
001350 119
000256 119
000893 172
002408 199
000052 21
000876 68
000939 170
002821 97
001127 119
001220 161
002728 23
002854 287
000125 206
002453 23
002779 197
002880 147
001072 118
002774 10
002636 140
002656 327
000434 132
000675 4
002409 38
001100 150
002515 100
002348 85
001609 196
002542 59
002576 121
