0 16.54679250717163
010251 0
001357 1
105997 2
207285 0
395028 3
195469 4
396075 5
011264 3
014930 6
529996 7
426212 7
355363 8
041864 9
027003 10
344527 11
065436 9
054840 12
091066 13
010958 1
201049 0
387500 7
285934 2
199664 1
028721 0
002322 7
102042 14
207801 0
053535 15
089196 0
029715 1
176811 0
403369 16
005663 6
452992 17
492917 15
157977 1
295282 7
270976 2
167940 18
290085 1
082022 3
026614 7
047414 15
070277 15
337800 19
318621 10
230250 20
244763 21
111905 3
016053 1
299213 1
157488 10
001348 6
184310 9
458475 22
491986 23
036860 24
372709 14
389697 0
005909 25
090564 12
395344 1
213254 26
050523 22
474663 19
034942 9
298111 9
379074 27
473220 28
159150 29
008801 6
120397 10
242155 15
029148 8
125673 30
027499 5
158787 6
399900 31
402157 32
018277 1
346892 0
074326 29
027082 3
283725 12
083628 1
006275 6
028885 6
105306 14
113387 33
298974 19
499633 15
267574 34
498120 35
045891 36
348600 1
477290 37
014767 38
043413 15
334285 17
007311 6
029331 1
334070 39
010796 3
244927 4
331289 40
109124 2
489211 41
093397 25
278687 42
245727 6
010563 3
006721 6
097567 43
464321 44
297580 3
218253 15
252821 1
092553 45
083629 12
027331 3
053167 9
118192 46
218188 47
323656 15
480893 17
410236 9
055048 22
040724 6
130098 6
012241 38
471288 48
003321 49
343231 50
011091 3
045220 51
068332 0
137286 52
088340 53
351619 54
198910 2
061377 6
158845 3
051786 15
066854 43
313091 55
091844 1
056302 29
300045 56
011804 7
023070 24
316417 12
014362 15
149383 14
089123 15
356763 30
457660 57
019396 6
311303 11
007148 2
148385 58
072611 50
152612 59
502444 9
228919 12
066256 3
030681 30
293825 60
263379 61
025695 14
286726 62
268897 2
408967 42
156449 15
109744 63
064426 63
155595 64
006438 30
014361 8
020105 30
045561 49
039697 7
008800 6
376825 7
133063 65
311795 66
446982 67
024942 68
092311 9
397469 50
429047 69
006805 29
154637 56
353071 10
075917 3
105596 2
006502 33
107900 1
277847 70
528473 71
418953 72
324876 40
081027 3
244954 73
006069 25
025231 43
095193 60
007167 7
400679 56
014958 74
089358 44
280385 20
531500 75
002930 74
005434 76
091364 31
247056 77
102249 24
062258 40
031712 3
006614 25
012217 27
088660 1
088556 78
059802 71
206197 51
107923 44
449745 22
452739 79
260986 39
021858 56
048053 1
448255 37
042294 56
072463 23
051649 80
020827 0
123090 81
030580 1
370136 2
003260 7
306889 2
385210 44
367398 6
040092 7
013880 6
026054 1
048346 6
470634 2
046983 80
100827 26
039774 30
066929 7
461713 80
017711 24
022286 2
106087 49
108858 52
117143 49
082222 80
105251 82
145012 14
488828 22
024297 30
360166 83
468186 2
058173 10
115123 6
405648 3
034616 8
311255 84
095743 85
318547 81
156299 86
377260 79
233784 6
009031 25
068962 68
474694 87
382258 56
021712 1
009848 8
001842 88
467989 25
001101 89
009661 38
294482 90
399645 10
517839 91
006551 1
024579 7
467106 22
184850 46
035033 25
033833 6
013373 6
020628 30
142484 92
025815 6
081383 93
474746 48
069205 2
288398 30
214006 1
093237 89
159734 94
008066 7
080309 46
000037 1
153445 25
027618 6
022729 6
017171 89
176151 95
018419 8
126808 1
006552 1
001215 14
281055 96
075916 6
132172 97
044317 3
381854 98
028415 1
127449 13
446842 99
214925 100
532438 101
268447 0
002375 1
197922 74
512267 68
100843 74
069356 29
146342 102
228378 0
005724 7
197280 59
068871 6
041597 25
004446 35
011373 3
460039 95
049732 25
085683 103
400841 104
092809 105
143048 22
068558 5
361605 105
095273 106
186212 78
493392 81
044686 89
005094 49
182640 68
508890 107
030621 0
057440 107
004507 3
037620 74
053120 6
020672 30
510223 108
012544 89
009006 10
060504 3
051527 109
306463 30
072620 3
043132 110
063073 85
214487 111
137401 112
397061 56
024862 3
281126 113
010859 10
007842 10
173547 7
112492 8
126974 0
171971 43
062873 17
022508 6
288546 53
266108 114
181662 37
021009 10
471785 115
423800 33
461513 99
172432 79
035933 30
299143 48
019500 3
417490 106
088834 89
266590 33
474371 89
359110 24
169012 9
017258 1
009172 3
423886 116
004408 1
026596 69
024472 14
021876 30
168505 117
084740 74
215846 15
039980 117
047300 10
223210 118
024989 25
050806 38
221251 79
046592 68
382758 107
218411 56
035498 1
007019 79
161207 2
018172 14
501775 119
278381 22
040982 3
519743 120
005092 121
123836 3
454365 99
014221 30
272394 94
446933 43
426676 122
034208 74
340344 74
211842 123
069505 56
124262 124
071913 125
039070 30
128406 15
067545 1
296876 97
018954 10
446491 27
189819 6
448309 77
035842 30
130137 38
012303 38
241311 64
141679 126
484291 127
029993 25
496461 1
291549 125
083048 63
463093 10
145110 14
308316 128
298328 79
528360 89
065326 1
051489 8
046047 6
179928 7
059242 30
047181 6
004550 38
012717 30
278219 44
178157 105
291688 2
065784 93
431686 103
496689 129
011588 35
033043 56
063207 6
320977 130
219729 22
456263 131
046881 132
042973 96
111722 67
373030 113
038315 1
015183 133
192400 7
034816 14
480870 134
103452 0
309423 132
006099 30
020201 30
025937 15
270595 24
084698 2
300205 98
237833 99
183189 35
390259 12
367361 91
501520 33
057127 135
375342 127
065850 74
221762 136
056216 43
164404 137
059367 1
124717 63
277501 53
156737 64
145833 137
093901 132
346313 135
316157 138
407273 52
064335 0
075894 6
309691 139
181129 0
109607 89
410510 12
320035 110
236283 108
035414 3
407087 87
015732 8
047330 105
024118 6
247014 11
102049 73
300537 41
222720 73
055530 3
225059 140
046667 62
320680 118
091951 24
456251 141
395452 56
017595 25
152628 132
037698 1
353380 142
072576 143
339260 105
342116 30
399261 88
007918 35
017456 3
387897 127
407872 144
132545 145
113823 44
099326 146
494812 130
159596 138
068539 25
006748 35
104593 63
147919 87
425373 147
114804 3
000691 49
140857 129
288609 17
042034 25
063213 30
024142 35
076938 11
085510 2
065295 143
203087 56
012304 38
002986 35
298252 148
140488 89
020010 3
082121 149
062000 1
027636 35
377887 150
445581 123
023355 35
028645 100
414291 5
429395 46
014297 24
457493 5
477303 1
299713 22
255764 23
036296 8
005058 2
057405 25
328805 3
052298 30
156491 29
397468 50
026650 14
032837 74
034937 74
094135 44
077345 2
285078 44
012718 30
503111 127
234882 151
453424 152
195942 79
263546 63
040946 153
094946 0
043488 8
059015 154
035032 25
460777 107
006080 89
011521 25
040173 6
010011 25
069708 74
124988 149
322337 155
053434 6
028133 3
001347 6
079873 51
372316 156
190630 157
182874 35
085684 103
414750 44
339417 23
148008 25
278711 53
112586 25
407025 141
030647 30
268654 44
241938 158
038939 159
016524 29
050258 25
121881 149
059997 24
491525 112
025066 35
106997 3
024087 107
258509 160
391598 122
025820 3
150162 17
244050 132
009588 14
226732 161
500841 125
020420 116
067903 162
045623 6
002580 24
093729 56
120229 89
419366 144
310711 163
226245 87
083273 8
012397 0
171706 0
432027 74
015547 3
042621 2
502394 0
346269 139
005855 29
016783 25
180521 6
126970 106
421717 73
188516 164
260106 165
472549 15
025933 6
463850 166
035043 74
144396 3
265037 1
077430 29
003938 35
356840 73
165711 59
021693 35
322185 147
271912 167
074089 33
187145 144
293498 168
212894 3
014772 74
178244 98
081520 38
173869 151
488996 10
213006 49
249718 38
254281 3
071981 62
421387 74
026526 61
483257 66
042016 6
123316 169
039795 6
068870 6
002508 6
012638 74
125452 129
399856 7
107811 44
140581 89
006613 25
020342 38
482014 170
193898 32
496165 3
222125 151
231061 171
136860 69
047413 8
004037 30
151871 30
278085 172
074745 173
519878 44
399334 174
083010 6
037130 0
038557 68
000188 175
010370 6
143295 53
440799 176
047194 43
090721 66
297489 139
102145 113
062742 6
040230 8
107727 123
026774 6
067597 6
489621 14
205836 71
423077 91
141382 129
350717 19
331619 0
079206 62
028722 3
039445 35
381869 177
172042 127
011709 51
378446 92
362102 43
049440 56
000031 89
471006 97
036813 48
360102 44
234592 166
030056 6
022509 6
019254 14
086369 93
126142 53
302973 178
227601 3
053632 3
071508 6
375473 3
411665 48
236710 179
001375 6
143261 138
069074 19
091886 127
311564 63
167136 180
130795 181
006274 6
240163 74
010524 8
051528 89
178158 44
241356 3
173312 2
007445 3
153471 29
169491 126
317260 147
088743 81
505727 3
197017 64
197559 122
009037 3
502376 175
036120 30
018711 63
078623 68
441628 182
114998 183
269000 184
309186 74
061999 74
074656 3
050805 38
027359 143
322130 44
236937 94
439946 185
016520 51
128488 73
047808 0
039332 24
446658 33
180722 135
011708 51
024486 35
371495 186
372487 56
428063 3
181897 187
325088 8
353847 132
039426 3
486307 111
091744 188
067303 3
298195 107
346800 9
051836 30
052284 189
037916 35
000078 0
014288 143
407860 143
114956 169
001376 6
029737 1
009132 9
074017 37
002929 74
114861 190
377061 141
048541 51
010371 6
089059 94
019487 51
528506 129
111212 122
080285 30
235961 191
055070 105
205806 192
399919 190
130752 137
243413 8
010588 170
087439 74
401685 193
061147 0
010359 6
013778 6
004017 6
028132 3
181996 15
099421 43
406599 97
075736 0
312726 146
421783 194
082224 44
068373 8
052949 2
210073 118
006577 149
047724 74
376093 105
075955 18
207541 192
053243 96
069707 74
007976 0
259973 145
396310 195
026856 14
000038 74
066399 183
112965 196
006938 89
444248 49
461944 174
022217 2
064935 0
010311 51
516745 188
330882 132
013430 24
470852 18
020660 73
177432 197
029055 43
005057 2
013690 0
391712 51
076078 0
065381 43
114834 198
248792 199
161554 6
052933 14
060188 74
015954 6
025987 38
242863 200
152583 33
023803 3
010307 69
035211 101
109436 40
213898 165
152806 188
001286 35
011434 89
033093 38
024261 0
016474 89
509958 195
136663 151
027911 8
022630 106
004893 30
074097 6
000027 63
002009 14
476242 134
485009 188
115180 129
067767 25
020307 8
331390 165
009007 35
240454 122
516686 25
107700 201
164217 107
108002 202
012018 165
030971 74
026104 99
217862 127
001885 30
105882 143
054444 35
182935 0
008838 2
486011 203
106091 89
364017 74
137217 8
023640 38
026363 43
008578 89
386248 158
046902 35
130941 106
224152 14
139308 116
226927 80
121567 181
284959 118
076432 29
276557 56
491765 80
010957 74
018420 8
026259 2
003544 6
068398 25
014931 6
261512 13
243075 60
017160 25
414345 73
208934 88
116044 63
298701 182
005375 56
203596 30
037617 89
152779 33
003829 6
035679 0
384311 46
493693 44
000525 38
087130 69
153031 8
243441 203
105883 74
375177 25
020472 6
015139 74
057489 25
240504 127
065109 3
457215 23
358160 12
356139 35
176498 158
239480 99
118673 88
433612 80
482487 80
123507 189
016519 51
072111 8
007754 6
069079 3
023718 24
491809 144
018296 74
130317 178
040060 8
080779 74
029994 25
107492 74
039690 51
037175 3
010564 6
028429 6
497810 168
096383 74
424810 37
140200 63
159296 174
087384 31
007752 89
331482 204
504192 205
077764 29
505131 105
091206 143
060956 38
458478 74
334398 15
086109 6
227177 89
312532 49
031224 51
000433 19
120358 0
119464 51
076902 97
109791 25
021374 74
059385 3
042108 74
025033 29
000526 38
059096 6
297398 77
036152 74
051663 74
477551 132
275377 2
049343 165
070360 78
017754 78
073163 101
159405 33
006070 25
051558 68
282739 21
093588 206
006171 30
508330 139
027517 74
029453 207
033069 29
036435 35
332145 30
003982 33
441491 139
118103 68
054065 74
194015 8
005272 25
180644 9
019199 3
048103 14
317782 29
390651 79
008461 35
121509 3
006313 6
483690 105
253369 0
120668 2
408151 73
010321 3
017308 30
066920 129
013113 35
089546 8
005882 143
481785 208
240539 94
356984 147
024437 0
011882 6
024204 89
069665 132
029377 43
189329 74
467579 14
013748 6
408330 68
465120 209
503489 172
123128 210
005856 29
103035 73
536662 97
045974 2
178498 73
005912 8
044877 3
007975 0
036093 211
143273 74
385521 212
004914 63
481169 96
258009 80
055735 213
189796 14
055843 6
454993 118
391332 150
114951 69
468275 0
361364 69
015115 14
008428 6
283864 97
007168 51
369018 170
443795 199
087547 214
004367 6
257314 215
326766 37
055923 38
013049 3
098263 74
152058 12
239402 145
254282 3
070278 8
032295 89
003121 6
218360 86
508539 35
041016 216
192828 217
052876 12
078819 218
095224 0
018053 6
066219 219
047818 3
318193 9
145125 6
000966 143
026645 94
052345 6
049437 14
191426 51
462051 220
033176 38
061559 221
085165 3
011393 37
223714 59
009036 3
098264 74
050265 0
096246 74
447035 69
002566 43
392368 174
049184 29
062335 8
078383 63
352783 89
186380 43
439867 147
405831 0
032509 89
067852 181
054786 24
053296 25
472806 222
175152 102
028236 74
184653 11
116503 223
110798 159
114209 79
189702 216
005664 37
282919 73
006800 30
433552 224
020826 0
505417 214
418888 3
471559 132
388724 8
477152 175
004251 6
176098 118
170676 8
029614 149
118283 132
170776 123
284437 35
124039 2
020169 69
192869 25
506404 0
079487 74
012214 35
334979 73
142602 225
536364 226
262108 191
138120 97
030400 159
001646 63
398639 159
069550 74
386552 8
235090 93
433311 51
148917 2
531698 134
216590 15
012191 30
275782 6
000642 6
145489 3
316103 35
042586 43
266389 132
145914 3
130011 169
005359 3
068431 3
468755 227
007529 6
245761 29
002438 35
311477 228
497100 32
150483 229
252570 11
170385 89
386010 3
189031 56
533849 230
013779 6
461220 33
009826 3
174567 231
514716 33
063552 29
032317 30
348455 6
330065 107
057736 232
002066 89
029501 143
004264 6
049639 35
217566 233
324676 63
490362 94
284036 234
045126 74
184278 235
047195 43
081242 74
138556 89
164720 68
004848 236
007446 3
051605 58
472363 8
486718 3
155826 73
506935 237
461041 122
454491 238
314803 211
035930 38
067393 6
197387 0
514818 184
014442 35
021770 223
004506 3
068515 111
174191 16
006001 97
056215 43
381253 121
355382 22
092551 6
038502 89
254402 159
263283 239
199396 195
171655 209
024792 38
014287 143
089547 92
040046 35
466878 116
065284 78
077258 15
450453 238
311758 207
379520 240
365504 241
023071 24
361334 73
246772 216
089299 80
022064 35
053870 216
050006 38
056321 242
017651 175
007753 6
071825 38
234555 12
491709 208
404891 161
026773 6
333006 8
049696 35
114783 122
333249 230
185861 218
170275 97
014490 6
514588 97
229868 161
029169 143
036847 6
148400 95
152593 74
082345 74
075768 11
005745 24
140021 74
052522 38
030340 43
184303 175
028639 74
080153 3
022008 6
277944 238
024438 0
098357 196
038296 35
085451 6
007016 3
101241 169
296710 97
018001 36
133649 123
035921 14
293673 243
008154 30
515697 44
043294 179
055435 35
034839 244
233314 245
051617 30
497733 246
473176 0
060733 234
036620 48
295891 247
403933 123
290887 190
011796 74
071740 154
061018 74
082818 218
033427 3
285276 218
234924 248
029413 6
259519 3
394027 249
276985 69
071816 68
017491 151
067788 97
022048 154
210689 160
258913 169
004352 30
463432 3
323037 129
091321 150
026184 74
008067 51
069864 138
401567 35
506673 129
007800 30
102445 6
022873 74
032957 89
062156 3
004950 74
212350 25
414085 211
136896 74
144599 8
356643 32
079431 3
010329 3
090178 2
133591 69
031868 74
182601 250
105595 2
041716 35
041625 8
015953 37
029874 14
175720 33
239980 119
021273 42
372092 15
249792 69
007919 35
132113 14
023367 2
019789 74
365925 251
002559 3
079339 252
092977 6
008475 21
033339 38
075209 118
032423 8
039755 24
133135 169
229179 0
016764 56
040373 30
229696 146
011396 35
334363 253
010436 6
318938 0
115207 66
247869 254
018066 255
007059 14
034819 59
010562 3
023639 38
106451 14
002264 35
031406 6
237983 115
036801 156
249733 89
138134 3
325877 138
003750 14
406683 72
011092 3
213248 73
069277 29
069839 246
056331 6
018753 0
049310 8
535850 225
176844 43
015784 6
008040 25
199582 251
053415 38
043097 38
030696 30
043605 3
346841 256
190330 46
030048 38
196098 50
022218 2
078382 6
193781 68
043745 74
460160 6
183670 35
409136 192
288519 69
108633 63
453479 257
438932 258
420321 259
180592 260
005913 8
034603 184
246663 48
232604 32
006481 38
030554 3
065311 216
032694 122
233989 63
077350 172
017535 122
053467 3
018918 74
132696 42
203014 60
480004 261
027004 43
035314 69
009827 3
419918 262
526558 3
026126 7
093519 74
471929 59
421086 79
056862 263
479568 69
256931 69
046919 74
161827 257
532677 9
236000 158
036057 24
400286 264
273851 253
409664 30
489379 47
024572 74
189337 143
140309 78
117230 215
106677 14
018917 74
217859 79
012441 43
115067 71
044269 30
044474 30
121060 151
134878 265
226647 73
531273 27
056303 29
368672 12
027127 74
231298 74
005123 38
139754 3
334420 0
002581 24
070739 240
002985 35
271428 89
310176 238
504042 37
311141 43
009830 74
018052 6
078187 230
025422 29
048242 29
416536 266
231403 250
099593 37
477463 112
000546 51
170967 69
480335 15
135874 216
078693 97
014850 6
195093 174
334400 216
005358 238
346310 224
078703 267
171822 117
136042 0
396342 111
044318 238
033400 220
005723 51
004039 6
455052 30
028736 24
107152 43
002323 35
003507 25
001886 30
534668 268
004250 6
226178 8
014412 0
028430 6
003939 35
370677 36
005908 25
238437 118
245078 152
013749 6
356165 107
362009 147
345488 220
329417 216
097123 89
421719 244
060125 14
023975 43
011168 6
312757 184
267940 205
101433 33
026613 51
049460 74
000066 15
063168 92
261961 35
012252 35
358965 89
449648 165
076575 106
174579 200
524812 14
060274 6
007312 6
095300 31
011342 6
487312 14
093413 0
027083 238
046237 35
164809 63
140233 25
028280 30
052182 43
175596 192
024473 3
036835 89
183913 269
391690 33
216730 47
015745 51
034952 150
006480 38
152925 118
060263 238
014110 6
179782 50
440457 6
153802 270
310418 197
184711 262
138229 35
339018 216
536744 107
033156 48
004951 253
195244 85
096787 186
378607 185
043721 6
006749 35
149924 51
039086 37
054064 253
046567 25
061179 0
408881 216
136377 271
005938 165
069278 272
020127 0
070263 30
040238 273
003749 14
358637 37
012442 43
009899 238
260919 43
366867 106
147768 99
066734 150
454955 274
047968 14
131177 213
170194 210
424501 41
013689 0
137496 238
162836 238
001039 275
134655 41
104923 276
264646 30
327729 35
118125 238
020126 0
212909 165
465692 5
417647 247
025423 233
012851 30
040229 92
209897 258
281772 11
026185 253
017854 253
285666 7
015309 6
234219 6
002920 6
504225 145
075290 2
261417 59
026264 51
027906 277
297672 218
019981 92
010312 51
147756 0
474271 79
090589 6
384013 165
125972 69
384266 179
042615 6
156658 278
059435 79
393308 93
037921 35
062858 253
011263 3
440909 235
007060 14
001100 89
065098 216
014670 24
081588 92
000759 5
111301 238
169427 149
310373 124
013088 94
085102 56
425819 279
385938 118
208900 48
004040 6
025672 0
420275 37
370536 145
015733 92
333813 89
473438 280
259740 208
059991 120
055585 30
504479 278
004447 35
055061 3
113162 2
064334 0
023593 165
005883 74
405974 24
008885 35
405877 281
015277 35
362592 253
074665 6
003596 3
037657 63
318399 35
052638 62
191820 6
299197 19
075014 6
076452 62
454600 145
003313 282
313838 59
114669 6
018091 2
360851 283
146730 3
266130 97
113767 63
114169 150
068126 6
381703 284
340735 105
111105 107
339057 239
478880 222
048856 69
536363 285
208313 40
032422 92
038984 30
056037 63
083500 3
388362 95
052722 24
318703 286
064694 43
002921 285
240469 6
424690 253
359982 94
001063 14
169806 29
264198 0
485637 151
229261 287
045213 14
004475 74
153694 39
081385 89
245279 92
008577 89
132426 21
014696 3
012639 253
180857 14
182857 246
109656 43
537334 79
003062 14
269286 253
017110 0
055974 24
191586 285
024723 51
138230 107
407036 3
448032 108
251640 92
450531 288
025023 51
123169 289
073544 0
000146 205
085811 6
155087 12
208799 290
002892 6
086097 291
061323 292
207342 56
499024 6
261395 293
014927 3
220694 158
247066 294
184562 194
049438 14
482987 50
470245 295
161265 253
110929 296
233443 210
013650 24
065637 205
002439 205
126090 17
254892 34
038362 238
004368 6
029359 205
437543 203
191934 253
014071 38
161981 33
015632 6
405895 251
140190 12
067855 6
135299 12
321320 5
396092 161
489593 18
020190 6
250573 92
007530 6
052948 2
043898 205
011726 46
043697 0
253411 297
316638 298
016199 238
057933 51
040059 92
470052 94
034554 6
456765 299
008041 25
263164 79
010495 25
176094 87
032831 63
242113 253
036777 174
134780 205
411882 2
367829 74
422197 300
009900 238
019980 92
034756 74
007522 258
380815 0
049414 107
023786 6
102117 186
006727 301
000032 89
326315 205
365708 107
337520 139
003794 238
007801 30
521348 66
312582 62
051475 302
067768 25
321175 254
361963 186
066410 238
054267 6
377262 174
024960 89
012259 285
123339 107
037759 74
099661 3
327561 235
368538 303
056665 29
276632 304
474272 68
089160 196
111478 51
077734 305
317600 46
226812 306
224423 149
166160 301
071948 6
041624 92
006380 43
001287 205
345782 6
479713 92
420406 307
413955 115
482190 235
065116 3
014926 238
100941 30
253241 308
370509 62
000547 51
167444 200
100968 196
016726 278
019399 14
176263 79
032200 253
000817 230
387562 26
318368 43
032645 51
260110 7
111008 122
339610 135
002712 238
122241 264
076936 92
009171 238
062741 6
010473 24
024296 30
083976 309
137822 51
133426 253
383762 123
253211 274
434502 51
015631 6
020096 253
096028 69
061318 2
262969 279
256399 298
107021 14
347358 17
215236 172
392252 181
066465 25
533905 69
145010 310
013756 205
037340 92
460674 56
359423 48
022036 25
082962 293
421100 181
005122 38
084243 311
093145 89
003261 30
018276 253
002067 89
017057 6
002032 219
065980 38
032032 253
075889 252
099106 230
151828 312
469211 254
267209 281
049591 79
003795 238
037006 5
167736 308
024861 3
204525 238
309240 49
080454 92
083195 89
289243 60
336171 0
280380 56
008685 3
170295 6
017259 253
433157 313
004052 205
005656 253
286408 177
063768 129
441289 199
330767 254
474323 59
034135 216
010248 205
175350 138
451754 201
034776 309
070505 92
093414 216
318041 62
066484 30
134237 238
228382 313
095432 314
424203 269
141595 24
004415 30
305640 3
011476 205
527040 315
025318 6
005718 14
023868 80
231140 46
343912 316
138585 303
344489 3
009662 38
001933 205
024272 6
232936 216
024735 205
459649 196
300954 317
205500 56
162078 2
008509 6
054116 6
283672 29
071756 6
180066 77
228674 311
039890 43
311271 318
005514 205
084697 2
061027 203
215185 150
532481 6
064429 6
046925 30
037078 86
018953 205
216192 3
008037 30
439871 297
040091 30
383803 122
097182 190
480704 43
108830 251
006312 6
030835 216
033412 253
066604 243
023147 6
334839 319
087803 184
378300 30
029987 230
328231 169
328149 320
069872 30
284553 321
337035 292
009511 63
058035 49
296476 264
069108 205
021634 40
302477 4
073336 322
043784 238
202974 323
039225 6
007707 238
021492 169
030130 92
019546 24
101414 6
281287 157
040653 24
039850 30
322562 299
004351 30
288818 10
463990 66
106002 68
028713 14
050856 253
026639 205
035003 43
408879 310
068820 254
069862 6
102677 6
057725 5
242875 133
004051 205
165873 92
279554 92
106024 16
427115 226
312790 324
261957 73
024715 129
060557 253
018194 24
163439 238
074655 238
021807 205
005877 25
426717 30
415932 325
016814 24
427048 205
382662 165
395135 68
005042 253
445473 253
000077 216
191409 122
282690 80
365967 97
016346 238
274808 49
202305 6
001961 24
014111 6
400627 221
039651 30
026053 253
053868 73
344315 285
359613 62
009840 326
396316 178
014142 24
146824 179
360637 253
093475 30
118351 77
390419 249
048521 223
017942 43
021548 6
001214 14
205096 327
393798 158
159067 179
135028 321
020601 6
025911 205
372576 211
235089 282
022214 328
080914 30
147657 115
117128 329
115459 238
010234 30
010215 205
207471 323
103047 205
025673 216
042970 10
475340 126
024203 89
001717 253
001183 24
277308 216
081682 158
167907 89
017135 238
145013 14
013144 30
397712 330
001750 6
096474 186
506194 174
017109 216
215410 115
010472 24
019200 238
056424 260
322090 110
515651 62
054749 253
117686 205
281245 234
444607 186
327321 14
007708 238
275889 191
057359 238
109071 38
163635 331
319557 206
056078 148
016782 25
264427 332
058067 333
017490 151
390331 63
115793 39
234122 56
520948 63
339502 92
064362 92
344960 334
287715 74
005746 24
175518 132
358429 335
006079 89
322668 90
337158 329
067460 133
017437 43
055033 304
444855 336
293304 149
006100 30
445259 337
203329 274
204801 116
118873 216
150541 105
356365 265
332421 150
287149 191
198114 77
263212 258
268145 338
002025 8
091007 292
088319 238
081601 180
066930 30
062336 8
344026 339
310641 253
049864 29
176268 92
003350 29
205083 280
127166 30
136744 73
178992 258
010042 92
314002 253
185774 285
041576 14
001062 14
294669 111
316394 7
271197 174
080301 238
517656 326
004476 253
468425 158
366388 145
143461 2
505493 49
181725 340
043700 25
041575 14
054287 24
525213 145
355604 341
221936 92
049788 131
217163 8
023908 205
139798 12
329193 196
098452 143
020012 253
169526 307
055955 315
336255 216
005556 216
174203 6
478186 38
026997 12
144711 149
119685 329
148251 218
026435 155
402381 317
165755 342
073603 43
174014 11
482477 107
213325 343
121808 60
155498 80
221428 246
008462 205
042223 269
019547 24
170110 322
015766 38
438404 344
051939 68
107901 253
054190 100
483757 216
277841 342
139755 238
004044 238
011797 143
124131 345
017761 205
067403 205
082276 211
315658 272
010012 25
019842 238
435450 216
060295 56
463165 258
155441 5
000145 205
370065 129
393365 89
023717 24
008353 38
061483 346
011435 89
485287 49
004038 73
078586 6
019621 253
276150 128
079614 46
017905 46
021549 6
129216 25
475504 51
011167 6
064848 89
018429 24
146508 347
013216 6
035932 238
178751 348
047507 216
017812 253
086522 3
204524 238
167858 238
219753 6
000057 73
097562 158
082970 14
003061 14
120042 24
158918 39
277191 27
344782 349
218260 285
127016 6
320530 288
004265 285
242206 165
041598 3
242167 74
031295 350
111699 351
027851 205
352698 352
159367 186
055782 149
015140 143
116461 80
010161 160
005876 25
015413 216
532042 297
074374 2
235235 259
447494 39
036297 8
216720 238
010565 285
003349 29
467044 353
386682 203
079182 354
180240 14
171256 143
163368 88
001962 24
126503 49
040251 138
399425 31
216769 305
023148 6
034522 14
032924 6
235492 135
459322 284
477852 305
239977 263
030030 33
024523 6
014999 143
184792 355
407143 104
105925 238
371608 127
020128 253
024580 51
045289 213
394580 356
032854 205
004407 253
041760 21
014695 238
048102 14
019329 205
000967 74
025765 216
035894 251
076618 29
445312 275
195943 79
303774 357
005449 6
200258 332
314941 143
164707 138
230643 88
001978 43
526276 27
066853 43
246597 165
284256 6
254916 316
362507 143
035301 205
493781 152
163624 238
391333 337
231724 259
054010 120
327014 149
396641 77
511837 358
157187 359
093170 360
001358 253
209298 253
046127 89
009849 8
005041 253
038211 73
209789 149
030055 6
141142 0
306418 317
002893 285
009632 361
476214 59
421073 25
011397 205
050259 25
010437 6
339191 352
333812 151
326823 6
001182 24
001934 205
039387 362
333741 306
163592 91
264666 208
489644 53
017868 69
184297 73
091205 6
242154 89
012852 73
151533 68
390906 105
009874 43
017159 25
053892 140
056644 7
452219 311
017537 43
053000 149
014129 29
168575 174
498166 363
182152 276
235566 129
061254 14
355594 184
537585 143
039092 131
121937 271
191163 149
074131 13
092097 276
206183 12
108004 154
036836 89
017507 253
492085 263
482700 158
489838 145
261365 159
090513 138
069258 216
030021 205
093146 89
300681 146
028174 43
066152 29
233333 2
121220 69
048082 238
330848 68
015414 216
108894 179
025000 69
138910 216
381165 143
050183 43
272861 180
041669 238
002561 73
025032 29
063934 24
374525 186
061315 74
018355 205
356859 49
241940 53
029425 336
412281 356
082486 204
162765 205
164702 74
037037 105
000877 285
077671 143
063316 285
024779 24
129972 8
128534 149
006937 89
049715 205
065294 253
065743 73
001527 50
273850 364
072573 253
177774 33
363093 365
169735 10
338414 238
006806 29
003506 25
023814 252
286019 19
147552 0
025278 62
108442 71
000876 285
135164 145
171713 205
091414 285
028559 10
413863 335
127922 8
067102 87
335587 123
024471 238
132275 291
056332 285
318197 299
041484 238
275565 366
123592 6
508922 73
007751 89
002374 253
433431 137
036806 253
121442 2
407565 129
035123 51
064674 74
258354 89
033070 29
152406 73
037213 367
016490 10
420263 274
080722 253
017100 238
018758 285
430520 341
403898 232
086762 166
273511 89
025230 43
020607 238
006437 73
044331 253
017506 253
298116 368
281025 110
190018 196
005715 238
011392 285
009873 43
221900 89
116978 369
025984 10
018759 285
055922 38
030047 43
099507 347
071509 285
123848 370
102320 122
444721 234
343082 46
373542 56
060503 238
223695 66
512458 371
124127 372
396879 176
335824 373
383777 19
024734 10
287657 235
001772 25
071446 168
142409 216
201408 133
001977 43
341311 285
328300 131
005555 216
105454 152
501957 374
331120 74
217650 292
416081 375
259511 278
013889 24
407542 59
101696 325
121510 238
386325 376
077414 10
429999 377
018629 253
043544 238
039372 149
295167 298
033031 238
281964 378
050123 379
008839 2
218851 380
434016 135
010249 38
011343 6
458019 381
296461 165
003830 285
410785 345
104108 31
029949 68
002026 8
207363 162
000643 285
269551 340
097466 115
187610 382
015596 8
078670 285
338492 179
459019 8
165146 63
322296 338
078084 38
353242 383
261713 220
024260 216
029716 253
069337 384
479278 16
087132 8
020383 121
479544 174
498348 174
042620 43
244491 285
077287 89
129985 385
389359 122
064428 285
459866 89
343689 355
178595 327
366277 156
010523 8
001718 253
011881 285
302975 386
096805 147
066915 29
429183 253
043626 5
191965 69
484722 53
003595 238
122390 150
010433 73
374098 253
109453 2
156306 3
002509 285
438595 314
047967 14
149859 29
054317 175
008510 285
443522 216
004944 14
132164 351
288682 251
067236 253
088399 373
047573 62
109728 2
181747 387
059095 6
022902 89
390379 140
076565 29
490961 136
004018 285
476681 314
020550 77
039796 6
418783 129
002567 43
301597 46
070221 105
381107 5
215435 364
052733 6
237296 145
486310 151
450320 43
032233 38
000209 165
045091 8
011877 43
410768 345
004818 285
306677 31
463789 150
519858 278
024793 38
110897 27
119370 388
002656 14
299458 253
366772 45
049323 258
033359 10
066448 8
089595 209
205939 389
042587 43
318651 390
435012 111
124799 150
260444 10
048241 29
045090 8
002265 10
128068 365
444630 363
047485 253
088874 14
180558 391
040096 179
529082 392
035931 238
351244 107
074023 2
370382 88
296354 123
047020 253
001810 6
008867 56
181439 253
045157 186
021279 355
321207 84
245580 63
521537 360
080913 51
046731 25
414584 57
050535 285
121847 126
231428 253
010322 238
001749 285
144701 143
001809 37
291511 393
023310 254
440101 394
024163 13
127241 89
284989 107
203857 3
461731 42
029885 251
017811 253
121337 372
034936 143
094018 122
142825 10
193031 174
024390 285
266164 252
122595 288
328819 186
167854 10
005450 285
006801 10
224541 120
227959 46
006799 73
341650 129
004416 73
100703 25
060700 69
296052 395
163938 213
164703 276
243522 129
011477 10
222885 279
067435 186
021713 253
454316 11
374550 396
048801 118
100431 8
367599 216
002711 238
051057 25
272327 397
080440 143
002010 14
132922 8
411799 107
254812 8
088971 25
455730 398
517038 157
029152 285
127387 6
444513 380
142423 124
029357 238
295096 33
447128 179
126186 92
043043 285
006802 10
466790 49
020542 10
395731 278
485928 7
487439 53
398413 208
358720 100
