0 16.55956745147705
046592 0
024861 1
373542 1
476242 2
136896 3
024723 4
008577 5
124039 6
088834 5
066410 1
313838 7
128068 8
182874 4
444248 9
449648 10
454955 11
066219 12
067102 9
399645 4
473220 13
391598 14
366277 15
002559 1
005042 3
003795 1
039372 16
147919 1
007446 1
001717 4
508330 17
112586 18
117230 7
102145 19
343082 20
405895 21
056332 22
515697 23
082022 1
328805 1
068373 5
014772 3
121567 24
001977 25
529082 26
467106 27
034952 4
180240 25
053296 18
019789 3
056665 22
048801 26
153802 28
387897 23
298974 29
027499 30
040092 23
089059 5
156737 10
096383 3
062742 22
033176 27
082345 3
008885 4
358429 31
501957 0
005555 4
519878 32
091886 33
041484 1
012639 3
004352 23
171706 4
040251 34
500841 1
365925 21
163635 35
022064 4
182640 9
264646 23
443795 36
161981 37
260110 30
050805 27
018277 3
152612 38
105596 6
051786 5
050523 32
066854 25
243413 5
081242 3
460674 39
087384 40
025673 4
335824 41
008037 23
043721 22
075916 22
462051 42
126186 5
113387 43
403933 44
400679 39
439946 45
176098 26
264427 46
418783 26
129972 5
338492 44
483257 47
028132 1
381165 3
036836 5
087130 32
318197 34
079873 23
014670 48
407025 30
039890 25
014930 22
477152 14
333249 24
140233 18
508922 23
345782 22
176151 49
533905 50
003830 22
122595 51
223714 7
482700 23
499633 52
401567 4
060125 53
039755 48
051489 5
528506 26
322185 16
015309 22
029885 21
295891 54
433552 55
081027 1
273850 56
189031 39
057359 1
050183 25
042620 25
032233 27
006748 4
029501 57
105997 6
355363 5
030056 22
023367 6
253241 57
153471 22
444513 58
493392 59
169427 39
152058 33
433157 60
273851 3
356984 16
159367 61
502376 18
300045 55
261713 62
223210 26
000967 63
171655 37
072463 64
000817 24
033031 25
282739 65
033339 27
029169 63
056216 25
504042 22
059802 53
365708 66
128406 61
035211 67
006805 68
000433 69
013880 22
210689 70
010524 52
322090 7
042294 39
277944 1
071740 22
334400 39
370536 43
004039 22
260986 47
472363 52
276985 61
050806 27
102042 53
076452 23
145110 53
240469 29
471785 71
339502 5
339191 72
001101 52
179782 73
032032 3
138120 74
167136 75
152628 76
001809 22
110929 77
491765 47
011588 4
083010 22
346841 78
087439 3
351619 79
068820 22
028430 22
120397 39
011476 4
084697 6
037620 63
067393 22
134655 0
434016 15
490961 73
104593 32
395135 61
075889 44
277308 4
374525 32
026650 53
058067 80
216590 32
038211 23
021858 39
537334 81
293673 82
116503 83
180722 84
283725 22
016764 85
488828 32
180644 86
386325 87
013049 1
089160 88
228674 89
042034 18
182601 90
005449 22
102049 4
091321 19
421719 35
446491 59
006312 22
001214 53
044877 1
198114 37
001062 53
145833 89
281245 91
065295 63
470852 92
012018 10
138134 1
136042 93
021770 83
078382 22
312757 94
070263 23
001978 25
101414 22
239980 95
135874 85
081682 96
005912 5
029152 22
227601 1
308316 97
017160 18
049437 53
064848 52
384013 10
249733 52
011881 22
146342 81
024261 93
032831 27
035314 66
039795 22
002374 3
092977 22
331390 10
009662 27
248792 36
026613 98
330767 99
121442 6
029715 3
091364 40
006799 23
069079 1
051605 29
090721 44
295096 100
067303 1
041576 53
031712 1
244763 65
345488 62
003982 100
016474 52
002509 22
030554 1
480704 85
081588 5
290085 3
027127 3
243522 26
057736 101
091744 70
010565 22
021693 4
025230 25
217163 5
093729 3
114834 102
367599 93
477551 76
165711 92
512458 103
381107 66
375177 18
299458 3
055070 22
068962 9
029994 18
156658 104
316157 105
368672 33
108633 32
348455 22
021279 106
015414 93
391333 19
186380 25
280380 39
086522 1
053632 1
028415 3
003939 4
528360 52
327729 4
298116 107
191820 108
479278 109
020012 3
052949 6
052722 48
103035 39
205083 110
053467 1
130098 22
109656 25
077258 32
059991 44
451754 111
318938 21
433311 98
007975 93
094946 93
014361 5
496165 1
322296 112
033359 4
014695 1
212894 1
016199 1
009006 4
016346 1
061254 53
014288 63
027082 1
216769 108
023786 22
001772 18
024472 53
018172 53
019546 48
241938 96
079614 66
406683 113
377260 81
174014 47
070278 5
100827 114
319557 115
040096 116
066915 68
429183 3
003750 53
009899 1
394580 117
092311 86
050258 18
276150 97
424810 108
024579 98
249718 27
413863 31
288818 4
132172 108
012217 59
327014 85
190018 118
029874 53
023718 48
356859 9
356165 93
245727 22
085684 119
521348 36
111699 120
025423 68
272394 115
000691 9
156299 121
532042 1
012851 23
452739 122
373030 118
034603 85
421073 18
347358 123
193781 9
076936 5
039070 23
536364 124
285934 6
202974 125
279554 5
036093 126
025033 68
048346 22
015784 22
426717 10
101241 64
010234 23
421100 127
333812 128
005746 48
032295 52
042615 22
059367 3
207285 87
531698 122
142423 50
360102 113
236937 115
071981 44
028280 23
141679 129
021876 23
003506 18
049864 68
004367 22
007919 4
180558 75
093414 87
009840 130
041575 53
391712 98
311564 61
049715 1
180066 37
240539 115
404891 131
479544 100
314002 3
375342 23
005856 68
066484 23
067435 32
352698 72
264666 93
489621 53
179928 93
010011 18
008838 6
046919 63
002032 12
009830 63
021374 3
000526 27
032423 5
009037 1
045213 53
018629 3
033043 132
117686 63
017159 18
055922 27
039980 93
410768 133
010436 22
417490 103
077764 68
037213 134
100843 63
229696 86
065098 85
026259 6
505131 108
011092 1
214006 63
253411 135
077287 52
023639 27
114951 113
223695 127
310176 1
186212 113
090564 108
092551 22
037657 61
418953 136
111905 1
298701 24
428063 1
516745 70
309691 17
454600 43
123592 137
231298 63
011393 22
064694 25
051057 18
252570 47
009031 18
044686 52
175596 133
039086 22
437543 138
203087 39
019254 53
474272 9
163439 1
284959 126
197559 139
145013 53
175152 114
447128 116
008041 18
328231 64
017905 66
162836 1
174567 140
022873 3
463789 96
486307 55
477463 93
419918 141
000038 3
471288 99
333741 142
009900 1
396092 131
114669 22
134237 1
036801 42
340344 63
065381 25
036777 100
167907 52
118103 9
047808 87
261957 93
061147 87
199582 21
360851 143
049343 10
143295 10
298111 100
067236 3
161827 33
281287 99
144701 63
130011 64
020169 50
422197 144
163938 10
162078 6
014958 145
110897 84
013430 48
017811 3
133135 64
023814 85
499024 22
185861 146
063207 68
042621 6
123090 110
075955 147
083628 63
005908 18
017942 25
184653 47
182857 100
367398 68
482487 47
132922 52
311141 25
086762 40
424501 0
460777 50
054317 39
042016 22
222125 128
130137 27
016782 18
158918 85
156306 1
006552 3
228919 108
489838 43
140581 52
381703 148
163368 26
010321 1
019200 1
408967 124
277191 81
187145 122
372092 32
121337 149
030696 23
039651 23
175720 150
093413 87
244050 142
407542 38
006001 138
049184 151
414085 126
018759 68
004265 22
056302 151
503489 132
008040 18
173869 61
105306 53
229261 103
172042 33
312582 113
536662 74
213898 10
456765 34
310418 152
030580 63
104108 153
022036 18
071825 27
261417 38
054287 48
510223 154
120668 6
006577 39
025695 53
221900 52
007708 1
064429 22
007530 68
055843 68
426212 155
002438 4
029737 156
005556 87
316394 81
456251 153
320530 141
170110 1
486310 128
478880 146
380815 87
188516 157
297672 92
088399 41
337800 69
004447 4
024793 27
408330 9
433431 89
056215 25
004475 145
113823 32
090513 34
064674 145
470052 158
015733 5
235961 78
012252 4
230643 105
233784 22
195093 150
118283 88
001933 4
030130 5
058035 33
294482 159
284437 4
286019 69
312790 160
402157 161
041625 5
155441 33
181747 162
295282 145
218360 121
025672 87
416536 163
029425 76
007751 52
053868 93
343231 73
189329 3
068515 55
060733 91
168505 101
396075 30
069505 132
092553 164
379520 165
012441 25
433612 47
378300 23
009874 25
296476 53
048103 53
189819 22
080779 63
306463 23
048053 63
040173 68
031406 68
224423 39
536363 137
027331 1
050123 166
002986 4
459322 148
024471 1
030048 27
011521 18
035301 4
008685 1
007522 167
206197 98
048541 98
478186 27
130941 85
247869 168
245279 52
088743 2
027636 4
005913 5
033412 63
005877 18
088660 63
126974 87
047414 5
101696 69
065109 1
000145 4
022902 115
020542 4
007753 68
124988 39
040060 5
006438 23
239480 50
157977 63
339260 138
291511 138
019621 63
191163 132
240454 139
034819 7
035679 87
263546 61
133063 169
033156 84
019399 53
023803 1
381854 170
468275 87
034816 53
000759 50
007842 4
242875 101
177432 152
170275 74
314803 126
027003 25
028639 63
011392 68
011264 1
011709 98
014927 1
026596 61
107900 63
001810 22
063552 151
265037 83
006480 27
064334 87
152806 34
056331 22
270595 171
191934 63
176263 81
027517 63
173547 98
152593 63
215236 172
081520 27
024204 52
068126 68
387500 23
024296 23
324876 93
069205 6
438932 20
151871 23
358965 52
026054 3
008428 22
022218 6
011091 1
014442 150
026053 3
095193 47
178244 170
395731 173
030971 63
098452 57
017135 1
334070 174
013689 87
109791 18
410236 23
099421 25
015745 98
023147 22
008510 22
242154 5
059435 81
020383 150
066152 151
309423 76
214925 175
355604 176
078586 22
080722 63
021807 4
239402 177
031295 178
231724 52
017651 14
038362 1
470634 6
336171 21
330882 23
010329 1
021713 3
204524 1
124262 55
135028 130
480004 179
145010 180
486011 181
006079 5
051663 63
035894 93
012544 5
010859 4
176268 5
361334 117
366867 47
488996 182
438595 155
014110 22
095273 103
074023 6
118125 1
237983 71
458478 63
029055 25
258009 132
284553 183
185774 137
208934 6
015631 22
472806 146
321207 184
001348 68
012638 3
108002 185
065294 3
080914 98
175518 88
004476 63
035032 18
454993 26
282690 47
006937 5
299197 21
503111 33
075209 26
000642 22
458019 186
461220 150
112965 76
050006 27
151533 9
059095 22
018276 3
485637 61
137217 5
494812 187
023310 108
195942 81
121847 81
020472 68
191586 108
165146 61
310373 188
471559 88
018753 87
534668 139
370677 159
078383 61
360166 115
353847 23
000146 4
318547 93
207342 132
326315 4
420275 189
178992 20
508890 46
045623 68
067403 4
137496 1
123848 190
026185 3
078819 191
199664 63
246663 192
006727 193
525213 23
060504 1
061559 132
254282 1
140200 165
017456 1
034135 87
018053 68
197387 87
001183 48
391332 19
069864 105
029716 63
062156 1
009172 1
143048 32
020628 98
263283 194
237296 43
118351 37
099326 195
033427 1
130752 74
007707 1
018052 68
498166 196
109436 111
132545 177
069862 68
120042 48
337158 197
276557 188
046902 4
051649 47
067788 74
000546 98
213254 198
235235 84
275377 6
111105 21
484722 177
379074 199
407087 47
371608 200
531273 59
047181 68
075917 1
020827 87
003544 68
480893 188
045090 5
033070 151
471929 38
464321 113
010042 5
383803 139
089595 201
013749 68
002322 4
205939 202
408879 180
172432 81
492917 5
086109 68
108442 53
001182 48
467989 18
143273 3
366388 43
055061 1
189702 4
003507 18
093397 18
465692 66
004251 68
334285 87
023148 68
015277 109
418888 1
231403 90
318041 113
310641 3
504192 203
330848 88
095300 40
089546 5
047507 87
458475 32
334398 61
475340 81
062858 63
106677 53
288682 204
331120 63
207471 125
189337 145
217566 151
007976 87
002323 4
042223 205
035123 98
024438 87
036813 141
001750 68
049310 5
532438 67
258509 206
017761 4
222885 207
105595 6
085451 22
358160 46
077350 172
170385 5
148385 208
006614 18
002010 53
091414 68
435450 87
017754 46
312726 86
008801 68
465120 209
467579 53
196098 73
138229 4
109071 27
010311 98
057405 18
414291 88
005718 53
444630 196
092809 60
034839 210
147552 123
097567 25
050535 22
089547 5
016519 98
003829 22
356840 96
094018 211
424203 205
247056 212
246597 98
123128 81
431686 119
423800 100
116461 192
029949 9
152925 104
117143 9
363093 8
215846 203
161207 6
026126 113
064935 113
421387 3
044317 1
005938 10
159067 213
295167 182
326766 60
081385 52
043043 22
520948 174
025066 193
390906 74
066920 26
033833 22
358720 213
004052 4
397468 73
395452 132
041624 5
144599 52
015413 87
007019 176
341650 104
386552 5
325877 105
014696 1
046127 52
047330 20
139798 138
184278 214
013088 158
025023 98
037130 87
324676 215
040229 5
407036 1
024142 4
071446 168
004018 22
287149 122
505417 143
027618 22
359423 216
001885 98
055585 98
001934 4
041597 18
178157 138
065637 4
052284 46
033400 62
025000 61
358637 138
013756 4
043488 5
382258 18
474663 21
169491 129
046731 217
407872 218
232936 87
135299 21
296876 74
148917 6
115207 127
037921 4
282919 98
233314 5
466878 124
061323 20
080301 1
029614 39
082224 109
326823 22
101433 150
450531 51
032837 3
359110 171
262108 7
034937 63
097466 100
299713 219
076432 151
355382 219
018296 3
167940 147
134780 18
067545 3
140857 26
083273 52
362102 18
000966 145
013113 4
114209 81
450320 158
120358 113
036620 192
121060 128
102320 211
012259 137
005272 217
082970 53
455052 220
391690 150
049696 4
127241 52
060557 63
014926 1
080454 5
016520 98
253369 87
039445 4
005450 68
020672 98
044331 3
001376 68
007060 53
026856 53
017057 22
028713 53
168575 87
009661 27
038557 33
017171 5
032694 211
002009 53
387562 198
015547 1
029377 25
072576 145
476681 221
215435 56
047413 52
067855 22
014490 22
006749 4
122390 98
463850 222
060503 1
017258 3
104923 96
344960 223
476214 104
334979 98
361364 113
000057 98
056078 224
012304 27
322562 225
164703 43
176844 25
077734 74
001842 206
321320 66
263164 81
491986 154
145489 1
083048 32
468755 226
055048 215
005664 22
441289 36
041864 98
005434 227
119370 228
106024 109
297398 212
266130 229
365967 230
167736 204
178158 113
272327 231
009511 32
107811 232
041598 1
236000 73
057489 217
006481 27
011263 1
142602 233
132696 124
288519 61
448309 212
132113 53
012718 98
142825 4
017868 61
046567 217
213248 43
216192 1
227177 52
025422 151
030021 4
480335 234
138230 183
397469 73
164809 215
059096 22
017506 3
463165 66
399900 58
159150 151
070221 225
474323 218
403369 109
018918 3
029993 217
025820 1
318651 233
195943 81
023593 10
011168 68
126808 3
216720 1
430520 235
004351 98
001347 68
002930 63
432027 3
318368 25
080913 98
159734 52
155087 66
000077 87
028236 3
178595 236
018419 5
316103 4
021009 4
000027 215
035921 53
039387 237
012214 4
057127 238
039225 22
046667 133
226647 220
100941 98
088874 53
003321 239
007800 98
429395 237
115067 240
209789 39
054065 63
001886 98
074097 68
054064 63
293498 241
235090 62
030400 242
118673 206
105251 243
242155 5
328819 215
002581 48
096246 63
254916 244
019487 98
254812 5
125673 98
069356 151
065311 193
055923 27
047968 53
453479 149
008462 4
006069 217
234555 66
052638 113
149383 53
141595 48
229868 131
486718 188
037078 121
447494 40
459649 76
184562 117
286408 76
011343 68
024437 87
078703 245
039332 48
285078 113
260444 172
203329 11
060295 186
029331 3
263212 167
512267 33
424690 3
030047 25
242113 3
003596 1
287657 189
000032 52
305640 1
296354 18
415932 246
470245 87
157187 247
217862 200
024203 52
393365 52
005745 48
076078 87
069550 3
169012 86
217650 47
035003 25
124127 248
003061 53
076565 151
399919 26
028174 25
068431 1
067768 217
333813 52
025278 113
019547 48
259973 51
260106 249
002025 5
362009 16
011434 52
498348 246
025933 22
005359 1
306677 138
009171 1
061483 136
071508 68
056321 250
446842 200
416081 191
012852 98
040946 251
025911 4
021634 111
010433 98
055974 48
020128 3
007168 98
339610 238
131177 252
077430 151
121510 1
328149 253
497733 246
382758 61
069278 254
053120 22
392252 255
058173 4
361605 256
427048 4
148400 257
018420 5
382662 62
002566 25
312532 88
140488 52
228382 108
395028 228
343912 244
004818 22
159296 258
359982 158
067852 255
329193 76
475504 98
086097 259
474694 219
178751 230
049440 14
107492 63
061315 145
084698 6
208799 260
000525 27
438404 207
069872 98
235492 234
066465 217
371495 215
261395 261
024792 27
004051 4
010322 1
479568 232
011797 63
032924 22
100431 52
169526 262
128534 39
533849 24
048856 61
093901 88
029453 86
267209 236
125452 26
024715 26
014142 48
005724 98
059242 98
527040 263
021492 64
291688 65
213006 88
454316 239
001063 53
344527 262
080153 1
388724 5
145012 53
181897 264
311758 86
167854 4
338414 1
261365 242
206183 93
262969 207
102117 215
020127 87
299143 141
017109 87
067460 101
049414 21
068871 137
398639 85
034208 3
370509 113
469211 99
029987 24
009007 4
410510 66
450453 1
164707 105
026184 3
041016 193
049438 53
014767 27
054267 22
035930 27
311271 265
044474 98
362507 63
192869 211
015596 5
496461 3
057933 98
412281 18
195469 266
127922 5
268447 87
399261 206
411882 6
386682 113
473176 21
348600 3
491809 218
079487 63
024087 21
184297 267
022286 6
020420 108
171822 268
071509 68
013650 48
320035 103
099661 1
008461 4
024473 1
030055 68
456263 269
113162 6
277841 120
005092 270
014362 5
164217 123
359613 134
028722 1
105882 145
090589 22
241311 196
479713 52
006502 100
266164 158
011342 68
498120 269
049732 217
071913 271
195244 229
300537 0
439871 26
032509 52
394027 272
385210 232
225059 273
038315 63
025987 27
096805 16
027906 274
226812 142
405831 87
269000 275
288609 87
041716 4
083500 1
226245 217
036860 48
309186 3
472549 236
240504 200
069074 69
259511 276
153694 158
517656 66
149924 98
244954 180
021712 63
019980 5
401685 277
126970 14
013889 48
030681 267
405648 1
024118 68
171256 63
158845 1
010958 63
042973 199
344026 220
275565 278
006437 267
211842 279
037916 4
191965 61
002985 4
440101 42
137286 280
001646 32
444607 215
245078 280
330065 123
189796 53
062336 5
050265 87
018953 4
107021 53
242863 281
004951 63
445312 282
148251 191
023070 48
121808 283
006313 22
455730 284
021549 22
032957 52
344782 285
066853 25
006274 68
224152 53
027851 4
089123 236
267940 4
013748 137
506935 232
141382 258
489379 286
138910 64
042108 63
006100 267
275889 7
323656 5
092097 267
396310 287
005715 1
046925 98
036152 63
124131 288
118192 289
014071 27
026639 4
341311 22
007016 1
142484 290
276632 291
002921 22
002711 1
474746 141
011796 63
297489 17
034776 287
244927 188
140021 63
005663 22
040046 4
035043 63
269551 201
460039 49
009132 128
052933 53
075768 239
061018 63
045220 98
017110 87
448255 21
389697 94
006800 267
065980 27
383777 87
043700 217
035842 20
093145 52
506673 26
053892 273
016726 276
471006 225
247014 239
024960 52
146730 1
184792 106
004038 267
006551 63
010248 4
111008 217
062335 5
203857 193
165873 5
059385 1
482477 232
208900 216
497810 110
461041 139
089299 161
061999 63
036435 4
019199 1
071816 9
029359 4
221251 26
048241 151
340735 225
121509 1
346310 292
526276 59
461731 124
002026 5
446658 150
015139 3
069258 94
298252 224
317782 293
010957 63
084740 3
028645 175
140190 50
008578 52
343689 289
366772 164
243075 162
234592 222
038502 52
018758 137
111478 100
517038 99
017491 128
315658 254
140309 196
001718 3
069337 294
006275 68
057725 66
061318 6
164720 166
390259 66
032422 5
115459 1
023640 27
300205 295
010371 137
004040 22
183913 296
055735 252
074374 6
105454 133
405974 48
296052 297
176094 47
298328 81
191409 211
237833 203
047020 63
103452 94
080285 267
235089 298
407565 26
147657 71
118873 166
036057 48
253211 11
065116 1
393308 20
017595 217
000037 63
070277 5
392368 150
463093 182
001287 4
156491 151
144396 1
234924 257
123507 54
043605 1
017854 63
098263 3
036847 22
314941 3
386248 100
001749 22
051475 299
322668 122
015732 5
085102 14
201049 94
005041 63
300954 300
339018 94
005723 98
018429 48
018001 139
005514 4
010312 98
028885 22
429047 61
297580 1
483690 225
115123 68
197017 145
109607 290
020660 248
080440 3
018711 32
043626 50
059015 256
060700 113
078187 24
235566 26
007312 22
045289 252
074326 151
010562 1
093170 206
066930 98
115793 158
176498 100
378446 52
015766 27
126090 117
070360 46
356643 161
281772 26
093588 301
278219 9
002561 267
005057 6
344489 1
063316 22
039690 98
519858 276
015953 68
502444 153
109124 6
055435 4
334363 3
207801 94
482190 108
334839 302
398413 4
334420 87
268654 9
006938 52
274808 33
364017 3
429999 303
023355 4
318703 304
015183 305
003260 98
004407 63
069108 4
491709 306
110798 242
040724 68
085165 1
010161 274
125972 9
074131 141
026997 98
002656 53
457215 295
129985 307
111212 139
076575 14
403898 248
078084 27
099593 68
407143 161
222720 43
054840 113
097182 308
234219 68
003313 298
061377 22
036120 267
154637 292
190630 99
360637 3
041669 1
021273 124
219729 158
051939 88
355594 275
236710 40
106997 1
425373 16
004037 267
082276 126
095743 189
346269 17
051836 267
043413 5
045091 5
267574 309
288546 310
090178 6
528473 26
344315 137
259740 306
001286 4
028429 22
018066 311
249792 61
116044 32
460160 22
030647 267
167444 204
356365 95
066448 5
463990 127
046237 4
293304 39
329417 94
053243 43
119464 267
205500 14
493781 133
526558 1
034616 209
088971 217
466790 33
029357 1
409136 176
011477 4
164404 89
254402 242
487439 194
353071 4
198910 6
006070 217
506404 94
151828 312
264198 87
174203 22
155826 117
233333 6
148008 217
083195 52
105925 1
124799 85
139755 1
183189 171
040091 98
268145 112
011708 98
260919 25
434502 267
005883 57
114956 64
085811 22
040059 5
159405 258
411665 211
241940 177
444721 91
000877 68
051617 267
044269 267
150483 313
015115 53
285276 191
087803 275
020550 162
169806 151
117128 197
002929 57
474271 2
008067 98
129216 217
028721 275
051527 286
332421 193
008154 267
240163 145
413955 71
068558 30
149859 151
073544 87
001375 68
069707 3
005855 151
078693 225
505493 33
027083 1
449745 32
074017 138
153031 5
281055 43
132426 65
005094 88
133426 3
020307 52
440457 22
018954 4
302973 140
003121 137
037340 5
073163 118
024486 4
226732 131
014221 267
014287 57
009873 25
043544 1
069665 88
069277 151
231428 3
184850 104
209298 314
076938 198
024989 217
197922 57
073603 25
008066 98
166160 196
068398 217
002066 52
150162 183
150541 5
443522 87
337035 66
514716 150
027911 52
170194 315
317260 16
146824 213
041760 65
115180 26
037617 52
321175 233
034756 57
010215 4
333006 5
047300 4
176811 87
311255 184
074665 68
082121 39
004264 68
385521 316
156449 21
290887 308
062000 63
457493 50
014999 57
002264 4
426676 58
012442 25
045974 6
405877 317
091844 145
017100 1
181996 232
012191 267
094135 9
372576 126
005058 6
022048 156
218411 25
275782 68
055955 263
001357 63
284989 232
402381 300
010307 61
040238 318
007752 52
108894 213
400286 319
509958 73
221936 52
353380 320
020601 137
266590 258
083629 66
006802 4
052182 25
046047 68
079431 1
259519 1
043132 191
270976 6
182152 14
313091 321
228378 87
216730 167
025318 137
317600 66
210073 83
004950 63
036297 5
022508 68
099507 322
199396 323
350717 69
032317 267
049639 4
055530 1
004416 267
028133 1
143261 105
268897 6
181129 87
136377 91
164702 145
289243 283
306889 6
011877 25
091205 137
067903 324
421086 81
095224 87
444855 325
020826 87
007311 68
201408 305
047194 25
064362 5
024297 267
376825 3
056424 326
322130 232
310711 327
356763 267
399856 232
097562 100
480870 328
010012 217
461713 192
003595 1
421717 117
065784 127
072111 5
106091 52
109744 32
174579 281
064335 87
009827 1
000547 98
200258 61
227959 203
003749 53
271428 52
035414 1
163592 329
035933 267
032200 63
087132 5
009849 5
311795 330
273511 52
369018 156
280385 211
204801 263
013690 87
025984 4
425819 192
017812 63
514818 275
069839 246
339057 56
025815 137
537585 63
127166 120
414750 9
077414 4
414345 14
004848 331
077345 6
034554 68
501520 258
145914 1
194015 5
016490 4
420321 332
038984 267
089196 87
011167 68
226927 132
004044 1
002712 1
302975 333
076618 151
496689 132
013216 68
011373 1
032854 4
096028 236
003062 53
063213 267
075894 137
318399 313
294669 55
167858 1
013373 68
400841 334
291549 228
010588 314
056644 81
096787 63
485009 65
014850 68
283864 108
062258 111
102249 335
133591 9
138585 336
024580 98
184303 32
054786 48
007167 98
043745 63
033093 27
482987 73
004017 137
011397 4
445473 63
009848 5
015632 68
017308 46
039774 267
068539 4
452219 337
136860 61
293825 62
390331 153
213325 338
320977 187
070505 5
020126 87
134878 95
383762 14
174191 339
026526 41
285666 232
448032 340
086369 22
008839 6
024734 4
056303 151
212909 177
461513 123
501775 31
489593 147
114998 341
055782 172
024735 4
030340 25
102677 68
043697 93
074745 342
074089 23
017535 211
187610 343
024942 33
026363 25
045157 215
181439 63
372316 15
427115 262
193031 46
230250 211
063073 225
309240 33
023908 4
207541 175
396641 37
439867 16
027004 25
009632 344
181662 74
414584 332
044318 1
377061 345
011435 52
040653 48
497100 13
025231 25
024572 57
005876 217
011396 4
311303 198
047573 81
136663 128
040982 1
327321 53
173312 6
078623 33
202305 68
254281 1
491525 123
296710 108
205806 175
158787 137
009588 53
020607 1
385938 181
020190 137
212350 266
381869 346
047485 63
006080 52
047818 1
023868 47
002580 48
065436 267
048521 10
043784 1
014412 87
144711 39
517839 72
157488 4
064426 32
006721 68
445259 347
454491 149
218188 348
082486 349
524812 53
505727 1
026435 168
263379 350
014297 48
049788 269
066399 341
234882 128
322337 351
043898 4
046881 23
036806 57
105883 57
435012 55
181725 352
056037 215
048082 1
085510 6
102445 68
423886 36
328300 333
063168 5
061027 258
361963 215
446982 353
007918 4
024862 1
009036 1
002375 63
252821 57
050856 63
508539 4
241356 1
082818 72
002067 52
002920 68
000031 52
060274 68
108830 354
367361 288
232604 161
132275 259
005375 292
516686 217
055033 329
123316 64
108858 69
531500 355
079182 234
047967 53
037759 145
224541 16
053535 52
532677 203
054749 63
001962 48
368538 336
106002 88
214487 55
374550 350
038296 4
007801 267
003794 1
052876 66
299213 3
064428 74
184310 46
121220 61
396342 55
011882 137
022630 299
097123 52
096474 215
039697 98
051528 52
005909 217
356139 94
346313 282
127016 137
147768 21
065284 196
019500 1
481785 306
042586 25
266108 356
487312 53
367829 145
147756 87
153445 217
083976 357
013778 137
370382 358
074656 1
024523 68
221428 98
012397 87
068870 68
234122 299
532481 20
351244 236
107727 158
003938 4
362592 63
018917 57
093475 98
161265 3
003349 151
020010 1
277847 359
399425 153
123339 113
093519 3
026773 151
043294 283
477290 64
139308 124
441628 280
139754 1
031224 98
535850 59
485928 232
242167 145
001527 190
017490 128
017537 25
022509 137
489211 37
051558 88
027359 57
296461 62
073336 360
099106 24
052345 22
352783 52
035033 217
000876 137
209897 167
390651 122
039850 98
063934 48
010523 5
311477 361
005358 1
023717 48
146508 319
169735 4
048242 151
060263 1
075014 68
130795 216
203014 283
191426 98
515651 9
165755 362
061179 87
006806 151
010473 48
081601 75
390419 272
231061 363
136744 267
054190 26
325088 52
024779 48
171971 25
070739 364
137401 365
397712 366
220694 193
423077 329
052948 6
035932 1
091951 48
208313 123
059997 48
370136 6
481169 43
377262 150
098264 3
085683 119
483757 87
388362 257
370065 132
221762 367
121937 91
026104 203
091206 57
410785 175
072620 1
452992 117
141142 123
024390 137
005882 57
006099 267
004550 27
192828 368
012241 27
084243 89
283672 151
399334 150
057440 61
066256 1
339417 295
440799 330
111301 1
278687 5
461944 150
323037 212
207363 39
255764 295
008867 14
337520 17
180857 34
170776 158
076902 225
082222 45
060956 27
071948 68
004914 32
002439 4
015140 63
015954 137
335587 14
029148 344
256399 4
025937 32
100968 88
246772 299
473438 369
006801 4
005656 63
054010 16
127387 137
457660 370
281126 118
077671 3
011804 98
000209 177
088556 98
005123 27
026264 28
411799 113
251640 52
049591 122
017711 48
372487 14
447035 9
440909 104
045891 159
034936 63
108004 36
026614 98
066929 98
278711 177
109453 6
107901 63
001039 282
331619 87
004944 53
284256 22
506194 9
378607 45
302477 266
109728 6
004415 267
007148 6
155498 263
037006 50
152779 96
482014 76
247066 371
014129 151
004893 267
095432 221
010249 27
233989 215
004250 68
036296 52
421783 372
511837 373
256931 236
056862 374
229179 87
269286 3
281025 375
001358 63
037175 1
320680 346
107923 236
035931 1
119685 197
093146 52
012303 27
177774 9
080309 302
408881 87
258913 64
133649 158
010472 48
243441 181
137822 291
396879 375
089358 113
161554 68
192400 376
072573 63
052298 267
122241 319
120229 52
020105 267
318621 217
463432 1
087547 377
030030 258
016524 151
048102 53
017259 63
287715 145
493693 98
008353 27
017437 25
034942 267
028559 4
441491 17
047195 25
053434 68
012717 267
261961 4
007529 68
170967 236
271912 378
303774 379
038939 242
217859 122
175350 105
004507 1
066604 337
346892 87
029413 68
215185 199
254892 309
013144 267
372709 380
395344 63
008509 137
006380 25
106087 88
477303 145
123836 1
446933 25
039796 68
071756 68
107700 381
065743 267
489644 177
004446 4
003350 151
284036 158
124717 215
396316 382
016053 3
010796 1
365504 382
114804 1
014111 68
014931 68
024163 25
001215 53
049323 66
529996 98
114783 25
132164 130
514588 225
000066 236
008800 68
010359 137
281964 88
068332 87
018091 6
300681 86
231140 203
170676 5
135164 23
100703 217
258354 52
346800 66
155595 196
045561 339
127449 139
088319 1
316417 183
454365 203
182935 87
112492 5
474371 290
007754 22
536744 87
065850 57
069708 63
010495 217
022729 68
062741 68
306418 139
393798 100
130317 109
485287 33
018194 48
278085 172
159596 105
261512 25
114169 96
036835 52
007445 1
184711 383
162765 57
374098 63
419366 320
001961 48
278381 108
060188 63
467044 384
050259 217
072611 385
384266 213
010370 22
010251 29
033069 151
459866 52
054116 68
019329 4
271197 46
022008 137
001100 52
030621 87
377887 335
272861 354
079206 113
204525 1
245580 299
126142 386
143461 6
218851 387
316638 388
386010 1
002508 137
052733 22
215410 71
018355 4
019981 5
286726 375
190330 136
103047 4
390379 273
116978 389
218253 52
504225 177
400627 39
039426 1
193898 47
417647 54
075290 6
142409 46
219753 137
407860 57
025765 87
257314 390
074655 1
126503 33
519743 391
381253 258
205096 392
023975 25
459019 236
002892 68
019842 1
113767 215
032645 98
034522 53
006613 217
026645 319
067767 217
000188 103
107152 25
236283 198
288398 287
106451 53
082962 262
004408 63
053167 267
053000 193
020201 267
053870 16
022217 6
332145 267
091007 172
152406 98
453424 393
002567 25
342116 287
242206 177
020096 63
035498 63
445581 279
203596 267
002265 4
053415 27
114861 308
009826 1
006171 267
384311 104
079339 394
019396 137
067597 22
008475 65
468425 100
004368 68
389359 51
026774 137
111722 353
075736 87
010563 1
037698 63
010564 68
409664 228
045126 3
331482 349
017507 63
250573 52
063768 12
030835 87
331289 123
013779 68
052522 27
078670 68
023071 48
011726 289
005122 27
163624 1
420406 395
238437 388
016783 217
138556 52
098357 325
226178 5
016814 48
062873 117
002893 68
007059 53
484291 396
408151 374
318193 117
180592 326
145125 68
031868 63
010437 68
327561 397
376093 225
025032 151
047724 63
152583 9
336255 98
022214 114
043097 27
054444 4
093237 226
049460 57
042970 4
477852 61
375473 173
037037 225
046983 132
218260 68
024260 87
024272 137
042587 25
180521 74
407273 383
233443 398
028736 48
301597 262
121881 50
502394 383
492085 128
000078 87
490362 319
504479 289
277501 252
244491 137
178498 46
183670 16
205836 240
197280 38
020342 27
040373 267
000643 137
170295 137
406599 225
040230 5
091066 399
521537 105
245761 151
066734 96
088340 252
353242 134
266389 400
123169 68
065326 3
004506 1
420263 11
171713 16
298195 29
039092 333
468186 6
003261 267
081383 137
021548 22
128488 96
397061 96
239977 128
