0 16.637988328933716
529082 0
039372 1
483257 2
011726 3
090178 4
005913 5
008685 6
076078 7
070505 5
406683 3
248792 8
061018 9
293673 10
002656 11
025820 6
110897 12
138134 6
132164 13
016053 9
387562 14
021279 15
039697 16
003121 17
076938 12
072611 18
053467 6
337035 13
459019 5
015414 7
069707 9
266108 19
200258 20
032422 5
112492 5
421086 21
071948 17
260986 2
318621 6
322337 22
138585 23
133591 24
010359 17
005876 6
009827 6
042034 6
014110 17
112965 25
043294 26
060733 27
258354 5
501957 28
026650 11
087439 9
047967 11
298195 7
210073 29
414291 24
011588 16
007312 17
025423 30
006721 17
004476 9
038939 31
244050 25
002559 6
025033 32
221428 6
052722 33
000037 9
460039 34
479568 3
023908 16
032831 21
001750 17
490961 35
153471 32
007168 16
010248 16
508330 36
298701 37
007754 17
046127 5
339018 7
391712 16
091206 9
386552 5
052733 17
093413 7
053167 38
447035 3
004264 17
060188 9
097466 0
046925 38
146730 6
421387 9
505417 39
000546 38
300537 28
063213 18
008801 17
066219 40
017942 6
435012 37
000031 5
445259 41
008461 16
152779 16
491986 42
026526 43
120358 7
484291 44
449745 45
260110 24
000032 5
006938 5
101433 46
033400 26
089059 47
322090 48
006577 1
126808 9
029716 9
423886 8
391333 41
360102 3
083010 17
001376 17
167136 49
296354 45
203014 26
512267 28
037759 9
136744 7
186380 6
116461 50
311477 51
331619 7
054749 9
003830 17
417647 52
159067 53
147919 50
108002 54
180558 49
370136 4
169526 55
218411 6
052345 17
007752 5
501775 56
159367 24
483690 43
336171 7
189337 57
024390 17
383777 7
035301 16
002025 5
261957 16
082276 58
298252 59
404891 60
407872 61
010161 62
309240 28
299197 7
123339 3
374550 63
137822 13
140233 64
254812 5
468755 65
006274 17
233314 5
277191 66
293304 1
008353 67
347358 68
344527 55
215846 68
002921 17
079182 69
377260 21
396316 70
043488 5
108442 71
444721 27
528360 5
501520 46
265037 29
258913 72
283725 72
147768 3
012851 38
060700 20
002711 6
014361 5
092977 17
025230 6
097182 73
105925 6
100968 25
322562 43
284959 58
027851 16
400286 74
102145 61
249733 5
023640 67
024118 17
066448 5
206197 38
471006 73
026126 52
121808 75
001287 16
010042 47
424501 76
181897 77
411665 78
005909 64
102049 16
000057 38
204801 2
521348 8
088834 5
348455 17
006806 30
155595 79
067303 6
407542 80
013748 17
402381 16
096246 9
054065 9
233989 81
114209 21
395731 82
116978 81
069505 1
139798 7
487439 18
184653 66
028559 16
085683 83
043132 48
418888 6
036860 33
326315 64
398639 84
337800 7
130317 70
358429 56
033156 85
152593 9
086762 24
135028 13
009661 67
346841 86
298328 21
017868 20
102445 17
010329 6
107700 87
004818 17
000642 17
247056 88
285934 4
034952 84
275377 4
223695 89
208900 85
278085 1
067102 50
002009 11
316638 90
444248 32
045220 91
024087 92
330882 38
195093 46
037078 93
426717 38
164720 25
060125 11
424810 72
182857 94
224423 1
327729 16
073603 2
167736 84
023717 33
114951 20
536662 43
485637 20
016346 6
065436 38
019981 5
045126 9
359423 85
036120 38
029357 6
486310 45
055585 38
176098 29
022286 4
121881 18
017754 79
285078 20
444513 95
065637 16
091844 57
048241 32
444630 38
217859 21
042973 96
441289 8
133649 2
048541 91
473220 97
002580 33
052876 13
006001 72
494812 98
408151 99
041597 64
005856 32
084243 100
047818 6
454316 66
004550 67
170385 5
385521 101
071816 28
022008 17
444855 102
183670 64
109744 103
343689 75
040653 33
531273 21
053535 5
105883 9
013756 16
120397 93
147552 7
059096 17
138556 5
132113 11
000027 31
034208 9
401567 16
079873 91
433157 104
041625 5
127016 17
023814 58
006552 9
000066 105
026184 9
062258 14
011264 6
514818 106
306889 4
088319 6
526276 66
318041 20
205500 58
183189 16
450453 6
481169 107
014362 5
047413 5
370536 76
335587 45
032924 17
049437 11
031712 6
103035 84
006801 16
101241 108
099661 6
480870 109
046567 64
191426 91
242863 110
024523 17
356984 16
043697 111
213898 94
005057 4
006070 64
236283 112
006727 113
009031 78
348600 9
146508 74
454365 68
087384 114
179928 52
386682 92
475340 24
111478 38
414345 84
210689 62
003939 16
121509 6
087803 106
366867 89
014772 9
088340 94
472806 115
276632 116
007708 6
376825 9
411799 3
409136 117
001347 17
429183 9
010588 118
067855 17
040982 6
016726 119
143461 4
493781 61
433612 112
006481 67
346269 36
212894 84
055843 17
002026 5
171822 120
169735 16
043721 17
069550 9
509958 121
008475 2
013880 17
085102 58
096383 9
207471 122
480893 123
089299 50
041484 6
017100 6
147657 0
057127 124
063552 32
178498 38
020127 93
291549 125
061323 126
054317 84
425819 127
293498 128
079431 6
008885 16
136896 9
115067 71
060263 6
080779 9
006805 32
025278 20
447494 103
052948 4
071740 126
036813 78
005094 28
408879 129
048103 11
273851 9
281964 130
001101 5
114861 131
074656 6
132545 132
035842 126
016474 5
020601 17
019789 2
199396 133
157488 16
074374 4
474746 134
059385 6
091364 114
049310 5
110929 135
064426 103
016520 91
444607 120
424203 136
002985 16
001214 11
081520 67
234882 45
009840 137
148251 138
503111 79
065381 139
020010 6
334398 103
062156 6
089196 93
181662 72
141595 33
093519 9
327561 140
016490 16
064429 72
052298 38
008154 38
146824 53
170110 141
060295 16
151871 91
156658 119
195469 142
071508 17
259740 45
009511 105
296476 143
455730 144
024437 93
287149 145
123090 99
015632 17
005556 93
410510 92
368538 23
102042 11
311141 58
009900 6
011881 17
082970 11
140857 63
226245 64
199582 111
012638 9
055735 146
261417 80
162765 57
267574 147
076432 32
049414 129
271912 148
127241 5
068539 84
109607 22
460777 129
472363 5
039070 38
420263 132
508890 79
060956 67
236000 121
443522 93
489621 11
111212 78
128534 1
459649 122
261395 149
378607 150
379520 151
090721 26
461220 46
029331 9
034756 57
468425 107
003506 64
378446 152
069205 4
059435 21
005723 91
104108 113
017506 9
012018 153
281126 39
058173 16
156449 129
498348 94
385210 3
082224 20
027003 139
092551 17
394027 154
026774 30
334400 45
000145 16
044877 6
022902 5
285666 52
010473 33
039890 139
074089 76
229179 93
401685 155
309423 102
017437 139
038315 9
219753 17
024142 16
049343 153
064848 5
017537 139
035314 79
264198 93
087130 20
156306 6
244927 142
004051 16
254402 156
024579 91
003596 6
286408 122
018420 5
372709 11
052638 20
288818 16
231061 157
237983 0
065109 6
161265 9
008037 38
426212 131
029055 139
041598 6
059997 33
023355 16
068870 17
469211 158
029715 9
205096 159
047507 93
306418 78
341311 17
362102 45
171706 93
216769 72
309691 36
252570 66
406599 72
003794 6
072576 160
039086 72
028639 9
118103 28
030130 5
060274 17
030047 139
048053 9
007707 6
100843 9
126090 123
011342 17
459322 161
082022 6
024792 67
390379 162
280380 1
439946 150
533849 163
014412 93
156491 32
285276 138
030681 38
003313 164
075014 17
056216 139
001717 9
459866 5
064335 93
024471 6
190018 122
024861 6
056331 17
041624 5
005912 5
007148 4
284989 20
130941 58
514588 43
060503 6
228382 104
072111 5
006802 16
042970 16
101414 17
004040 17
098263 9
007167 91
088556 165
270595 166
043784 6
018758 17
017160 64
123836 6
046881 25
030621 93
056215 139
526558 6
131177 146
026639 16
065295 57
003321 167
118673 166
467106 105
274808 28
021807 16
144599 47
381869 168
017711 33
166160 113
440909 140
024779 33
027911 47
360851 169
516745 62
296052 161
246663 141
433552 170
327321 11
272861 80
293825 171
109791 64
497100 97
353242 172
390651 21
036806 9
017905 68
114783 141
164702 57
099421 141
331390 153
028133 6
019199 6
506194 46
300681 111
068126 17
114956 140
075736 93
126970 58
011434 152
127922 5
012303 67
147756 93
036093 37
377061 60
006313 17
227601 6
013430 165
470852 173
108894 53
055070 17
089547 152
093146 152
473176 92
378300 38
124039 4
029614 1
031406 17
317600 72
032317 38
001527 121
018753 93
077350 1
148400 34
063316 17
043745 9
050183 139
141679 174
050258 64
010215 16
099106 163
009873 139
009007 16
366388 38
091066 50
071509 17
408881 93
004037 38
041864 38
350717 175
047020 9
260919 139
040091 91
247014 66
214925 176
493392 177
063934 33
196098 121
277841 178
463165 126
051528 152
340344 9
505493 28
034603 106
191163 141
074745 179
004017 17
533905 79
072573 9
093729 9
126503 28
065294 9
009899 6
028132 6
069079 6
015745 91
021492 108
067403 16
127387 72
053434 17
367599 93
011392 17
192400 52
082486 180
254892 147
360166 181
096474 105
002439 16
240504 182
484722 132
004951 9
029152 17
266164 2
005663 17
213006 13
068820 158
014850 17
023639 67
499024 17
000433 175
087132 5
269000 106
262108 173
405895 183
072620 6
069356 32
006069 64
470245 184
261961 16
015183 185
136663 186
003938 16
137286 129
183913 136
327014 141
001842 62
033043 1
056665 32
263164 21
099326 187
010563 6
169491 24
100941 38
007800 38
114834 188
362009 111
093397 64
149924 91
049788 26
321320 68
448255 92
007311 17
090564 126
174203 17
026435 22
243522 63
005855 32
023593 153
016199 6
001183 33
095193 171
039795 17
084697 4
109656 139
021273 189
075889 2
004052 16
004475 57
005272 64
007529 17
100827 183
339610 124
010311 91
155498 190
381107 126
140309 91
030056 17
005450 17
010796 6
045213 11
024473 6
107727 2
245727 17
254282 6
297398 88
020383 46
039796 17
480335 69
340735 43
393798 107
305640 6
070360 20
177774 46
070278 5
310641 9
278219 20
068962 28
204524 6
144396 6
170776 2
445312 191
477463 175
133063 192
011708 91
124717 31
135299 72
171971 139
266590 46
053120 17
215435 193
021548 17
061999 9
218360 93
164217 7
009171 6
110798 156
232936 93
010565 17
259519 6
098264 9
056862 99
365504 194
214006 9
051836 38
057725 13
035933 38
134655 28
218260 17
062741 17
376093 43
069708 9
167858 6
318703 195
344026 187
024297 38
009830 57
014111 17
004944 143
080309 4
067767 64
036801 196
014767 67
377887 156
517038 197
077671 9
000643 17
021876 38
416536 198
359982 89
410785 138
318547 177
062335 5
064362 47
175152 199
322185 111
245279 47
085811 17
517839 200
352698 125
084740 9
033412 9
283672 32
045157 120
065116 6
004018 17
073544 93
005122 67
056424 201
006171 38
023310 158
029994 64
286019 175
145013 11
000547 91
115207 109
002323 16
486307 202
005724 91
094135 20
035123 91
129972 5
023070 33
176811 93
007059 11
029359 16
057440 79
140200 103
125673 38
000759 68
007522 12
082962 149
161981 46
029148 5
111105 129
078703 203
466878 189
080722 9
012259 17
046731 64
105997 4
010234 38
399919 29
032233 67
012191 38
536363 17
031224 91
460674 141
022048 204
467579 11
169012 103
042016 17
088874 11
366772 12
141142 7
017308 182
050259 64
311255 205
054267 17
499633 5
047573 20
291688 4
015413 93
365708 3
053296 64
006749 16
000691 28
001375 17
203329 132
010251 92
007060 11
006937 152
180722 124
038211 38
207801 93
025933 17
004351 38
035921 11
295096 46
025672 93
105596 4
116503 206
388362 34
382758 79
082222 190
034942 38
352783 47
000038 9
181439 9
013749 17
390259 195
111008 64
018053 17
004352 38
264666 93
302973 70
333741 207
008041 64
069862 17
249718 67
180592 199
163368 63
325088 47
323037 88
235566 29
174014 112
150541 143
218253 152
008578 152
111722 208
011263 6
399261 62
046902 16
008066 91
004506 6
431686 83
415932 94
145012 11
043544 6
081682 107
113823 3
024486 16
156299 209
452219 210
263212 203
165873 5
006080 152
012717 38
380815 93
372487 1
207541 138
174191 211
068431 6
031295 212
015547 6
069108 16
000188 213
396879 214
106677 11
010312 91
181996 3
065326 9
490362 2
027359 57
034816 11
081242 9
370677 162
010562 6
448309 88
097123 47
315658 215
024942 28
006100 38
036296 152
010495 64
175350 33
489593 173
054064 57
355594 106
208313 7
026596 79
045090 5
392368 46
396092 60
071825 67
151828 165
394580 216
245078 61
312757 106
132426 4
317782 25
411882 48
176263 145
127449 78
076936 5
035032 64
005938 153
071446 22
037921 16
029949 28
311795 217
231298 57
221251 29
001348 17
002264 16
020190 17
073163 39
053000 218
085684 83
024472 11
333249 163
263546 3
121442 4
022218 4
519878 120
019546 33
163439 6
161207 4
023071 33
105306 11
012217 21
021770 206
425373 111
477303 118
121567 217
211842 219
429395 140
009849 5
208799 220
002930 57
041576 11
168505 221
014129 32
118283 76
191965 79
005058 4
006800 38
020201 38
251640 47
121510 6
030696 38
240454 78
045561 167
168575 16
021374 57
218851 95
010437 17
093475 91
055048 81
075894 17
212909 153
224152 11
017110 93
035003 139
102249 4
029987 163
515651 20
268447 93
213254 14
049864 32
397061 45
393308 32
065098 141
096805 111
093414 93
207342 141
001977 139
452739 145
206183 92
013144 38
100431 152
047414 47
175596 117
064694 139
299143 134
172432 21
427115 55
477852 126
088399 215
165711 196
117230 145
163938 15
070221 43
470052 2
008509 17
090513 222
061377 17
055922 67
242875 221
362507 57
079206 20
400841 223
375177 78
243075 171
044269 38
144711 186
137217 5
067393 17
042621 224
173869 81
020660 45
083500 6
140190 13
039651 38
359613 20
083048 31
029501 57
266130 225
450531 226
062742 17
440457 17
068558 227
096028 79
012718 38
399334 46
300954 228
331289 7
299713 112
015277 18
129985 229
407860 164
003829 17
135874 141
030400 156
498120 16
536364 189
193781 28
282739 230
318368 139
120229 152
014297 33
233443 231
004367 17
008800 17
003260 91
004950 9
163624 6
235090 232
479544 16
066920 29
118125 6
117686 141
059015 233
119685 234
288609 93
456251 235
268145 11
453479 236
318938 184
018052 17
034554 17
067545 9
171713 84
420406 55
061559 237
012442 139
017811 9
152925 75
502394 16
015631 17
405877 238
003350 32
025231 139
019842 6
020012 9
511837 239
013689 93
070263 38
407143 223
311758 240
456765 152
371495 105
044317 6
336255 93
027499 227
027083 6
486718 123
277501 15
085165 6
006380 139
228378 93
049323 13
006079 47
202974 241
093170 62
007842 216
097567 139
432027 9
033833 17
151533 28
006748 141
232604 32
519743 242
112586 64
018277 9
115180 29
161827 236
204525 6
482477 3
018629 9
001886 38
312532 28
536744 129
407036 6
255764 243
040230 5
440101 190
037698 9
026264 91
343231 121
281025 48
338414 6
095224 93
014695 6
527040 244
263283 23
081385 47
356365 232
002322 141
093145 47
123128 231
053243 15
080440 141
161554 17
272394 181
463990 26
400627 1
000146 141
011167 17
016524 30
121937 167
275782 17
000209 153
396342 202
005123 67
407087 245
235089 164
182935 93
446982 208
454955 132
029377 139
105251 246
159596 222
022214 247
189031 1
356763 38
121337 248
353071 218
123169 249
061254 11
353380 250
157977 57
035894 177
463432 6
445473 9
300205 101
134237 6
018355 141
261713 251
521537 62
514716 46
132696 189
094018 252
025673 93
004039 17
011435 47
057489 64
067460 221
038502 47
230643 63
399900 219
253369 93
055974 33
024862 6
475504 91
221762 35
253241 253
048102 11
076565 30
278687 5
491765 245
001358 9
373030 39
423800 46
130011 140
374525 31
048856 79
489644 153
275889 8
021712 9
259973 226
439871 138
099507 74
321207 205
297672 80
114669 17
448032 254
531698 109
246597 38
068515 202
148385 255
018917 57
231140 79
051786 5
446658 46
408330 28
042615 17
014696 6
267209 3
097562 107
086109 17
023786 17
065784 26
400679 1
302975 142
180857 71
395135 69
028645 176
207285 93
123592 256
048801 177
117128 125
025066 141
358965 47
395452 1
152406 38
046592 88
062858 57
055782 218
264646 38
314803 257
023868 50
062336 5
122595 226
011877 139
007918 141
006551 9
083195 47
324876 184
284437 141
346310 141
203857 125
099593 17
074023 4
020128 9
011476 84
063073 225
458475 31
222125 16
492085 1
087547 69
000078 93
069864 222
407273 234
362592 9
041575 11
269286 57
005883 9
418953 258
032423 5
175720 46
159150 30
078819 200
178751 201
039774 38
091205 256
124262 202
100703 64
370065 29
032509 47
421719 259
368672 13
002032 40
086097 260
162836 6
474271 261
074017 17
405648 6
212350 127
258009 245
184303 213
083976 262
233333 224
276150 263
185861 264
201408 185
225059 162
053870 139
016519 91
080914 91
195942 21
329417 141
190330 258
201049 184
111301 6
013779 17
054786 33
052949 224
319557 5
477551 28
314002 57
107492 57
047968 11
017159 64
010011 64
012241 67
500841 265
020550 171
284036 89
318399 139
092097 38
222885 266
091951 33
390906 43
022509 17
339057 193
078586 17
024204 47
205836 71
011091 6
042108 57
236710 267
170967 31
081588 5
033069 30
040059 5
467044 125
452992 123
091007 13
395028 265
063168 5
145010 268
089595 269
037916 84
055530 6
303774 270
216730 266
217566 30
205083 271
505727 84
074655 6
025984 84
140581 47
032837 57
042294 45
078084 67
005908 64
361605 233
229696 103
033359 84
313091 272
111905 6
317260 50
055435 84
105882 84
035211 39
403933 89
157187 273
519858 119
052284 274
324676 81
023718 33
016764 58
379074 96
330848 28
101696 175
001749 17
020342 67
403369 91
316157 222
037213 20
457215 42
390419 154
163635 259
017854 57
046237 84
017535 78
109124 224
170275 43
185774 17
207363 218
438595 131
191934 57
252821 57
055061 6
010958 57
277944 6
026054 57
137496 6
153694 50
524812 11
170295 256
382662 172
258509 275
130752 43
048242 30
022873 57
381703 276
050535 17
017057 17
010472 33
155826 216
001039 191
012639 57
080454 5
356859 269
023147 17
142423 79
053632 6
064428 17
003595 6
471929 277
002712 6
009848 5
047300 84
164703 38
062000 57
020420 204
051649 245
316417 129
071981 186
178595 3
242206 153
014287 9
381165 57
057933 91
094946 93
296876 126
451754 87
320530 226
152612 277
096787 57
014927 6
339260 233
134780 141
025000 79
033339 67
018953 84
332421 227
529996 91
226178 47
402157 97
004914 120
184297 107
010433 107
034839 278
241938 107
017595 64
537585 57
243441 279
029874 11
011477 84
476242 109
191820 126
074131 134
012214 84
504192 84
203596 280
504225 153
010012 64
109071 67
356139 141
528473 264
007975 93
010307 79
219729 112
024260 93
449648 172
109728 224
242154 5
277308 93
008510 17
480004 281
060557 9
474371 5
001718 9
397468 121
165755 178
052933 11
121847 24
009006 84
068332 129
181129 93
040173 17
246772 45
017259 57
135164 76
044474 280
004893 280
318651 210
001810 17
002892 17
025987 67
342116 38
426676 282
011393 17
040251 222
003544 17
106091 47
167907 47
532438 283
002265 84
124131 284
066256 6
009132 99
121060 16
012304 67
002067 47
367398 256
413955 0
035414 6
001646 81
014930 256
334070 58
069872 91
226927 245
123848 235
012397 93
039445 84
227177 5
021858 45
165146 120
468186 206
005375 1
489379 117
030554 6
006312 17
485928 227
008428 256
532481 256
043898 84
011804 91
051617 280
093237 65
014670 33
119370 265
176094 283
010321 6
502444 99
311303 112
496461 57
418783 29
089160 153
333813 47
007530 17
158787 17
506673 29
051663 9
184792 15
326823 256
029993 64
337158 115
020672 280
079614 68
022064 84
024735 84
297489 36
041716 84
030835 93
002561 280
080153 6
443795 285
027636 84
005092 286
130795 119
217650 245
146342 287
043626 69
066915 30
216590 79
010523 5
061483 258
001357 57
011373 6
143048 79
024734 84
005359 6
061179 93
290887 270
017491 16
396310 133
020607 6
323656 5
269551 288
188516 289
007445 6
170194 36
057359 6
006614 64
065980 67
235961 86
457660 290
312582 93
093901 28
372092 3
026363 139
013216 17
328300 291
296710 72
002893 17
081027 6
020105 280
015139 9
021549 17
463850 292
032200 57
066604 100
478186 120
184310 38
266389 76
043097 67
234555 137
310373 293
028415 57
193031 182
102117 105
006099 280
343082 294
281287 197
042223 136
023148 256
076575 89
178158 93
174579 110
001062 11
001100 47
226647 216
013049 6
174567 295
002986 84
088971 64
454600 76
006480 67
259511 296
136377 167
032957 47
328819 31
036057 33
222720 182
106451 11
142825 84
027906 297
011709 91
267940 84
017109 184
020307 5
025937 31
078382 256
491525 298
167940 173
187145 277
029413 256
192869 252
120668 224
199664 57
035043 9
367361 285
108830 299
077764 30
244763 230
039332 33
037175 6
026185 57
048346 17
007801 280
172042 13
132275 260
421073 64
463093 279
032854 84
069665 28
020096 57
047194 139
483757 184
491709 300
044686 47
030647 280
363093 53
034616 301
086369 256
065850 9
139755 6
035932 6
333812 16
092553 12
358160 129
262969 266
247066 302
104593 81
002374 57
301597 294
038557 269
228919 225
261365 215
055033 116
107900 57
150483 114
091414 17
001215 11
399856 52
008577 47
189796 11
037657 31
358637 72
005449 17
295282 91
049639 84
223714 48
037130 184
138910 184
001772 64
018066 303
337520 304
015784 17
018711 81
019500 6
028429 17
182640 269
029737 267
030580 57
221936 5
084698 224
164809 81
410768 284
375342 44
479713 5
159405 38
331120 9
331482 180
021693 84
025032 30
023975 139
320977 98
109453 224
004415 280
002566 139
022630 45
003261 91
043605 6
055923 67
081383 256
446842 216
209897 305
059242 280
171655 46
463789 184
242113 57
294669 202
129216 64
220694 227
217163 129
018001 78
180066 306
040060 5
019329 84
036620 252
228674 100
139754 6
047808 184
240163 9
049696 84
005715 6
118351 306
446491 21
017651 213
195244 225
312726 92
076452 93
105595 224
310176 6
438404 307
051939 28
132922 47
000876 17
025695 11
316103 84
090589 17
493693 91
476214 24
065743 280
006613 64
067903 218
383803 78
028736 33
320680 168
057405 64
122241 104
134878 232
477152 213
128406 31
006275 17
028885 17
189702 45
356840 182
241940 153
209789 237
309186 57
014931 17
024438 184
123507 274
066399 261
107811 105
113387 308
020628 280
104923 182
455052 309
044318 6
040238 310
227959 305
088743 232
032694 252
017761 84
482700 107
012441 139
051489 5
213325 311
143273 57
025318 17
083273 47
014142 33
030048 67
061147 184
384311 24
176498 107
013778 17
075955 173
033176 67
115459 6
190630 197
391332 41
236937 181
234219 17
063768 29
126974 184
361334 216
052182 139
095273 124
103452 184
278381 72
496165 6
074326 30
158918 89
253211 132
197922 9
082818 312
176151 204
198114 306
391690 46
089358 93
396641 306
025815 17
214487 202
314941 57
083628 9
036777 38
059991 242
008839 224
375473 82
066853 139
441491 304
049591 88
006799 280
241311 0
054010 242
085451 17
004407 57
016814 33
414750 93
078623 269
325877 222
013373 17
077287 47
012852 280
064674 9
192828 313
288682 299
040096 254
007751 47
328149 314
279554 5
334979 99
033070 30
126186 181
079339 89
482190 24
385938 138
399425 114
173312 224
063207 17
150162 130
328805 170
004848 315
004446 84
125452 29
074097 17
467989 64
203087 141
152806 316
119464 280
433311 91
191586 158
387897 13
231724 47
260106 317
454491 6
050123 318
373542 45
069074 47
004044 6
098452 9
004251 17
235235 66
488996 279
048082 6
058067 319
091886 25
032645 280
035679 184
133426 57
408967 189
330065 7
035498 57
122390 280
344960 320
473438 240
028280 280
019621 57
000526 67
393365 5
229261 321
485287 28
189819 17
086522 6
046919 9
528506 29
039850 91
434016 124
358720 29
213248 175
051057 64
215410 0
334420 184
005664 17
066410 6
115123 17
240469 17
334839 322
282690 245
419366 250
351619 323
384013 172
510223 324
412281 325
244491 17
281245 27
170676 5
005358 6
026997 91
062873 291
461944 38
145110 11
065311 45
231428 57
278711 153
027004 139
226732 60
051475 326
054444 84
215236 303
056037 81
125972 93
024580 91
508539 84
294482 243
381253 286
078383 31
476681 327
080301 6
261512 78
234592 292
075768 66
004408 57
027517 57
184711 120
447128 134
364017 57
022036 189
011521 64
040946 328
502376 213
066929 91
355604 284
532677 99
010957 57
298116 329
282919 280
060504 6
389697 106
028236 57
257314 330
492917 152
017258 57
069278 11
088660 57
395344 57
239980 331
508922 280
287657 214
008040 64
197280 277
359110 263
018091 224
421717 280
470634 224
141382 29
429999 332
049438 11
254281 6
077345 224
003795 6
058035 269
092809 233
048521 153
082121 237
050806 67
496689 138
148008 64
050523 105
272327 312
281055 333
416081 200
059095 17
430520 334
386010 6
000817 163
458019 335
076618 30
176844 139
239402 280
284256 17
008867 45
004038 107
043043 17
024163 115
217862 294
137401 298
181747 336
197559 282
019200 6
019399 11
341650 138
053415 67
291511 271
230250 337
107923 79
421783 338
011397 84
149859 30
296461 172
388724 5
019487 91
273511 339
005042 57
503489 257
001962 33
280385 337
038362 6
002010 11
010436 17
322296 340
512458 341
080285 107
000966 9
040229 5
067768 64
124799 300
111699 342
414085 37
037037 43
045289 146
021713 57
106002 28
413863 56
095432 327
075916 17
153445 64
075290 4
002509 17
286726 214
026614 91
295167 90
488828 105
405831 184
242155 5
441628 36
329193 122
276557 1
034937 9
471559 28
003750 11
231403 60
181725 288
295891 343
004507 6
001063 11
450320 2
027618 17
169806 30
021634 183
020472 17
071913 282
095300 114
143261 62
472549 79
031868 57
322668 344
047330 305
002581 33
017456 6
423077 345
077430 30
072463 108
005555 184
056303 30
474663 13
410236 107
092311 103
056078 59
247869 346
049732 64
440799 347
052522 67
115793 2
061027 46
209298 118
005718 11
335824 348
506935 349
264427 350
042587 139
254916 351
339191 352
026773 30
504042 17
091744 316
046667 20
138120 43
015140 9
018759 17
156737 172
013690 184
064334 184
014490 17
007019 117
047195 139
015115 11
390331 31
124988 237
028174 139
033093 67
253411 353
013889 33
079487 9
093588 354
182152 141
333006 5
318193 309
034819 48
006437 107
009172 6
191409 252
489211 306
050805 67
504479 75
036835 47
035930 67
005877 64
372316 196
446933 139
007016 6
159734 181
240539 181
009036 6
136042 184
338492 141
234122 45
298111 38
014221 107
040373 107
010249 67
085510 224
054287 33
009588 11
027082 6
481785 300
287715 118
332145 107
016783 64
009874 139
177432 72
011168 17
039690 91
271428 152
139308 189
005745 33
275565 355
462051 53
433431 100
014999 9
479278 18
039426 6
001809 72
235492 356
345488 251
132172 126
022217 224
016782 64
250573 181
005514 84
077414 84
003982 38
454993 29
345782 17
343912 351
067597 17
398413 300
009826 6
178157 72
155087 13
370509 93
283864 72
004250 17
005434 357
018954 84
498166 358
263379 359
167854 84
026053 57
205939 360
268897 224
010859 84
021009 84
007446 6
391598 361
015954 17
491809 362
239977 141
344782 363
346313 191
108004 364
028430 17
017490 16
429047 77
000525 67
384266 120
310418 13
015732 5
067236 9
328231 233
271197 38
005882 9
014288 9
281772 29
290085 9
003507 64
015596 5
145125 17
407565 29
001286 84
360637 57
344489 6
046983 245
221900 47
024203 47
038296 84
017507 57
003062 11
002567 139
140488 152
024261 184
050856 57
106024 18
234924 365
197387 184
045091 5
077258 75
420321 333
039980 45
149383 11
007753 17
334363 57
120042 33
237833 68
049440 213
001933 84
299213 57
030971 57
056302 30
461041 78
424690 57
040724 17
126142 366
218188 367
223210 29
339417 42
004447 84
004416 107
009037 6
145833 100
118192 28
397469 121
000077 184
091321 31
068398 64
028713 11
106997 6
321175 209
011396 84
019547 33
468275 184
026104 68
034776 262
145914 6
066152 30
040092 91
153802 368
318197 22
015766 67
066930 91
216720 6
148917 224
003749 11
024989 64
025765 184
024272 17
022729 17
067435 81
226812 207
022508 17
311271 369
386248 107
466790 269
089123 79
069277 30
069839 336
047181 17
326766 233
026259 224
169427 1
014071 67
012252 84
018429 33
018419 5
029885 291
067788 43
057736 335
386325 370
344315 17
505131 158
403898 45
056644 21
453424 61
034135 184
229868 127
140021 57
288398 133
381854 371
310711 372
029425 102
103047 84
300045 202
464321 93
205806 295
382258 84
117143 79
078187 163
045623 17
011882 17
482487 245
245580 373
095743 72
114998 374
366277 196
152583 38
006438 107
066465 64
009632 375
078693 43
121220 350
051605 92
017812 57
015309 17
176268 5
164707 62
520948 81
028721 106
242167 118
525213 376
534668 377
047724 57
114804 6
056321 378
054116 17
089546 5
245761 30
145489 6
026645 2
024296 107
066484 91
001885 107
011343 17
059367 57
024793 67
316394 21
474323 48
019254 11
427048 84
138229 84
036847 17
445581 58
041760 379
144701 57
037620 57
049184 30
130098 17
077734 126
018172 11
024723 91
128488 84
159296 380
012544 47
011092 6
474272 381
042620 139
322130 52
006502 38
158845 6
370382 382
037617 47
010370 17
083629 65
175518 76
102677 17
076902 43
535850 359
420275 72
029169 9
356643 362
039387 383
005041 58
002920 17
037006 300
015733 5
002066 47
037340 5
033031 115
020826 184
042586 139
064935 93
361364 93
030055 17
439867 111
054190 176
306677 72
009662 67
138230 130
437543 72
198910 224
024572 57
051527 379
288519 350
002438 84
397712 384
186212 93
130137 67
506404 184
456263 344
180644 309
313838 277
371608 65
011797 57
039755 33
020126 184
256399 385
098357 102
081601 49
515697 91
023367 224
482014 58
180240 11
107152 139
053868 175
256931 381
153031 129
351244 381
193898 190
311564 238
032295 47
173547 172
306463 107
361963 81
030340 139
007976 184
018194 33
194015 5
142602 293
010322 6
477290 140
346800 309
019980 5
035931 6
152628 102
102320 252
066854 139
187610 386
017135 6
000877 17
069258 184
152058 288
471785 0
355363 143
184850 24
330767 197
001182 33
027331 6
409664 190
107901 57
189329 57
008838 224
026613 91
372576 37
273850 193
244954 268
356165 7
017171 47
114169 84
073336 387
389359 252
202305 17
020169 350
239480 137
003349 30
050006 67
136860 350
184562 338
075209 385
074665 17
045974 224
004265 17
001978 139
438932 305
065284 388
155441 65
268654 93
002375 57
020827 184
045891 353
399645 84
116044 81
049460 9
059802 71
033427 6
164404 100
025911 84
043413 5
044331 57
365967 43
036152 57
005656 57
195943 21
043700 64
465692 68
485009 316
346892 106
531500 389
124127 248
123316 140
260444 237
167444 11
071756 17
487312 11
312790 390
171256 57
014442 38
050265 184
460160 17
004368 17
070739 151
105454 61
040046 84
428063 6
008462 84
053892 285
056332 17
497733 87
001934 84
068871 391
367829 118
308316 263
007919 84
108633 81
142409 182
080913 91
154637 202
118873 318
532042 78
482987 121
289243 245
407025 300
025023 91
365925 291
224541 242
180521 17
238437 29
107021 143
377262 38
383762 45
480704 213
163592 345
067852 217
036836 152
474694 392
182874 84
353847 76
055955 244
001961 33
387500 182
237296 182
034522 143
026856 143
461713 190
039092 212
070277 5
036297 5
288546 393
320035 341
010524 5
034936 57
435450 184
184278 394
002508 17
013088 2
008067 91
298974 92
082345 57
014926 6
020542 84
517656 65
537334 21
284553 395
113162 224
374098 57
038984 107
392252 217
334285 182
032032 57
197017 9
182601 350
047485 57
208934 63
041016 373
027127 57
106087 79
024715 138
068373 47
061315 9
471288 197
075917 6
041669 6
465120 301
302477 6
013113 84
128068 396
069337 397
109436 183
036435 84
355382 392
270976 224
015953 17
422197 398
018918 57
054840 93
458478 57
497810 128
405974 81
421100 217
417490 50
000967 9
419918 226
297580 1
461513 7
005746 33
127166 342
049715 84
489838 76
461731 384
078670 17
516686 64
014958 9
178244 371
414584 333
179782 121
028722 6
018296 57
142484 399
025422 30
046047 17
215185 96
010564 17
143295 153
457493 68
010371 17
216192 1
030030 46
178992 305
113767 105
162078 4
023803 6
108858 94
029453 68
039225 391
133135 384
369018 400
241356 6
277847 401
299458 57
066734 31
003061 143
061318 224
243413 5
396075 300
478880 222
018276 57
434502 91
486011 72
019396 17
276985 381
249792 381
035033 64
030021 84
002929 57
051558 269
339502 129
024960 152
013650 33
011796 57
233784 17
