0 16.055989027023315
001292 0
000596 1
000237 2
002825 3
001291 4
001400 3
002517 5
000672 3
000333 2
002888 1
001436 5
002500 6
001396 7
001029 8
002146 9
000231 0
001802 5
002711 10
000143 11
002040 12
002945 7
002403 13
002492 1
001764 14
000982 15
001012 12
002698 16
001081 17
000172 8
000558 3
001227 18
002592 5
000339 19
002855 2
002320 20
001158 3
000650 12
000314 1
002732 21
002383 13
000550 22
001191 20
000632 7
000153 23
002129 3
000111 3
002938 24
002894 2
000730 23
001597 2
001872 14
002399 25
001103 5
001468 10
001410 14
002460 26
000108 20
000481 8
002902 22
001078 27
001564 28
001480 25
002019 26
002043 29
002672 30
001216 7
001369 31
001406 18
002617 0
001140 24
000528 3
002033 32
000266 11
002131 22
002300 32
002431 33
002695 34
002992 35
001853 13
000348 25
001487 6
000832 36
000241 37
002692 38
000356 22
000905 36
000521 39
001137 4
001734 40
001573 24
002110 41
002235 10
001738 39
001620 42
002703 23
002706 11
001051 43
000064 44
002954 45
000737 25
000867 10
002633 44
000577 28
002665 23
001849 1
001177 1
001314 38
000994 12
002137 23
000271 23
000369 46
000099 47
000597 28
002537 48
000016 25
001115 25
001882 49
002122 4
001333 50
000291 5
000789 51
002873 19
001888 23
001212 49
002002 52
001569 25
002115 53
000957 54
001108 26
000557 38
001753 25
002511 55
002494 34
000489 5
001326 23
001615 56
001428 29
001448 23
002531 57
000144 23
000524 24
001026 58
000530 46
001112 1
002737 43
000219 33
000612 23
002823 50
000740 0
000858 2
002374 23
001129 43
000123 47
001807 8
002375 59
001515 51
001203 29
002417 23
000281 60
001294 38
002748 3
002754 15
001873 26
002483 7
000600 7
000817 61
001557 13
002310 1
000782 29
002813 3
000717 3
001798 33
002578 62
001679 42
002486 61
002485 48
000113 63
000158 0
000495 64
002865 23
000682 58
000260 65
001249 26
002871 66
001805 5
001720 13
001988 5
002117 10
002401 67
002866 68
001090 69
002675 23
001355 28
000929 48
001195 70
002387 49
000028 10
002629 8
002721 58
001463 5
002133 53
000825 25
001276 71
000628 51
000069 67
001993 72
001013 73
002606 28
000516 10
001981 13
002204 74
001486 75
000102 23
001390 31
001495 1
002183 8
002101 44
001306 10
000500 55
000080 76
001736 26
000766 1
001654 74
002526 77
002333 34
002324 22
002767 0
002513 19
001509 78
002539 23
000342 0
001443 10
001577 23
002747 79
002845 23
001073 5
001688 5
002830 8
001847 8
000159 35
000055 80
002831 81
000063 56
000313 8
000959 33
000205 38
000132 33
002536 38
001984 0
002326 1
000337 52
000085 14
002465 3
000242 38
000791 63
001394 60
002026 58
001425 76
001467 13
001497 60
000077 82
002851 15
000094 10
001709 24
002708 13
000138 10
000843 26
002872 5
002412 83
002789 82
001821 57
001490 5
001345 84
002739 85
001062 61
001488 38
001860 2
001891 10
002013 72
000759 25
001149 48
001578 28
002712 13
000073 23
000228 80
002440 33
001493 86
002488 87
001007 80
000809 75
002506 9
001940 8
000130 49
000983 26
001102 8
000664 85
002505 9
001057 88
002305 14
001354 85
000222 14
002149 5
000693 22
002162 10
001461 89
000586 23
002937 62
000956 78
002838 26
000745 1
000733 55
000476 27
002870 85
000735 78
000005 19
000962 10
000660 90
002138 91
000070 35
001836 63
000921 92
002145 7
002859 85
001933 25
002094 3
002005 22
002263 23
000049 93
000254 78
000503 94
002849 95
000083 78
000734 96
002595 0
000061 97
000024 48
001634 43
000506 98
000522 10
000827 13
000970 7
002329 61
000924 97
001269 99
002781 100
002875 13
001600 101
001464 76
002551 10
002192 9
002489 10
001731 26
000585 101
001248 91
002166 1
002372 5
000477 23
002274 26
000799 3
000318 102
000469 13
000402 3
002946 23
001175 103
000104 88
000512 53
002575 88
001687 91
000997 18
001774 25
001482 43
001347 46
001592 76
001689 95
000620 8
002393 9
000185 86
000457 60
001831 104
002613 8
002582 88
001160 105
002051 22
000945 106
002939 51
001266 8
000103 88
000468 4
002278 23
001607 29
001322 107
001781 26
000131 54
002063 5
000828 108
001496 109
000587 3
001806 110
001627 111
002784 28
001692 9
000531 91
000264 112
002456 91
000777 113
001867 96
000141 62
000552 114
001730 10
001717 3
002191 13
001746 94
000787 115
002993 62
000763 63
000473 53
001920 116
001284 10
002410 117
001662 88
001004 10
002262 118
001209 87
000653 11
001614 9
001710 8
000785 76
002929 1
002815 58
000995 119
002025 44
000898 19
001647 106
000581 10
001551 28
002281 120
001819 118
002344 56
002953 121
001349 112
001776 11
002630 9
001941 3
000538 14
002436 114
000096 122
002959 61
000464 9
002014 10
001382 47
001156 3
000220 123
001747 60
002585 76
002546 20
000770 0
002907 53
001828 124
001727 38
002168 125
000329 0
002366 100
002037 94
000112 10
002529 126
000967 88
000432 8
002288 40
000149 124
000908 127
000261 128
000376 103
002520 20
000019 48
002969 129
002988 4
002663 130
001998 131
000274 82
002626 13
001128 61
001642 62
002139 90
001432 103
001237 88
002066 127
002125 119
001883 9
000269 94
001939 124
001650 26
001611 78
002962 132
001117 71
002000 76
001079 62
000364 10
002064 7
001711 123
000034 5
001726 114
002173 133
001537 43
001659 90
001305 134
001698 9
001735 29
001417 10
000279 135
001795 48
000935 88
001572 24
000363 127
001961 133
002568 136
001440 53
001424 9
002847 130
002395 88
002099 9
001565 8
000708 137
000386 34
002229 104
002024 94
002175 26
002400 134
002328 122
002075 3
000987 58
001678 60
000659 10
001568 138
000856 76
002118 3
001991 108
002213 60
002893 132
000527 138
001956 129
002077 90
001750 38
001596 88
002837 139
001904 9
000287 23
001835 140
000268 62
001874 141
002793 11
002425 53
001506 32
001788 44
000644 63
000647 142
002319 20
002342 120
002577 23
002165 78
002614 9
002768 108
001996 90
001919 26
000210 124
001264 143
002930 85
001331 144
000622 109
001265 145
002086 4
002116 81
000564 89
001966 13
000200 146
001437 10
000015 23
000209 147
002726 90
000834 148
001098 78
002337 3
000692 7
000684 34
002477 149
001119 89
000582 43
001721 150
002525 38
000120 25
002176 9
002227 51
001606 29
000295 88
002258 10
002985 106
002237 44
001449 33
001190 26
000009 151
000311 135
002370 13
001165 127
000478 152
001729 114
001066 114
002382 34
000505 33
002141 7
000355 91
001256 106
000038 10
001704 15
002790 20
002593 151
001748 38
001749 122
001258 48
002574 88
001146 134
002819 23
000941 153
002915 59
000640 7
001093 9
001070 25
001126 154
000656 155
002690 156
002354 157
000419 158
001231 56
001143 48
001172 159
002474 37
002224 149
002664 120
002089 25
002228 63
002661 9
002481 160
001719 65
000203 15
002679 131
000811 141
002981 9
002480 114
002631 119
000370 161
000195 39
002610 23
000502 143
001584 60
002484 162
000887 58
001768 163
002688 15
002702 124
000298 94
002058 9
002246 109
001107 110
002919 130
002041 112
002874 34
002475 139
000233 124
000930 110
002918 164
001147 50
002275 9
002567 24
002913 76
002579 88
001167 25
001978 135
002047 5
000643 165
002038 25
002911 0
002885 123
000736 25
000685 148
001591 121
001295 166
001715 48
001670 3
002004 131
002955 9
000808 76
001626 167
000991 168
000985 53
002668 64
000361 164
000330 20
001778 76
001476 20
000598 2
001700 9
002608 135
002496 9
001635 17
002549 9
002603 160
001042 49
002968 169
000109 117
002010 129
001544 91
001416 50
001232 34
000128 124
002434 96
002186 96
001552 27
001395 136
000616 5
002418 33
000661 114
000365 20
000965 170
000701 114
002416 124
002509 114
001368 5
000591 62
000504 46
000623 119
001325 171
002844 135
000157 24
002773 53
002749 114
002979 172
001005 173
000840 43
001399 3
001527 69
001420 53
002612 114
002912 91
000007 25
000869 135
002119 15
002109 56
000602 174
001289 58
002042 3
000595 10
001323 129
002571 1
002398 82
000892 14
000835 49
002364 78
000837 129
000739 5
001562 175
002462 9
002082 90
002081 17
001862 9
000774 171
002744 14
001096 7
000630 46
001559 68
001315 130
000216 113
001856 114
001556 23
002053 7
000292 61
002001 97
001530 46
002681 175
001902 134
000227 78
000542 34
000857 76
002090 76
001633 78
002522 85
000217 94
000720 78
000830 13
001977 53
001638 46
002242 135
000174 60
002927 168
001257 135
002135 106
002507 9
001293 161
002933 117
000322 85
000324 106
000270 9
001206 8
002285 135
000754 9
001159 58
000427 53
000004 131
002642 53
002006 176
002501 59
001471 78
000565 107
001517 69
000357 7
001999 114
000955 164
002381 96
001316 60
002421 48
002563 44
001925 164
002350 11
001197 177
000474 46
000247 178
000201 28
002883 164
002752 179
002203 180
000181 114
001668 58
000350 24
000875 145
001273 60
001618 172
000847 3
002007 60
001864 181
002479 54
001742 9
001358 48
002069 161
001757 182
000345 130
001383 7
001740 29
000731 171
002924 24
001763 26
000588 149
001380 149
000862 7
000177 178
000455 6
000373 149
002564 149
001105 96
002598 126
002148 91
002541 34
000961 88
001811 126
002775 58
000601 49
000317 117
002699 76
000783 183
001869 61
001843 184
001268 108
001348 96
000593 117
001262 0
002349 61
001344 135
002956 1
002922 82
002039 14
002743 43
000915 90
000283 56
000186 3
000453 88
001037 3
002622 48
001501 32
002307 185
001745 9
001477 76
002359 184
002504 73
000696 78
001168 136
002766 48
002365 186
000849 161
002323 94
001765 131
001936 52
001771 187
000548 51
001188 9
002114 164
001817 135
000607 56
000973 89
002674 25
001820 18
000814 188
001733 63
001303 39
000796 46
002487 11
001088 53
002247 106
002778 180
000511 189
002367 43
002982 76
001640 180
000288 60
000076 75
001023 97
001661 172
000100 15
000750 66
002396 81
001353 11
000306 27
000316 190
001793 106
000072 26
000309 23
002926 64
002560 58
001032 181
002296 20
001401 90
001313 90
001405 13
002899 48
000678 189
000826 135
000666 23
000335 14
000124 46
002449 191
001240 90
001267 11
001985 60
000366 58
000285 135
001381 108
000488 138
002787 56
001582 192
001871 20
000134 1
002756 56
001460 193
000958 20
002197 123
002841 78
002596 191
001967 119
001684 94
001895 76
002742 20
002550 91
002852 104
000037 61
000954 69
000118 127
002452 76
000392 76
001301 60
001135 53
002277 57
001124 13
000599 194
000492 103
000615 85
002801 195
000918 196
001478 185
000788 197
001716 39
001896 81
002439 20
001545 198
001224 75
001913 164
001854 185
000756 56
000841 199
000273 135
000572 138
002682 82
001230 150
001357 115
002251 3
000167 49
001909 200
001278 108
002691 38
001491 75
002272 110
002111 58
000540 53
001824 1
001162 26
001438 3
002084 28
001816 201
001064 0
001550 133
001690 46
001865 134
000910 50
001714 103
000062 19
000800 169
000780 198
001414 169
000689 53
002314 164
002463 76
002895 76
002521 63
001236 56
002380 202
002905 120
001707 149
001812 100
000579 53
000778 53
000293 124
000460 81
000035 63
002573 188
000543 106
001901 46
000998 172
000257 63
000371 50
000081 61
002420 203
000497 13
000729 65
001022 136
001641 114
000446 204
001696 8
002723 126
002659 175
001777 205
000517 15
001520 129
002994 96
001009 138
002177 94
000433 206
000276 94
001047 13
001724 133
000282 54
001885 56
001541 72
000646 90
001893 207
002161 26
002591 149
002220 5
001178 9
000039 134
000336 20
001125 69
000541 5
000943 73
000383 73
002384 37
000885 49
000240 20
002448 73
001675 5
001489 5
001388 199
001929 208
002725 204
002209 209
001163 198
002896 15
001288 210
001377 26
000243 166
002361 37
000569 75
002190 78
000218 27
000649 108
001937 24
002222 17
001299 9
002806 201
000757 131
000146 94
000289 211
002760 11
000560 108
000059 201
001625 9
001930 78
000221 94
000232 202
000926 212
003000 19
000147 31
001131 193
002357 15
000084 94
002185 32
001671 187
000244 78
000771 100
001077 75
001255 20
002476 5
001238 213
000182 15
000795 214
001182 33
001752 135
000576 7
001456 5
001458 215
001132 35
001946 216
002635 56
002394 53
002558 76
000304 202
001797 138
001261 14
001161 105
002556 5
000786 195
001818 217
000212 19
001282 78
001973 26
001952 134
002335 43
002502 131
001318 24
001455 195
000571 103
000465 42
001758 162
002810 140
002616 118
001421 94
002524 15
000117 112
000461 103
002451 18
000621 218
001528 15
002020 219
001270 5
000978 149
002221 220
001694 72
000712 217
000405 81
000430 62
001631 6
002694 39
000518 31
000769 5
002730 26
000046 72
001792 135
000467 50
001796 15
002347 58
002210 221
001655 26
000810 211
000690 222
001637 94
000758 223
001982 0
001446 56
000753 206
002261 72
000307 78
000482 155
000162 155
001254 21
000923 26
002917 109
000852 103
000449 124
002826 7
000652 114
001186 5
002248 187
002317 156
001989 7
001075 197
002995 124
001201 108
000609 0
002594 95
001309 26
000912 11
001581 135
001243 53
001055 39
002975 149
000040 124
000031 80
002590 180
002297 26
000732 94
002052 138
001931 224
002298 20
002250 94
002153 149
000388 2
002200 124
001067 164
002532 58
000377 31
001673 94
000249 87
002325 94
002833 22
002031 149
000044 103
001702 5
000456 188
002132 17
002719 187
001813 164
002055 205
000415 150
002073 109
001979 94
002223 5
000115 37
001080 225
001801 198
002255 208
002065 124
001848 20
002343 108
002700 226
002134 109
002750 227
000170 187
000749 114
002796 106
001441 134
000523 168
002605 171
001657 122
000713 216
001221 228
000917 33
000804 63
002011 124
000525 26
001965 26
000722 43
001866 94
000977 164
000746 222
001987 216
000471 20
000338 160
000567 229
001855 29
002619 53
001878 230
002280 5
002299 231
001024 188
002127 49
002792 73
000626 78
001605 60
000053 72
002740 94
002353 94
000196 11
000645 114
000066 80
001810 20
002910 232
000424 32
000399 0
000784 69
001887 49
000284 124
002714 91
001360 233
001253 76
002552 33
002618 135
001063 73
001686 13
001769 34
002253 90
002059 54
000904 159
002970 234
001142 227
002218 235
002812 83
001452 205
001772 29
001251 5
002680 20
000553 133
000829 5
000198 124
002023 90
002469 15
002036 41
001144 73
002686 73
002478 112
001166 236
001027 124
002249 56
002644 117
000603 237
000387 78
002799 108
002861 227
001336 94
002653 192
000805 110
000953 135
000493 95
000697 53
002032 69
002771 164
002832 2
000166 65
002646 61
001370 238
001576 61
000485 23
001744 239
002584 48
001423 65
000155 195
002358 164
000592 82
002142 106
001756 178
000379 136
001028 172
002828 1
002339 167
002689 81
000067 240
000119 184
000003 27
001518 192
002239 241
002113 242
002814 90
000412 15
002974 172
002252 34
000838 24
000250 154
002271 149
001505 55
000533 72
001976 149
000272 135
000344 120
000278 15
000466 135
001330 136
000574 60
000280 243
000368 150
000023 23
000760 159
002976 230
000836 49
000086 244
000845 11
001903 245
001975 131
002652 246
001538 73
001016 108
002856 120
001141 63
002231 247
001951 224
000353 61
002405 91
002923 121
000008 76
001522 50
002829 63
001560 52
002120 14
002234 3
002627 13
002717 164
000236 56
001651 243
001145 149
002611 91
000950 65
002304 248
002056 73
000539 53
001069 99
002701 33
002557 187
002497 221
001339 73
001639 20
002906 138
002705 73
002535 137
000764 160
001109 155
001247 73
001723 0
000202 115
000872 5
002404 73
002107 13
001554 22
001222 203
000976 249
000889 250
000952 53
002545 61
001153 32
002898 68
001949 149
000633 109
002645 89
002736 5
002746 251
000886 15
001099 198
002049 187
000142 61
001799 25
000816 252
001091 60
000082 85
000156 46
001041 132
002243 172
002003 187
002450 49
002150 112
002798 129
000184 168
000611 253
000618 254
000881 255
002219 56
001229 22
001986 187
000319 75
002169 20
000161 103
001636 43
000362 60
001076 172
001889 256
000095 81
002776 69
002921 241
001280 34
000334 90
002581 80
000459 136
002163 135
002709 164
002095 62
001321 193
000509 69
002181 73
000448 204
000447 13
000975 179
000779 230
001045 19
002544 188
002931 173
000347 20
000127 245
002091 238
000340 13
002021 7
001089 43
001465 0
001019 221
001470 27
000974 13
001039 62
002230 178
002466 128
000551 23
001052 63
000375 152
001851 210
000484 15
000888 230
000401 56
000263 135
002602 61
001783 257
000992 12
001773 11
000821 149
000472 258
002385 259
000944 60
000451 60
001643 166
002445 178
002632 63
001877 0
002044 100
001312 131
001531 60
001439 65
000394 78
002862 203
002881 164
001767 43
000676 91
000824 53
002977 260
001513 15
002027 7
001508 72
001703 168
000302 100
001151 101
002467 186
001630 120
002950 60
000480 154
001610 90
000561 34
002245 95
001761 60
002848 20
000773 0
002363 253
002157 75
001343 90
002621 134
002289 261
000842 38
001785 26
002685 9
001297 262
001210 138
002016 195
002731 13
002493 96
002415 155
000718 110
000041 252
002877 211
002160 91
000012 133
000663 149
002990 194
001015 13
001959 108
000584 61
002454 263
001960 15
002241 152
002199 264
002427 135
000359 119
002660 108
001870 69
000853 120
000105 13
000235 168
000695 114
000194 97
001561 245
000617 11
001879 135
001049 135
001056 265
001916 83
001157 46
000514 224
001595 266
000634 164
000385 199
001543 192
002604 26
000850 187
002295 20
000714 185
001542 236
002718 15
002311 20
001583 267
000090 23
002035 1
001837 7
000308 65
001311 25
002009 80
001935 32
001171 112
001363 26
000743 203
001590 26
000922 195
000211 97
002916 232
000384 14
000691 233
000709 268
000403 187
000702 187
002377 108
000999 91
002085 20
000544 266
001208 56
000404 159
002667 96
001083 78
002225 62
001945 78
000442 138
001524 269
002991 126
002196 228
002308 119
001934 172
001533 90
000559 56
000861 50
001134 270
001502 90
002824 124
001947 15
000087 120
000546 271
002785 50
000463 26
002512 20
000815 214
000854 106
002050 203
002158 23
001665 206
001006 149
000234 50
000395 213
001603 94
000189 138
002070 49
000614 165
000437 116
000164 135
001844 114
001219 272
001200 50
000820 46
001547 136
000515 136
000776 52
001469 82
002045 135
001963 20
000487 60
002625 273
000793 133
002508 29
000583 0
000578 149
001412 274
000748 252
001850 106
002206 275
001787 56
000566 276
002301 277
001838 28
002763 278
000580 15
002903 279
001290 50
001593 90
000803 280
000259 230
000458 2
000725 78
000116 280
002151 7
001104 60
002772 31
001842 164
001298 110
002345 231
000547 217
001755 55
002226 120
000418 277
000047 281
000310 195
000878 282
000721 283
002332 90
001525 178
002447 280
001728 172
000947 89
001808 132
002908 284
002901 285
000150 138
001213 135
000408 286
001340 13
002423 28
002607 26
000806 74
001454 287
000846 164
000625 244
002868 94
001880 195
002600 112
000193 31
000331 242
000122 288
002864 60
001384 228
000312 58
001082 200
002184 284
001043 13
000741 244
000883 229
002390 261
002647 197
001404 62
001858 75
001942 114
002498 43
000018 54
000354 229
000258 62
001263 35
000863 289
002468 287
002734 205
001529 196
000060 20
001612 136
001994 28
002623 22
001095 100
000519 29
000422 77
001570 13
000860 135
000013 290
001829 20
000372 124
000389 238
002470 5
000420 62
001494 31
001712 31
001800 169
002965 187
001567 291
002123 94
002046 292
000938 73
000494 75
002762 240
002839 155
000638 90
000428 119
002290 135
001308 94
002820 293
000305 7
002428 273
000909 94
000409 288
000716 135
000981 190
001442 226
000920 15
001307 237
000088 188
002533 282
001649 20
000513 135
000110 29
000680 4
002017 226
001725 160
002379 53
001894 138
001827 135
000398 52
001274 214
002967 58
002753 213
002172 6
000662 33
001185 97
002194 13
000797 247
002140 230
002878 110
001695 33
000738 136
002729 20
002836 22
001782 294
001462 294
002963 265
001453 13
002461 136
001926 39
000679 295
002949 112
001558 69
000822 50
001857 22
000042 288
002650 31
000213 296
000772 32
000323 199
002336 75
002376 100
000931 110
000979 38
000303 297
001992 298
001260 225
000092 202
001044 221
001365 299
001207 287
001622 246
000022 88
002889 120
000949 62
001106 26
002205 34
002426 300
000423 61
002126 37
000175 203
001287 187
000208 28
000499 13
002188 34
000071 78
002850 94
000635 188
002561 285
002887 261
002782 187
000021 112
001685 124
000925 276
001038 112
000613 187
001310 13
001356 124
000045 9
002759 229
002897 90
002707 28
002106 195
001971 25
000129 194
002530 156
001427 89
001621 300
000239 87
002327 282
002609 7
001604 203
001917 149
001743 90
001097 19
000665 301
000454 270
002777 88
002330 298
000687 94
001020 288
001003 247
001846 26
001516 53
000520 43
002392 53
000178 40
001918 164
001250 116
000204 82
002900 302
001337 0
001366 29
002980 198
001130 23
001713 67
000290 135
000048 13
000160 294
001521 94
002733 84
002651 58
002783 110
000933 39
001196 268
001018 0
001924 9
000068 203
001387 90
001133 135
002693 164
001059 187
002080 228
001598 112
001415 78
002360 90
002867 303
002464 90
000406 90
001304 304
000286 305
000707 194
000946 76
002909 151
001697 96
002096 89
001184 306
002321 307
002794 203
001154 11
002419 15
002313 172
002356 288
000667 19
000252 308
002195 221
001546 194
002510 149
000700 245
001285 93
001693 161
000604 218
000986 131
002755 288
000906 203
001669 94
002947 236
000526 119
001194 127
002232 60
002678 28
000545 50
001914 164
002957 63
002817 136
001834 270
002279 309
001908 60
002751 62
001653 20
002757 94
000706 108
001225 9
000673 76
000762 164
000378 63
002860 248
001852 310
001683 164
001372 132
000744 76
001068 46
002802 135
001861 164
002270 117
000654 63
002268 311
001826 39
002373 310
000868 287
002316 235
000848 94
002015 187
002028 89
001092 166
002971 85
002964 216
001444 15
002174 135
000139 80
001619 129
000326 312
000341 99
000554 287
001040 23
001183 118
002437 273
002797 313
000238 54
002519 109
002528 124
001279 188
001084 53
000648 314
001897 39
000253 188
001732 233
002935 108
000328 94
001434 253
001972 172
001539 76
001000 73
001418 119
002518 90
001164 315
000728 295
002932 273
001574 0
002941 135
002999 268
001928 124
000183 167
002067 263
001035 157
000790 119
000358 203
000942 43
000173 98
002720 5
000594 83
000470 119
002805 268
002362 13
002840 135
002435 20
001648 287
002722 43
000165 287
001485 316
002677 89
000251 317
001085 229
002657 58
000400 133
000802 245
001969 274
002572 178
002553 23
000029 90
000642 43
000927 288
002998 274
001061 268
000452 36
001957 50
002334 20
001932 164
001825 63
002414 192
000380 61
000536 244
001762 17
001575 268
001841 263
000352 90
000294 255
002391 227
001169 103
001116 105
002346 62
002072 124
002543 15
002458 62
000091 124
000960 224
000001 6
001646 78
000683 211
000382 11
002637 294
002523 15
001492 4
002178 266
001252 164
000627 19
000916 9
000705 76
002315 59
000619 316
001645 5
001510 220
001422 318
000320 94
000224 288
000214 109
000573 149
000078 112
002892 75
001413 148
000440 151
002217 75
000343 164
001033 57
002944 31
002676 34
001859 319
000491 9
002472 172
002628 0
000932 316
001921 87
000686 124
002727 73
000255 210
002639 311
002207 124
001875 172
002943 18
001223 46
000296 320
000710 160
002060 178
000641 52
001868 321
001334 27
002216 135
001737 272
001839 164
002008 24
002264 27
002312 187
002649 37
001352 304
001511 108
001602 146
000190 23
002424 76
001373 90
001296 322
000556 26
002713 61
001111 295
001189 135
001892 69
001121 322
000698 133
001218 26
001886 53
000988 94
000327 241
002960 178
001180 94
001708 323
001555 227
002155 324
000668 90
000874 164
000057 151
001054 94
001503 325
002858 22
000017 138
001435 192
002254 187
002124 23
000135 75
000002 95
000438 203
002827 318
002459 326
002809 66
002687 327
001346 51
000568 61
001192 133
002846 15
001087 135
000426 56
001114 76
002804 62
002745 319
001181 198
001466 90
001699 169
001536 227
001008 303
002987 172
001155 148
002978 184
002879 94
002433 81
000871 284
001498 76
001138 86
000866 288
000768 160
001954 80
001205 247
000180 328
002835 53
001122 149
001779 86
001962 3
002770 80
000864 303
002769 329
001617 89
000346 316
002368 287
001275 288
001320 287
000051 135
000969 330
000121 46
001317 331
002914 149
001968 31
001393 164
001217 108
000844 332
002284 37
001286 22
001995 178
000479 46
002658 209
001571 46
000075 333
001211 250
000575 76
001457 166
001804 155
001036 112
001790 124
001876 0
000964 7
000655 50
001021 291
002293 70
001234 124
001204 60
000902 80
000441 190
000984 58
001881 334
000206 221
002105 26
001409 69
000501 73
002062 20
000532 187
000742 87
002788 86
002673 15
001335 335
000590 23
002286 124
001905 0
001451 336
001174 337
000606 179
002882 338
000176 20
001214 23
001784 80
001481 5
002340 108
000413 206
001391 179
001342 253
002078 19
002890 58
002201 112
002936 166
002446 73
002764 136
000349 339
002514 178
002322 188
000884 247
002843 80
002891 8
000265 65
002786 224
001624 109
002587 5
001179 187
002098 340
002071 5
001563 335
000882 20
001431 80
001283 338
002276 20
002034 124
002934 120
002156 63
001389 39
001681 21
002984 61
001549 96
002079 202
000011 338
001629 316
000439 292
001367 341
000972 232
000711 65
001483 95
002371 9
000670 44
001193 151
000126 326
002306 295
002670 94
001927 53
001338 180
002012 295
001060 312
000199 180
000629 117
000410 26
002741 253
001741 220
002443 192
001199 95
002761 120
001202 187
001300 15
002765 239
000014 342
002951 203
002620 335
000657 6
000537 143
000968 223
002589 239
001666 343
001663 167
002402 46
002212 295
001136 242
001594 26
001459 112
000483 114
001245 73
002583 265
002179 73
002780 344
000694 294
002601 62
002074 17
002121 345
002547 346
001540 80
001579 245
002061 133
001472 6
002724 229
002455 80
002257 337
002352 347
001601 164
001534 15
001907 69
002389 108
000812 124
001371 50
000154 5
001329 78
000043 313
001241 0
001419 194
000879 19
001950 247
002559 90
001484 124
000360 0
000056 32
000880 132
001319 300
000027 62
000681 341
001239 69
001514 20
000136 135
001535 187
002259 54
001378 51
002989 241
002104 299
001001 233
001863 23
002265 161
001065 62
000397 117
002920 9
000054 54
002294 226
000179 203
000508 134
000301 61
001553 347
001664 2
002634 112
001002 247
000079 6
000996 172
000727 5
000229 231
000819 250
001398 348
000989 286
000030 94
001658 349
000562 18
000226 6
000006 164
001228 90
000445 22
000033 61
000966 213
001682 20
000894 233
000669 108
002211 34
001359 166
001407 178
002554 69
001397 339
000152 60
002669 9
000223 350
002490 91
000703 112
001667 229
002666 135
001445 273
000855 23
001833 5
001587 15
001526 210
000114 15
002097 210
002338 29
001101 152
000207 6
002534 164
001148 60
001822 135
001411 78
000890 94
002972 26
000900 65
000833 26
001246 20
002983 228
001242 62
001983 123
000870 192
001660 65
000674 339
002457 6
001375 250
001677 60
002599 119
000140 303
000490 132
000914 29
001616 29
001672 6
002214 261
001899 133
002562 53
000813 131
000215 180
001944 274
002180 60
000315 3
002187 34
000417 114
001030 351
002087 352
002102 348
000137 26
000747 344
001475 253
001123 135
000794 124
000036 65
000026 25
000658 214
001403 316
000450 151
001402 300
001259 144
002351 78
000752 353
001271 3
002958 300
001450 148
002422 326
001053 4
002438 224
000245 187
002152 131
000277 312
002442 29
002159 354
000589 94
002208 210
000971 58
001948 68
002570 263
002624 72
002388 298
002378 355
001760 356
002182 323
001324 327
000168 9
002273 65
000928 224
000025 196
000807 80
000444 76
001780 124
000151 178
002791 344
002143 229
000755 17
002266 133
002430 18
001048 178
000781 224
000901 282
000865 60
001953 277
002341 71
001198 224
000101 123
001050 62
001628 275
002444 135
002538 5
001272 214
001759 221
002684 90
001379 108
000767 33
000751 29
000963 344
002716 221
002291 187
000169 107
000074 36
002973 41
001884 288
002167 25
001139 135
002569 215
000993 26
002054 270
001500 80
002303 357
001906 264
001094 247
001385 13
002432 296
001739 49
002648 135
001504 29
002565 46
001632 94
002103 358
002516 322
000267 309
001034 106
001830 22
002586 114
001845 184
002108 224
002641 359
002215 109
000145 20
000332 288
001974 164
000248 274
000374 124
000381 329
002548 7
000321 341
002240 63
000637 274
001588 17
001332 152
002842 203
002638 20
002615 224
002283 17
001215 252
000431 25
001011 75
000192 183
002655 60
001176 94
000436 210
002735 360
001691 344
001943 0
001281 5
001900 124
001187 32
001017 58
002233 256
000688 149
001566 58
000639 273
000570 361
000934 75
001408 204
001170 69
001361 62
000534 151
002996 362
001823 108
002715 29
000197 8
002482 47
001803 194
000496 223
002640 31
000937 363
000980 132
002429 114
002076 91
001302 53
001814 73
001656 69
000396 134
002369 187
001706 69
000148 62
000798 17
001751 33
000624 31
002287 21
002029 15
001010 62
001519 68
000911 203
001623 183
000896 207
001474 151
002822 95
001362 364
000107 9
000351 29
001548 62
000651 13
000390 224
001473 365
001118 11
000555 250
000300 185
000171 29
001277 4
002355 243
000416 321
002966 366
000765 152
000429 367
000187 89
001840 326
001915 87
002318 368
001890 1
000631 201
000951 198
000163 80
000414 0
001074 288
002144 295
002147 9
002018 90
001031 124
000877 198
000818 295
000823 343
002256 149
000873 233
000246 369
000230 90
000907 227
002057 100
000897 330
002236 132
002884 229
001754 288
002925 370
002154 90
000792 253
002238 75
001911 263
001328 29
002309 180
002193 63
001652 87
000699 241
002491 0
000891 285
002643 76
001718 249
002580 338
000895 250
001152 80
001447 371
000058 31
001980 89
001923 372
001058 210
002331 354
002411 7
002292 25
000093 15
001235 187
002386 69
001014 94
001701 99
000948 17
001794 26
001110 369
000191 81
002088 20
001532 119
001997 325
002683 373
001955 299
000724 23
002112 371
002282 34
000677 110
000106 22
002948 8
001964 228
000903 41
002302 374
001433 187
002471 158
000775 353
001233 18
000859 91
001429 371
002030 56
002128 172
000990 56
000498 224
002942 203
001608 274
002136 373
001990 134
000065 106
002654 375
001815 135
000275 198
000726 159
001680 19
002597 376
001150 377
002202 304
002662 46
001364 60
000411 371
000831 371
000913 62
002566 295
002093 53
000391 15
002269 329
002189 378
001374 151
002406 379
000723 250
000262 108
000899 155
002244 3
002164 75
000719 250
002441 36
002068 151
002407 119
002876 288
000936 124
002803 261
000421 224
002198 124
000010 224
001938 151
001120 60
002928 80
000535 380
000549 80
001585 66
000299 124
002171 17
001386 168
002758 31
002863 53
002818 180
001676 188
001392 371
000089 381
001644 382
000098 353
002100 383
002397 155
000510 51
002260 384
000704 385
001970 80
002795 345
001046 94
001507 32
000940 96
001430 31
001809 58
001912 56
002940 3
000608 15
002886 211
002527 114
002540 26
001071 224
002413 386
000297 34
000050 4
001512 371
000225 341
001775 187
001244 108
001922 198
000851 9
001786 306
002696 325
001226 80
000563 114
002671 383
002853 187
000605 187
000443 18
002473 124
001599 206
001025 174
002588 33
002816 20
002811 227
002738 224
000188 52
000407 250
001173 144
002800 187
002961 157
000462 151
000671 28
002704 80
002834 278
001958 50
000715 267
001351 76
000425 313
002092 98
002710 95
000636 31
000529 148
002267 373
001766 5
002869 65
002997 344
002952 7
002904 371
001499 80
000610 371
000486 89
001479 338
001086 20
002130 341
001705 31
000325 80
000020 250
002503 109
000839 112
002022 7
002807 266
001674 87
001341 76
002083 52
002857 80
001791 375
001613 41
001523 17
000801 387
001580 388
000097 7
002495 135
000475 94
001789 314
000367 125
001898 386
001722 83
001910 371
002555 3
000761 71
000919 224
001426 352
002808 188
000393 6
001770 389
000507 188
000435 187
002697 80
002048 340
001832 52
001586 299
002986 129
000133 80
001589 31
002499 138
000032 90
002170 390
001376 224
001327 59
001113 7
001350 41
000256 134
000893 391
002408 304
000052 80
000876 31
000939 250
002821 22
001127 49
001220 371
002728 4
002854 224
000125 31
002453 20
002779 109
002880 224
001072 371
002774 220
002636 353
002656 22
000434 17
000675 31
002409 145
001100 62
002515 341
002348 126
001609 371
002542 371
002576 392
