0 16.44498872756958
001284 0
000251 1
002154 2
002787 3
000633 4
000071 5
000022 6
000415 7
000587 8
000604 9
002172 10
002800 11
002664 3
001733 12
002050 3
001728 4
001637 8
002287 13
001493 14
002617 15
002702 15
002406 16
001229 17
001008 18
000165 19
002088 5
002930 9
000904 3
000655 9
002361 20
000203 21
002160 22
002398 23
002925 24
001918 17
000911 25
002231 26
000550 27
002370 21
000696 12
001042 28
002439 5
000895 0
001958 29
002506 0
002625 11
001983 30
000031 10
000881 13
000545 19
001327 28
001850 31
002319 5
001573 32
002431 33
000313 34
002699 11
001440 18
000446 27
000892 35
000923 8
000533 33
000088 25
002891 35
001923 36
000058 32
002612 8
002135 18
000896 37
001106 32
000764 23
001978 11
001375 0
002041 35
002219 12
001784 10
000155 12
002166 32
000806 38
002020 39
002392 35
002964 40
000247 28
000348 22
002754 21
001195 41
000530 34
002043 5
001112 8
002956 32
001686 21
002932 42
001777 43
001036 19
002193 30
000686 44
000803 29
000070 45
001254 13
002656 46
001734 47
002627 21
002606 22
002203 48
001702 48
001391 22
001507 8
000934 49
002942 25
001395 6
001037 50
002638 5
000267 48
001550 15
001623 51
001172 52
000372 15
002679 50
000440 22
000333 12
002031 0
002239 38
001219 53
001362 54
000378 7
002870 3
001418 31
000903 35
001722 43
002826 55
002586 8
002110 56
002107 21
000559 15
001076 4
000967 21
001869 12
001700 10
001043 21
001523 21
002234 50
002532 57
000825 40
002715 11
002127 19
000176 5
002615 21
000411 8
001071 21
000210 44
000399 11
000237 12
002500 58
000227 12
000618 59
001861 17
000004 19
002779 4
001731 22
001494 18
001631 60
002998 61
002731 21
001238 62
001587 61
001999 8
002823 63
001815 61
002993 64
000026 48
002653 11
002747 65
002015 11
001997 66
001288 67
000161 63
000838 64
000935 48
001056 68
002526 69
002313 4
001941 61
001401 2
001090 70
001893 37
000959 19
002705 22
000270 10
002673 21
001577 0
000023 7
001651 71
001837 7
002839 72
000211 16
001509 60
001142 73
002557 22
000473 5
001012 3
001274 52
000329 7
000323 45
002278 19
002764 74
001953 75
000073 10
001412 76
000470 31
002343 0
001293 50
001835 77
000839 15
001917 17
001854 78
000274 23
000007 48
002602 12
002039 18
002531 79
002858 46
001208 22
002033 80
000001 49
001033 81
000318 82
000829 66
002423 83
002282 75
002260 84
001264 85
001536 63
002805 86
002293 41
002655 7
001066 8
001342 18
001657 87
000444 48
002539 10
002126 81
002856 14
001931 88
001618 4
002692 89
002776 44
002851 21
002760 63
001701 90
000405 46
002817 74
001413 22
000564 46
001799 48
000752 17
001991 0
001723 91
001533 86
002959 42
001223 48
000121 48
001818 89
002984 12
000410 3
001424 10
001905 91
000209 92
002367 73
001895 8
000127 34
001171 93
002036 56
000472 94
001502 10
001755 7
001053 83
001218 8
002003 72
002311 5
001234 44
000786 18
000125 2
000217 17
002366 95
000167 34
000482 79
000229 96
002468 15
000347 5
000899 79
002595 44
000335 18
001598 60
001610 2
000661 10
000351 17
000319 49
001460 97
000627 76
001353 63
000087 31
001825 3
000390 14
000558 3
001495 11
000393 49
000460 46
002970 98
001323 48
002774 4
000731 10
000629 96
000500 18
002894 12
002196 84
002222 4
000124 48
001120 7
000824 35
001875 99
000389 38
002383 48
001870 55
002986 70
002910 100
001740 17
000900 18
000598 4
000631 101
002212 93
002918 42
002396 46
001350 72
002448 11
001476 5
001911 8
001912 60
001714 3
000563 46
000593 96
001860 86
000371 63
001612 60
002099 61
002660 40
001877 91
000066 8
002997 89
000637 8
001948 61
000912 63
002553 21
000006 17
000720 12
002859 9
000404 52
000112 21
001454 93
002144 73
001894 19
002597 69
001245 3
001168 74
000042 102
001797 19
002306 33
000302 103
001108 22
000423 12
002832 86
002820 104
001575 105
002163 10
001441 46
000212 3
002574 21
000158 44
000157 99
001990 4
000605 11
001123 106
002603 23
000933 107
000104 21
000871 108
001094 57
000455 49
000241 81
002599 31
001184 109
000891 79
000141 12
000653 101
000698 63
002480 11
001664 86
002021 14
002739 73
002257 73
000769 21
002326 32
001481 66
002834 110
000719 10
002441 111
000340 90
000878 112
002102 113
002117 17
000195 56
001553 107
001696 19
000809 114
001232 44
001751 115
001708 116
001836 52
001736 72
002388 29
002018 7
001041 36
000035 15
002735 117
001524 71
000271 103
002089 21
002195 118
001445 119
000193 18
001647 96
001265 72
001345 120
002534 121
000331 122
002513 123
001883 10
002862 25
001048 7
001434 18
002385 124
000326 58
002630 10
002065 44
002403 21
002713 12
000438 25
001282 12
000541 0
000132 113
001052 125
002804 12
001903 126
001211 0
001928 115
002341 127
000884 53
002730 17
000060 5
000363 29
002825 2
002605 10
002880 21
002681 81
002752 111
002434 7
001200 3
002585 119
000552 125
000980 128
000670 129
000978 106
000184 130
002704 10
000294 131
001962 50
000537 85
001661 108
002507 10
001361 12
002892 113
002476 48
002689 17
002662 48
001060 58
001417 66
000304 132
001169 2
002499 8
001833 70
001272 52
001562 133
002288 47
001126 123
000392 11
000842 134
002720 66
001157 21
000039 60
000943 11
000362 21
000357 15
000092 132
001110 135
002626 102
002286 44
000074 64
000230 7
001746 119
001512 17
000459 74
001496 37
001009 21
002355 136
000083 12
001280 44
001829 5
000273 21
002177 8
001089 137
000693 12
002651 57
000913 12
000447 90
002616 34
002238 138
001049 10
002489 8
001564 139
000603 46
002017 2
001463 66
000730 17
001491 84
001742 10
002247 3
002229 104
002967 57
002822 75
000853 31
000449 44
000213 140
000893 88
002280 21
001488 4
000585 83
001547 11
000725 12
001846 11
002726 33
000857 11
002957 35
002846 21
001545 18
001517 55
000441 141
002297 142
002636 4
001133 10
001839 17
002634 12
000408 101
002740 8
000889 0
001244 90
001383 55
002295 5
002245 73
000973 119
001753 48
002444 10
000286 97
001366 11
000662 96
001116 125
002931 143
001819 34
000750 118
002360 2
001204 3
002806 45
000350 99
002687 23
000915 2
001851 67
002194 119
001489 66
001289 57
001369 144
002818 66
001785 17
001886 5
002503 143
001866 8
002073 145
001304 146
001832 147
000320 8
000516 17
001786 76
000511 148
000801 80
001889 149
002429 75
002106 150
002113 122
001128 150
002038 21
001688 66
001765 63
000356 55
001083 12
000051 66
002052 63
002426 133
000063 25
001707 106
000939 66
001916 43
002318 148
002901 142
002915 149
001585 105
000616 14
002773 5
001156 8
000413 151
001359 138
001938 118
000962 17
002483 108
001845 103
000591 12
002729 5
001660 152
000084 8
000742 153
001798 79
001407 27
001635 64
002150 81
001580 100
000401 15
001205 63
002243 121
000614 154
002246 145
001235 11
001166 155
001201 90
001949 17
000246 135
000223 156
000612 10
002394 35
000375 157
002010 143
001137 61
001260 158
001315 153
001546 8
001261 139
001405 143
001387 2
002206 11
002830 34
001433 11
002941 10
001028 108
001404 157
000968 159
002946 10
001131 160
002365 161
000782 17
000823 25
000606 48
000491 63
000290 15
000465 61
001436 55
000567 162
002598 163
000694 164
001741 99
002837 165
002669 107
001329 166
002527 75
002963 60
001697 143
001670 8
002498 137
001676 25
002129 7
000909 8
000851 99
001946 128
001548 157
001027 44
001044 118
002165 166
002641 167
000555 10
001924 10
000638 7
001348 143
000815 61
002422 60
001062 166
002035 32
002719 11
000916 63
001121 168
001511 90
002440 63
002055 144
002076 19
002809 107
001853 102
000082 169
002104 8
001644 170
000650 118
001792 10
000494 138
001543 75
001943 91
000107 99
002835 35
002494 27
001456 14
002686 11
001560 147
001730 17
002517 17
002953 171
002122 61
001370 38
001015 119
002905 29
002216 10
000169 123
001602 172
000059 45
000464 10
000257 68
001687 90
000342 44
001070 21
001045 14
001653 5
002461 74
000291 131
001955 8
001098 166
001672 49
001010 157
000992 173
001093 10
000589 33
000029 7
002909 99
002333 5
000601 126
002074 55
001478 174
002095 157
001622 142
002501 18
000582 159
000394 12
000710 23
001114 35
000766 73
002582 21
000632 107
002386 55
000689 5
001001 10
002100 175
001100 157
000379 22
002690 176
000998 108
000113 130
001236 25
001158 2
002425 5
002022 44
000301 12
001504 17
002197 75
002181 106
001438 80
001749 87
002871 175
002763 110
000868 63
001032 177
002145 10
001421 17
001611 166
002470 14
000457 17
002124 48
001640 178
002814 7
002680 31
001029 34
000574 119
000877 18
000672 2
000216 179
000129 53
001867 137
000028 35
000529 180
000196 33
002668 181
000793 96
000981 141
002899 182
000974 119
001711 30
001516 5
002316 183
000569 49
001831 43
001505 105
001972 143
000109 44
001182 174
000738 74
002945 107
001183 184
002133 5
000222 93
001312 15
001399 8
000854 81
000205 93
000461 24
000821 106
000489 14
002469 21
000180 185
001993 81
002968 186
002515 10
002742 31
000483 4
000902 66
002633 187
000150 103
001178 66
001569 48
001501 188
000487 14
000641 5
000299 115
000751 61
001994 83
002202 146
000374 44
002000 35
002005 135
001666 189
000508 35
000765 143
000426 15
002694 118
002666 66
002570 95
001756 96
000687 17
002536 12
002572 27
002778 178
000886 128
000032 7
001228 15
001349 136
001393 182
002950 102
002518 7
001301 106
000265 18
000240 31
001403 190
001175 107
000185 191
001193 34
001744 191
002332 7
001544 57
002928 66
000578 17
002192 14
000425 170
000846 61
002544 25
001047 3
000288 14
001318 192
002312 11
000199 178
001278 90
001084 162
002590 178
002952 44
001103 10
000701 61
001684 10
000534 108
000479 102
002843 66
001202 11
000941 193
001758 194
002879 118
001170 55
001827 66
001704 102
001636 195
000917 99
002948 34
001605 14
001820 160
000592 144
002716 125
000098 10
000358 64
001992 79
001124 48
002768 150
002807 144
001748 134
002130 55
000062 2
002188 101
002136 136
001712 7
002325 17
001039 12
002377 40
002667 143
002594 22
001709 121
001757 196
001038 18
001490 14
002707 195
002419 48
002762 53
001338 178
002372 14
000233 60
000681 55
001213 66
002236 168
000312 57
001655 10
002492 11
002881 7
002794 187
002589 37
000512 5
002917 27
000518 96
002723 197
000647 198
000380 192
000690 199
000198 115
001021 200
002810 77
002404 106
000726 201
002545 157
000264 136
001600 193
000664 9
002861 202
002886 203
002368 155
002614 66
000950 152
001344 66
001189 66
000514 36
001500 66
001313 7
002577 195
000017 53
002211 75
001624 152
001913 61
000918 204
002845 66
001639 31
000714 78
002019 22
001822 66
001675 14
001782 134
002876 102
001406 2
001678 17
002187 75
002427 66
000908 131
000929 91
001073 48
000572 103
002002 147
000407 103
000171 17
002363 96
002537 205
002012 33
002639 2
002473 115
000442 103
000982 116
001599 151
001503 206
001781 32
002320 31
000282 73
001656 55
000101 207
002712 102
001973 10
002765 208
000409 207
002153 209
000403 32
000994 173
001880 90
000044 16
002954 210
000140 57
001649 31
000249 55
002604 66
002391 202
002371 126
002994 143
002240 211
001603 17
000771 164
000562 57
001410 18
001724 60
001876 91
000519 103
000012 185
002863 166
001058 67
001457 212
000041 206
000284 115
001188 66
000709 108
001371 174
001118 96
000760 201
001530 102
000206 12
002230 152
002263 103
002688 119
000027 182
001589 103
000816 213
000086 214
002463 11
001508 215
002299 158
001294 93
000080 134
000876 7
000148 182
002259 155
001929 216
001477 119
000528 17
002635 55
001458 217
001773 178
000566 218
001214 10
001088 5
000311 106
002227 159
000382 202
002961 219
002875 102
002405 220
001302 221
000597 139
001086 221
000493 203
000579 5
001162 11
001778 35
002495 205
002543 102
002183 2
002152 103
002558 181
002663 86
001607 90
002097 21
002471 84
002508 9
001425 35
001803 7
002191 48
001209 222
002848 221
002487 103
002186 137
000921 223
001298 8
001968 178
001532 166
001694 66
001207 63
000434 18
002446 106
002484 194
002291 11
001671 11
000983 22
002576 74
001061 108
001729 10
001904 66
001225 99
002645 205
000207 190
002262 52
001770 163
000749 10
002091 208
000949 150
000928 119
001568 224
001594 10
002618 66
001800 186
000021 158
000869 106
002714 220
000122 207
000635 25
000200 172
002643 18
000704 225
001681 13
001673 17
000745 22
001574 91
000037 182
000305 18
001050 157
000522 10
000019 182
000665 226
001380 106
001590 10
001332 157
000047 227
001164 228
001146 118
002013 229
002672 230
002642 5
000486 205
002342 14
002315 114
002900 231
002436 81
000523 34
002709 61
001095 61
002200 115
002923 171
002032 55
002897 7
001199 203
002132 55
002504 32
001198 119
001947 102
002782 11
002382 232
002784 34
001848 31
000505 28
002030 119
002237 34
001224 114
002644 44
000543 81
002732 233
002867 234
000538 218
002086 111
002579 18
001556 81
000753 118
000244 157
002250 9
002540 66
002161 10
002120 179
001960 102
002884 5
001669 17
000289 203
000894 99
002916 100
002045 209
000003 176
002083 147
000568 157
001068 102
000400 60
000181 10
000147 18
000630 207
000761 15
000402 17
000414 91
001105 143
000860 66
000607 64
000173 235
000668 7
002054 34
000228 66
002119 102
000476 146
001513 48
000488 81
002028 205
000643 89
000576 57
002793 101
001970 209
002940 50
001005 236
000204 12
000412 102
000259 135
002803 35
001626 237
000792 102
000531 181
002607 209
002514 137
002430 7
001801 179
002524 207
000966 32
002340 5
000834 238
002960 152
001586 182
000551 229
002279 20
001578 81
001337 91
002693 61
002460 74
000804 35
001727 151
001987 239
002115 14
000388 86
001932 61
001396 137
001390 18
002696 29
002827 240
002384 20
002140 221
002433 10
002677 205
002285 66
002408 119
001352 146
001368 61
000703 44
001297 235
000780 195
000676 220
000422 9
002255 216
002467 161
002632 119
002014 61
000611 241
000038 178
000475 17
002684 15
002151 70
001465 91
001921 168
001885 25
000634 10
000145 31
002718 102
002850 17
002401 222
001844 4
000383 11
001074 29
002989 27
002992 83
001140 75
001809 57
002414 209
002592 106
001151 183
000770 91
000298 95
002588 157
001259 190
001442 242
001134 243
000005 64
002972 61
001840 192
001180 17
001143 102
000102 106
002047 229
001092 212
000610 61
001461 84
001310 44
001155 180
000732 8
001374 22
000735 38
002011 115
000468 34
001381 88
001016 103
001628 162
001080 244
001735 90
001111 33
002077 149
002199 245
002802 106
000671 101
002511 234
001222 187
001606 90
001959 5
001780 115
000757 153
000702 11
000285 66
000116 61
002549 66
002796 119
002700 242
002380 246
001497 247
000266 192
001910 61
000194 150
002317 248
002442 61
000783 51
001127 249
002300 222
000734 137
002977 250
000712 251
000947 205
002044 22
000812 115
000628 7
002828 61
002379 31
000123 16
002458 246
002252 232
002218 252
002628 91
001411 38
001645 14
001621 136
001957 174
000106 84
000182 207
002009 66
000875 105
001256 220
002738 102
001283 30
001378 229
000867 135
001549 143
002849 73
002336 49
000907 185
001415 38
000680 111
002491 91
001154 30
000960 88
002710 73
002745 60
002609 139
002182 44
002852 3
000964 139
002265 64
000272 66
000100 102
000170 32
001692 106
002331 253
001054 8
001328 17
000669 5
000510 229
002349 20
000248 61
000746 199
000700 153
000428 166
001814 106
000154 14
002114 61
002004 99
000011 254
002991 180
000826 5
001364 229
000808 135
000977 61
001775 11
000341 255
002920 249
000830 102
002142 195
002094 8
002411 139
000963 256
001258 182
000844 257
002424 35
000421 128
000499 102
000417 4
000621 258
002174 106
001808 36
000361 10
001014 8
002008 259
001522 155
002410 260
002345 261
000469 102
001539 35
000138 61
002551 61
001466 149
002271 5
000841 262
001699 186
001075 263
001541 178
000692 229
002346 150
001291 111
001492 34
000225 55
002659 133
002376 22
002975 5
001459 158
000996 106
002759 162
001891 106
001658 264
002053 209
000081 42
001176 8
000034 53
001356 115
001064 91
001241 91
002264 265
001616 10
001000 5
001864 177
001971 14
000805 35
000135 114
000325 66
002621 84
000880 36
000914 182
001113 139
002583 261
001408 137
002792 11
001453 223
002847 81
002190 157
001648 153
002416 115
001346 33
000864 234
000024 26
000149 115
001646 38
001892 55
002969 143
001416 187
002170 224
000931 10
002146 112
000280 266
002833 135
000077 23
001358 182
002646 157
002555 253
002640 81
002108 119
002103 267
001732 7
002321 268
000547 36
002063 5
000501 5
002587 14
002096 182
000506 269
002750 91
002281 29
002270 7
002435 31
001737 245
000958 31
002400 150
000166 97
001450 61
000202 225
001796 102
000239 187
001051 152
000986 155
000553 270
002217 49
002454 271
002159 272
001979 229
000990 68
002907 180
001196 108
001281 14
001400 149
000624 149
000049 273
001788 129
002464 149
002983 244
002829 35
002703 66
002573 25
000115 138
001768 274
001379 40
000791 33
002874 115
001935 188
000897 81
001097 64
002328 87
001194 112
000221 8
000515 113
000151 137
001432 107
000716 5
001484 115
002815 57
001129 152
001967 166
001779 44
001096 70
000954 55
000863 275
001747 247
002860 263
002387 153
001898 276
000189 66
001738 106
000924 150
001776 60
002903 277
002213 247
002727 5
001055 106
002701 270
002831 189
001956 143
000269 61
000309 174
002164 49
001942 4
002751 157
001243 221
001925 61
002116 205
001091 229
000822 9
002913 135
000108 278
002350 63
002955 66
001414 186
001257 5
002292 102
001365 279
002761 11
000458 76
001276 127
000759 128
000707 61
002743 152
001295 212
000093 88
000817 42
002872 5
000856 135
000870 280
001026 57
000143 133
002066 48
001483 73
001474 66
000163 66
002344 149
000862 14
002407 119
000617 96
001674 115
001428 247
002134 145
001451 281
001945 157
001810 31
000571 195
000711 179
002248 11
000932 58
000328 8
002926 282
000580 21
001402 133
001579 153
000858 4
001534 128
000926 283
002728 111
001002 169
000952 63
002554 55
000245 11
000322 227
000788 284
000855 90
001807 174
002824 115
001132 191
001452 170
002081 285
002415 174
002842 286
001125 55
000882 221
002882 254
001212 151
001632 8
001817 66
001031 115
002472 108
000885 153
001319 133
002873 31
000520 259
000057 174
001152 66
000845 63
002505 229
001914 219
000772 188
000256 84
001354 195
000236 68
002571 87
001841 36
002665 61
000344 29
000339 64
000697 63
000991 103
001429 61
002329 150
002148 220
000316 141
001976 5
001145 5
001326 61
000208 83
001443 11
002902 61
001067 5
000594 43
001652 270
000657 49
001382 287
001035 50
001554 135
002973 56
002373 288
002001 32
002118 5
000906 286
000797 262
001944 259
000179 286
001007 73
000536 289
001444 128
000609 91
001791 290
000002 203
000336 31
002352 291
002046 292
001641 106
001772 149
001423 179
001197 249
000649 40
000560 40
002497 219
001003 245
001920 289
000188 56
002836 135
000232 102
001311 35
002438 88
001613 56
000775 135
001273 8
000800 186
002215 137
002337 8
001625 149
000756 25
001717 8
002176 66
001250 128
000615 96
002189 293
002671 185
002251 50
001902 192
000387 219
000187 14
001834 34
002854 128
001339 5
001514 31
002877 294
000262 103
001680 183
000905 285
002254 32
000253 25
002253 149
001659 25
000679 25
000075 295
000599 165
001726 50
000317 260
000938 5
001469 224
001455 107
001148 229
001980 205
001307 267
002048 296
002080 8
002037 10
002978 297
002173 63
000636 25
001117 15
001268 88
001286 212
001473 298
002658 299
002034 115
001210 195
002528 115
000744 32
002623 135
000287 66
000956 158
000153 135
002995 115
002168 300
000762 61
000478 67
000985 179
002056 11
001812 285
000263 66
001082 299
000430 246
000250 301
002958 101
002801 260
000020 66
002510 135
002786 88
000659 128
002965 11
002040 49
000807 103
001510 135
002301 241
000922 158
000819 0
002652 142
000343 61
000354 162
000521 302
002866 255
000016 238
003000 64
000843 11
000565 123
002175 11
002982 11
000052 106
002381 152
002068 113
002819 174
002697 66
001595 144
001906 255
000395 239
002087 20
000832 244
000448 27
001324 303
000972 100
002201 158
002521 158
001856 61
000043 304
002777 6
001388 262
002736 229
001384 8
001377 5
002520 31
000431 44
000076 114
001252 61
000639 221
002420 286
001922 179
000156 36
001873 113
001177 11
000353 157
002581 305
002698 306
001372 0
001868 307
002542 113
000695 182
002981 106
000814 308
001498 84
002277 297
001794 305
000120 44
002650 179
001939 115
000159 83
000747 256
000190 229
002339 237
002298 31
000957 254
000852 99
002338 9
002734 301
002565 173
002121 28
001226 66
002314 95
002566 236
001843 297
002158 81
001915 187
000065 62
000850 11
002180 229
002893 57
001802 106
002207 115
000741 1
002753 101
000524 249
000955 61
002675 40
002224 192
001617 205
001215 70
002450 245
002139 149
001419 149
001385 289
002242 106
000887 57
001331 309
000840 152
001239 55
001821 16
002885 61
000588 250
000064 286
000297 310
002235 84
002939 234
001099 227
002721 57
001122 5
001308 8
000678 311
001022 74
001321 312
002798 67
002691 313
000451 229
000811 128
002268 221
002156 211
000443 21
001555 202
000164 66
001563 314
002308 166
001771 4
002591 5
001422 182
002208 224
001761 229
002412 315
001220 95
002409 105
001072 95
002445 152
000133 66
001572 108
002799 88
001609 61
001355 179
000144 66
001163 220
002223 128
002840 106
000303 316
002601 150
002812 315
000381 101
002481 78
000802 153
000315 50
002811 310
000360 91
001537 152
000255 67
002079 132
000847 50
000721 317
001279 308
000920 21
002564 5
000613 11
001018 174
002209 299
001638 207
001691 256
001754 207
000688 75
000008 139
000584 38
001878 135
000117 318
002304 257
001334 176
002795 28
000979 313
001571 207
000961 32
001263 191
000872 14
000079 107
001764 201
002575 21
001389 41
001141 35
000324 238
001683 95
001464 84
000549 106
000925 218
000174 8
000548 33
000736 21
001583 319
002951 286
000437 289
002767 115
002541 275
001690 21
002138 143
002889 219
001248 271
000238 229
002756 302
000748 209
000096 87
002522 195
000046 256
000728 25
002725 12
002007 237
002919 49
000898 64
000953 66
000818 236
000191 95
001752 106
001019 246
001705 25
001940 256
002273 152
001437 229
000763 93
000503 10
002455 66
000586 149
002757 8
002682 224
000424 188
002058 249
002934 119
002171 35
002649 138
002353 8
001267 270
002908 195
002006 320
002769 83
001475 50
001871 31
000540 63
001285 310
000946 35
000575 84
000119 180
000787 23
001227 117
002789 321
000110 149
002477 250
000784 55
001952 278
002578 263
002717 95
001119 84
002258 229
000215 178
000779 135
001551 81
000310 158
001161 125
002533 95
000219 63
000429 322
002622 50
000713 40
002141 48
002284 138
000009 164
002906 66
001662 213
001221 8
002179 5
000596 11
002857 106
001472 114
002296 31
002226 166
000517 128
001588 108
002016 158
002449 323
001663 237
001874 296
001217 88
001806 324
001333 187
000675 25
000820 119
000432 174
002746 325
001069 303
001774 36
000314 11
002303 326
002737 117
000061 212
001963 270
000683 203
001908 140
002766 50
001153 84
000890 292
000945 68
002057 113
001336 229
001862 106
000645 182
001887 174
000527 66
000507 308
001231 308
002927 49
000717 8
002024 73
001842 61
001017 57
001969 268
000055 53
000050 34
000767 93
002475 327
002157 49
000810 203
002071 229
000377 107
000737 66
002580 254
000595 312
000349 328
000094 61
001249 11
002788 53
002883 229
002567 75
002375 329
002509 61
001682 31
002962 57
000136 106
002465 8
000936 115
001715 50
002988 34
000778 180
001135 63
001679 256
001665 151
000708 330
000561 232
000654 211
001271 133
002808 308
000418 15
001879 106
000987 20
002538 14
000131 46
000848 84
001150 220
000025 204
001805 21
001890 321
001528 128
002204 24
002276 31
001023 190
000873 203
001567 200
000226 114
002023 149
001470 176
001462 134
001057 251
002432 331
002670 8
002228 158
000948 35
001909 326
002059 46
000355 40
000068 286
001698 106
000722 234
000146 8
000416 307
001531 48
002949 158
000172 275
000727 14
001896 14
000056 188
000139 305
002244 50
000450 149
001998 19
000989 332
000970 55
000137 25
001897 54
000175 286
001966 128
000386 232
001725 78
002741 66
000445 313
001102 238
002781 294
001828 115
002922 296
001884 207
001290 238
001582 75
000090 151
002451 149
001306 61
002101 286
002049 49
002178 144
001030 333
001330 74
000040 7
001013 288
000944 93
000666 25
002327 112
000453 32
000781 88
002987 143
001149 205
000178 29
002185 84
000337 147
001919 61
002167 44
002979 126
001557 207
002890 57
001601 61
001642 250
000352 149
000625 214
002241 14
002519 145
002478 3
001552 176
002184 174
002561 75
002090 142
000724 40
000699 153
000359 60
002868 285
001322 123
001614 106
002980 179
002563 286
001526 67
000619 114
000466 106
001435 75
002733 120
001420 180
002496 299
001703 49
002128 236
001988 48
000492 151
002869 152
001766 48
002474 20
002459 139
001789 113
002938 108
001482 137
002657 57
001136 122
001936 147
002378 334
001581 106
000480 246
002266 335
000103 44
001479 254
000743 286
002775 57
000054 324
000988 285
002619 180
000069 336
000718 10
001101 207
000334 149
002417 111
001392 50
001240 149
000785 84
001174 313
001159 57
001316 8
001138 44
000128 115
001584 8
001975 155
001262 91
002695 232
001107 10
000951 179
002123 285
001130 34
002898 34
001559 179
000462 142
000640 84
000758 34
002637 247
000930 10
000231 115
001320 310
000556 0
000544 144
002547 337
002488 245
002399 68
002486 207
000099 287
001431 106
001251 48
001888 61
001900 115
001006 61
001471 38
002061 76
002310 338
000295 35
002402 213
002674 88
002790 31
002354 339
000160 247
001237 44
000651 44
000910 187
002816 31
002620 314
001558 55
000321 8
000015 66
000976 340
002456 271
001447 243
000463 61
002944 178
001693 73
001720 44
000644 158
000620 174
000652 50
000254 158
001882 66
000874 252
000467 187
000754 61
002611 19
000942 137
000883 162
000292 207
000234 63
002943 40
001305 247
001767 137
001519 341
002272 10
002841 38
002098 296
002418 246
002026 57
001486 114
001242 150
000535 302
000526 60
001426 20
001081 342
002685 149
000590 90
000674 304
002678 151
002155 343
001347 128
001376 36
000836 66
000252 344
000667 302
002210 345
001872 346
000391 88
001468 84
002548 137
001363 0
000795 154
001985 8
001934 137
002105 280
000682 57
001206 82
001078 176
002895 48
002395 44
000152 34
001525 137
002771 280
000828 88
001255 31
000525 95
001266 106
002070 27
000406 178
000258 157
002838 280
002437 221
000186 205
002092 269
000474 128
000813 155
002389 271
001167 93
000365 31
002936 190
001859 272
001351 84
002364 38
000330 270
000513 106
000663 229
000346 190
001604 286
000833 25
000684 232
002629 2
001677 242
002947 270
000773 203
000067 129
001951 88
002706 101
001716 246
002421 279
000235 4
000646 308
002466 262
002348 163
001667 174
001823 271
002078 4
001139 5
000542 275
001314 118
002896 21
000201 134
001964 285
001296 347
002362 44
000307 38
001309 280
000130 66
000396 150
002864 55
001930 38
000327 262
000192 51
000723 5
001855 280
000308 152
001065 38
001398 95
000496 136
000385 262
000583 84
000398 147
002933 261
001630 48
000162 294
001335 105
002724 49
001104 55
000937 348
001040 55
001367 8
001275 36
002749 280
001927 180
001950 202
002069 349
000570 78
001160 125
001561 153
001592 49
001881 350
002530 248
002082 178
000048 44
000030 292
001596 44
001926 246
000502 100
001847 166
002502 155
002755 128
001186 93
001269 303
002559 178
001857 87
001863 55
001795 280
002648 106
002550 19
000433 118
002302 351
000997 9
002855 38
002791 2
000367 300
001077 280
001079 207
000261 352
002347 57
000557 246
002067 271
000573 50
002912 25
002274 11
000600 107
002661 106
002042 205
000420 38
002137 17
001303 0
001247 250
001233 178
001449 0
002267 3
002356 128
002205 353
001813 201
002220 48
001467 44
000276 229
000706 40
002335 137
000454 82
000114 21
000072 61
002029 88
002131 10
002935 271
002064 137
001826 246
002584 233
002290 106
000919 93
000452 173
002624 215
002453 180
001515 234
002393 106
001566 57
000740 115
002413 346
001654 45
000105 44
001858 49
002821 278
002887 354
002722 238
000242 287
002479 347
001989 238
001570 93
001620 111
000097 180
002516 347
001191 31
000085 55
001719 152
000010 93
000879 64
001340 93
000774 11
001386 49
000277 355
001409 34
001593 178
001373 178
000089 232
000091 115
000281 165
001907 209
001485 356
001824 50
001325 61
001427 280
000993 48
000366 57
002072 158
000677 151
002027 34
000999 357
001190 294
002359 333
001760 134
002289 354
001343 149
000095 268
001287 338
002147 74
000168 108
000497 102
001750 313
002324 272
000715 319
001540 106
000332 128
000220 30
002482 358
002937 207
002772 179
002535 30
001538 338
000532 338
001865 270
002797 359
002309 182
001981 44
000306 49
001650 338
000197 190
001165 131
001619 44
001147 286
000495 181
000111 285
001109 79
001270 93
002562 180
000370 4
000794 115
000927 128
002322 308
001816 360
000397 361
001179 338
001216 18
000798 35
001299 106
001063 338
000419 362
000376 107
002512 31
000471 280
001542 182
002608 5
002351 38
002631 166
002990 363
001762 144
000799 310
002060 137
001487 114
000539 180
002676 236
002330 153
000984 57
000481 114
001480 19
000224 128
000673 35
001394 34
002985 68
000995 119
000581 48
001046 229
000078 19
002596 276
002996 137
001759 356
000827 128
000126 139
001253 35
001961 202
002770 106
001597 38
000577 64
001576 38
000622 37
000768 301
001230 364
001341 84
000660 308
002853 338
002888 49
001518 75
002758 25
002974 121
002785 66
000260 152
000283 286
002683 136
001615 308
001185 365
001974 10
002523 93
000456 285
002369 11
000435 338
000300 366
001763 338
002485 52
002865 106
001933 118
000439 292
002374 106
002025 286
002452 55
002613 174
001627 367
000293 115
001838 9
000279 5
000656 79
001059 338
000733 55
000554 187
002143 174
002914 106
001901 67
002294 242
001192 66
001527 368
001996 106
001357 23
001695 38
000776 147
000427 180
001787 255
001187 292
002198 115
002275 106
000866 128
001710 179
001793 238
001246 31
000901 112
002748 285
001529 204
000602 369
001292 158
000218 265
002269 101
000214 145
000036 152
002443 370
000368 130
000013 371
000477 187
001721 364
002283 157
002744 218
001085 162
002904 285
001633 365
000014 372
002112 17
002783 285
001024 308
000965 373
000608 108
002062 31
000436 67
000018 324
002813 285
001783 330
001804 79
002397 79
002256 374
001115 128
002390 354
001954 305
000345 285
002844 5
002600 3
002647 284
001718 340
000033 365
000373 106
000658 52
002221 375
001087 5
002457 35
002929 162
002249 209
001317 376
000861 66
001608 61
000045 149
001535 338
002878 347
002971 349
000490 36
000504 128
002261 25
000134 321
002109 377
000691 18
002075 17
002149 14
000975 173
002999 374
000777 378
000789 179
002569 106
000364 357
002358 264
000796 36
001937 74
001629 32
001277 266
002593 321
000940 379
001506 188
002490 19
000648 380
001004 17
002525 313
002111 57
001173 309
000484 93
001811 197
000053 287
000243 49
002084 237
001986 338
001203 268
000739 48
002169 31
001300 48
001020 128
002093 180
000837 304
002125 60
001745 106
000369 93
000268 38
000729 152
002493 143
002552 313
001520 38
001034 238
001713 84
002334 280
000296 379
001849 338
000626 157
000278 36
000498 90
000485 34
001521 229
000183 237
000971 57
001852 181
002225 42
000685 22
001769 232
002976 88
002085 31
001181 18
002051 203
000755 35
000509 209
002546 31
002357 36
001982 91
001439 66
001446 209
000142 42
000865 48
002232 357
002323 292
001011 49
000849 73
002560 57
002780 256
001995 68
000888 135
000118 381
002162 17
000546 382
001790 115
002214 354
001977 180
002233 383
001984 115
001397 328
000275 218
000705 84
001025 369
001591 341
001565 79
001743 149
000384 58
001430 187
002610 184
002911 91
001830 384
000177 28
001360 100
002428 221
002568 246
000831 17
002556 36
001643 212
002462 5
001634 385
000623 60
002921 262
000859 174
000642 333
002307 301
000835 286
002711 69
001499 5
000338 301
002447 11
001448 5
002654 290
001965 61
001685 115
002529 163
001144 338
002966 386
001706 209
002924 60
001739 387
002708 386
000790 2
002305 218
000969 388
001668 57
001689 162
001899 76
