0 16.09658980369568
001958 0
002088 1
001395 2
001521 3
001099 4
000394 5
000029 6
000100 7
000352 3
002021 7
001353 8
001145 3
002856 7
001226 3
000298 9
001786 10
000127 0
002758 6
001597 5
002028 1
002997 11
000682 12
000046 5
001437 3
002748 9
000302 13
002649 14
001608 15
000637 9
000548 16
001266 2
001271 17
000679 18
002613 0
002157 19
000706 19
001509 20
000111 3
002354 21
002178 22
002049 2
000283 18
001101 23
000561 24
000564 1
000578 9
001820 6
001951 25
001560 26
000300 27
001923 25
001066 9
002039 4
000535 16
002924 5
002766 28
002227 16
000274 29
000395 30
000193 4
000099 31
001202 2
002631 32
002246 33
001229 34
000541 23
002389 35
000042 36
000956 20
002329 37
002621 38
001136 39
001598 20
000206 40
002260 41
000004 42
000621 43
000536 44
002361 14
001491 41
000293 45
000928 23
002301 46
001661 47
000433 48
000749 9
000608 25
000614 45
000789 49
001989 0
000784 50
001793 51
002030 23
002472 52
000797 28
002186 52
001673 3
000714 27
002213 53
001966 39
000528 3
001637 9
000051 9
002816 1
000292 37
001431 9
000221 3
001824 54
002460 13
001552 55
002161 9
002546 1
002767 49
002964 35
001154 33
000814 56
001947 39
001590 15
002699 2
002673 39
002365 57
000005 5
000726 58
002456 35
001948 0
002681 44
000007 59
001105 52
001293 8
002710 2
001630 7
002849 2
000526 5
001927 1
000912 8
002097 59
001855 15
000774 60
000590 7
000903 61
002600 62
001968 8
002930 63
001684 15
002704 9
001847 51
002583 38
001662 59
000307 20
000517 39
001614 9
001587 39
003000 64
002572 65
000041 66
000367 67
001652 20
000589 8
000011 68
002687 27
001239 50
002337 3
002689 34
002342 7
002338 63
002657 12
001827 9
002947 69
001376 7
002797 70
001219 71
001127 72
001987 30
000322 63
002923 73
001407 65
001563 74
000397 75
001434 4
002146 66
002191 39
000772 31
001242 37
002739 63
002770 9
001146 69
001656 50
001754 36
000112 39
001698 9
002668 76
002535 77
002692 11
001525 65
000331 78
002697 9
000256 38
000158 45
000319 41
000631 79
002207 45
000315 5
001826 61
002960 47
001545 62
000855 72
002016 20
002398 29
000347 53
000599 6
000856 37
000443 39
002333 24
002001 60
002848 53
001534 39
000762 15
002012 8
002901 80
001358 41
001638 36
001078 55
001991 35
000966 81
002276 1
002195 40
000587 3
000066 15
000937 82
002485 5
000731 9
001235 81
001132 83
001472 41
002317 84
000757 42
002027 0
002250 15
002515 15
002256 9
002953 73
001594 15
001609 2
002052 15
000798 50
001269 85
001774 59
000249 20
000108 50
002419 39
002750 86
002129 63
001901 40
002891 0
002763 87
001505 88
002318 76
001393 28
000228 89
002602 37
002037 90
002684 63
000976 91
000886 7
002596 92
000225 93
000917 24
002183 94
002403 39
002625 5
001675 36
002238 89
002046 95
001527 96
002287 97
000488 15
002783 31
001733 24
001326 63
001768 98
002778 8
002035 34
002628 99
002804 37
002253 15
000559 93
001696 49
002426 100
001653 1
001454 72
002455 15
002677 5
001065 37
002616 94
001261 96
001992 48
000871 47
000231 45
000018 101
002552 102
001574 99
000955 28
001072 28
002527 2
000305 93
001702 39
000791 80
002610 94
001929 103
001256 49
002779 52
000665 104
000219 8
000188 61
002961 21
002990 105
002066 102
001932 28
001538 81
000601 106
002617 45
000930 107
002210 108
001166 69
002768 109
002357 36
000522 81
000304 110
002067 35
000758 111
002170 112
000261 78
002299 113
001952 50
002497 21
000368 114
002071 3
001643 115
001679 116
002189 117
000988 31
002427 9
001081 118
000910 45
001164 92
002033 119
001302 1
000383 81
001769 24
000611 46
001381 35
002281 120
002107 7
001172 121
002998 10
000082 122
000152 113
002429 2
000962 28
002785 4
000202 22
001306 28
000672 16
002023 15
000055 4
000439 95
002438 35
002391 86
001422 123
001537 52
000166 61
002502 124
001129 52
001005 125
002839 94
002029 39
000914 28
000482 48
000500 4
001797 15
000919 39
001903 106
001194 102
002962 126
002151 93
000162 48
002926 127
000813 124
001238 128
002733 129
001405 7
000076 41
001163 130
002075 28
002794 131
001488 37
002703 9
001398 132
002025 131
001777 66
002288 133
002983 107
001876 99
001834 134
001909 135
002705 37
000404 118
000232 79
001334 55
002332 63
001042 106
001448 9
002590 8
001914 28
000606 40
001249 60
002821 90
002445 65
001143 40
002441 136
002922 112
000204 61
000785 93
002373 81
000014 137
002208 59
002905 120
000676 49
002885 28
002603 22
000465 116
000775 90
001935 31
000496 111
000803 54
000170 60
002449 138
002169 1
000959 42
002965 81
000446 65
001457 115
002002 26
001423 61
000896 139
000429 140
002658 141
001735 19
000196 8
002556 36
000547 39
001828 45
002897 63
001585 88
001567 142
002549 9
002746 143
000088 56
000633 139
001959 35
000583 99
000257 23
001090 96
001814 144
001411 145
000048 7
001651 146
001530 36
001248 35
001503 147
000059 79
002731 7
002683 100
000073 9
001811 148
000474 36
002577 4
001382 149
000124 39
001217 35
000881 97
001336 3
002399 23
001148 15
001354 117
000336 53
001495 81
002230 139
001917 28
002486 136
000181 28
001451 150
002543 39
000617 101
000121 7
000109 0
002790 53
001962 124
001579 106
001704 36
000750 42
000684 24
001724 38
002545 37
000172 9
000103 7
002458 110
000773 99
002232 9
000416 131
000491 102
001165 113
001141 50
002769 151
001329 145
001378 43
001399 17
001612 47
001400 15
000830 39
001308 3
001352 152
001602 153
002728 150
000182 36
001681 97
001688 154
000178 120
000694 155
002400 110
002678 156
001012 15
001916 157
000286 127
000899 55
000894 156
002086 150
002913 90
001851 59
000701 41
001455 51
001404 37
001187 31
002235 50
001224 41
002096 5
002608 154
002083 26
001919 5
002175 81
002915 63
001142 139
002630 63
002966 158
002372 3
000276 3
001297 159
002171 7
001562 100
001843 160
001408 65
001645 64
001971 7
001593 15
001370 145
001323 66
001605 154
000867 90
000946 50
001300 154
000980 144
001856 28
000222 72
001994 161
000922 20
001433 81
001074 39
001895 34
002393 9
000138 28
002578 37
001364 154
002831 162
002504 81
001029 94
000603 163
002701 42
000837 66
001837 114
001001 156
001818 8
002100 164
002184 94
001040 154
000440 34
002496 141
000095 90
002743 139
002000 50
001179 81
000269 31
000033 145
000200 153
001489 154
000229 111
001139 5
001610 63
000303 129
001550 38
001938 34
002665 154
000135 89
002799 25
000809 41
000680 150
001957 156
000841 165
000481 41
002379 1
001708 166
002749 28
002544 18
000689 1
001604 123
000686 45
001436 28
000288 154
000703 20
000502 12
000120 40
000365 53
002435 1
000558 15
001317 167
000562 15
002143 94
001152 88
001556 51
001978 5
002599 64
002229 168
002280 39
002307 169
000667 77
002793 156
000725 20
000574 39
002806 79
001121 156
000234 51
000907 151
000342 45
001189 9
000083 20
002777 72
000189 9
001672 49
000550 93
000805 93
002397 55
002553 154
002203 11
002792 81
000544 170
000478 136
002304 74
000817 37
002753 171
000398 26
000935 7
000655 151
002269 171
000708 172
001010 37
002018 15
000251 173
000974 39
001225 42
000786 171
000281 174
002857 9
001478 169
002974 139
000792 28
002346 110
000778 1
000675 18
001790 45
001218 9
000938 5
000430 110
001013 81
001654 161
001711 33
000556 9
000187 51
000167 106
000995 37
001237 7
000477 8
001027 45
001761 154
001808 25
000057 13
000209 175
002511 176
002380 177
002506 154
001498 50
000426 1
002645 31
001559 4
000242 50
002757 3
001570 28
000570 178
001267 151
002194 7
002247 0
002048 179
002881 68
002532 12
001174 31
002283 20
001557 36
001178 88
002619 39
002654 180
001930 20
000651 158
002634 20
001518 139
001017 25
001501 119
001460 181
001231 56
000560 35
001409 114
001974 90
000738 13
002564 5
001745 42
001295 115
000826 5
000624 63
000220 33
000258 20
001282 20
002775 12
000926 182
000217 31
000511 112
002367 86
001588 60
000593 62
000493 2
000332 36
002829 7
002216 88
000415 114
002132 170
001045 77
001908 42
000645 31
001823 35
001039 40
001508 183
002271 5
000639 7
000944 28
002615 36
002585 7
000195 61
000575 93
002362 36
000818 139
000958 53
002765 181
002711 83
000897 105
002772 4
000840 139
001396 65
001862 88
000636 18
000721 184
000255 59
002118 132
002005 99
001731 81
000192 142
001773 151
001484 45
002989 65
001206 134
001819 94
002951 18
002862 56
001504 5
001420 1
000453 41
001418 64
000197 41
002918 185
002457 49
000534 60
000878 186
001037 17
000460 90
000487 154
001892 93
000681 187
002453 1
000419 188
001350 34
000877 4
001650 81
001900 45
002330 102
001709 189
002105 5
000454 134
001414 190
002876 36
000580 40
000125 63
001898 71
000339 77
001416 38
002858 191
000090 122
000447 39
002106 178
001893 192
001150 130
001925 5
001848 53
001918 5
000997 117
000734 86
000628 63
002609 187
002512 53
001939 45
001240 63
000330 69
001428 1
001469 170
002388 102
001578 0
002626 36
000545 0
002693 5
002614 88
000369 193
002642 94
002802 9
001222 18
002396 90
002991 148
000994 104
000458 10
002402 28
001337 99
001443 132
000737 42
001564 4
002601 110
002061 10
002986 113
000736 25
001442 174
000933 194
001021 195
001993 16
000661 5
001033 44
000423 154
002450 196
002805 189
001061 60
001044 21
000289 2
000471 53
002326 81
002174 88
001088 1
001907 93
001912 50
002877 2
000227 145
000761 13
000577 4
000092 145
000515 34
002364 20
000271 113
000518 4
002384 14
002202 152
001046 3
002718 36
002836 191
002914 88
000960 109
001388 165
002482 149
000769 25
002371 24
002520 53
001860 45
001228 15
000985 130
001813 7
001402 42
002295 53
002871 164
000847 124
001961 125
002900 197
001160 198
001806 163
000469 39
002940 124
000969 105
001197 179
001792 88
001967 32
000341 157
002298 53
002315 63
000900 4
001069 85
001186 25
001343 68
001576 154
000693 20
000588 9
002254 81
000131 101
002423 161
001397 199
000554 8
002323 124
000656 55
000445 191
002650 4
001483 2
000094 5
001157 25
000768 29
001386 31
002937 200
000134 81
002931 197
001051 52
001721 114
002854 25
001566 12
000859 26
000552 57
001543 34
002376 13
002302 201
001490 32
000609 99
000349 199
002297 109
001700 88
001622 81
000613 195
002488 196
001833 51
001717 3
000710 22
000573 5
002869 139
000744 50
000704 202
000925 203
000183 204
002788 205
000243 31
002807 170
000371 8
002076 26
000441 206
000654 22
002709 5
000709 189
001383 187
000024 3
002141 113
001118 101
000934 89
000858 8
001227 117
000509 93
001003 177
002274 47
002723 148
002300 107
002470 32
002909 194
002999 189
002392 1
002131 65
001782 204
002009 88
002032 187
000765 52
001669 3
000486 90
000237 110
001211 9
002349 110
001071 25
000713 35
002461 207
000646 63
002932 185
002906 9
001458 208
001692 88
000616 32
000671 171
002671 209
002791 94
002185 119
000901 186
002789 194
000986 124
002110 210
001392 5
002969 52
000207 49
002313 52
000031 89
000259 194
001265 211
000174 3
001283 33
001292 23
000860 88
001170 187
001618 52
000444 7
002698 212
000808 185
001180 3
001016 213
002774 53
000494 89
001195 214
001931 215
001857 191
002410 216
001467 25
001216 178
001309 5
000973 25
001766 32
000442 113
001659 68
001444 193
000690 217
000764 29
001272 121
002522 113
002444 88
001133 88
000017 205
001232 45
001439 61
001660 139
002069 218
001247 144
001906 157
002257 219
002934 32
001115 36
000615 101
002125 133
000422 219
001788 161
000918 220
000586 68
001144 47
002663 72
002745 38
000077 29
000191 5
001234 45
002165 110
002007 32
001345 221
002167 25
001549 1
000002 2
000640 50
000376 141
001697 1
002479 222
001936 26
002478 44
000746 217
002666 88
000643 223
000190 32
002109 18
002309 9
000012 38
000354 51
002622 5
002529 148
001360 224
000201 5
001611 110
001686 39
002667 1
000448 190
002014 5
001934 134
001514 53
001988 32
000882 102
001190 11
001059 47
001762 187
002980 4
000116 102
001385 39
001926 61
001867 103
000407 9
002995 45
001366 47
001028 80
002840 88
002102 35
001945 110
001502 68
002889 36
001625 68
002464 68
002316 225
001933 1
000326 67
000941 226
001298 31
002643 50
001095 7
002471 188
001805 32
000853 64
001920 227
001103 132
000779 58
001130 42
002725 122
002569 208
002089 193
000141 110
002239 228
001749 229
000390 32
000821 132
002612 5
000698 38
002846 193
001209 192
000485 42
001137 121
001736 211
002036 210
001331 230
002985 23
002439 53
002344 68
001606 19
000025 220
001356 45
000102 88
000629 75
001730 5
000993 88
002719 144
002407 23
000009 155
001067 132
000364 113
002887 187
001014 3
000401 23
002197 34
002865 88
002054 134
000039 185
002112 5
000865 186
000346 41
002115 32
000386 24
002868 28
000788 231
000208 161
001054 3
002101 18
001737 177
001335 170
000049 232
002019 50
000670 161
001689 2
002623 194
001829 53
002164 89
000294 117
002707 171
000895 9
002513 77
002103 222
000984 12
001113 169
000632 5
001547 144
000213 233
002063 132
001781 211
002459 169
002214 53
001676 234
001476 53
002160 235
001832 26
001809 12
001924 88
000224 36
002641 236
000524 61
000230 68
002124 28
002159 237
002744 41
002781 2
001714 42
002251 17
000584 20
002547 238
001124 193
000829 32
002038 181
002010 1
002982 144
000822 219
001250 39
001205 72
001779 28
001727 223
000399 99
002140 58
002782 144
000892 218
000748 93
001464 185
001897 229
000038 224
002912 42
001510 194
001849 144
002237 134
001649 53
002566 125
000373 9
001162 144
002311 53
002700 113
001738 229
002065 45
002385 239
001288 209
001092 115
001147 18
000295 185
001743 68
000978 9
000260 240
000159 241
001153 119
000971 12
002796 23
002662 66
001671 144
000846 3
002286 45
002819 181
001540 88
002116 90
002837 242
002079 145
002044 13
002163 88
000514 126
000068 18
000538 72
001706 93
001852 243
002917 65
000310 50
000801 244
002508 68
002911 99
001084 125
002533 186
000126 169
000069 192
001535 144
001245 88
001760 245
000150 88
001755 9
002180 117
002646 110
001387 63
001864 246
000921 29
002780 56
002431 55
000437 39
002218 225
002568 247
000852 42
000673 185
000061 115
002853 144
000265 4
002713 20
001324 85
000457 174
000597 96
002047 32
000983 144
002716 248
000210 45
001767 4
002929 51
000203 36
000348 144
001871 53
001785 144
001085 51
002352 249
001110 58
000702 211
001541 121
001838 151
000635 234
001449 80
000835 250
001674 50
000268 110
001858 31
002494 65
002147 207
002640 4
000810 11
001123 132
001646 20
002861 251
001207 38
002156 229
000982 166
001035 17
002558 135
001771 252
000052 88
000306 31
001647 62
001555 251
001954 3
001038 50
000727 32
000370 252
002648 132
001221 253
002413 254
001363 144
000105 193
001678 3
001286 191
002452 88
001720 158
001728 52
000576 12
001497 174
001996 34
001995 65
002127 101
002375 63
001580 255
001355 203
001685 45
001094 6
001874 179
001158 15
001403 41
001109 55
002987 1
001726 17
001116 198
000436 59
001815 88
001499 132
002353 3
002467 256
002495 32
001036 45
000211 257
000054 222
000780 62
002587 32
000387 64
002422 169
002992 250
000147 4
000499 193
000620 181
000996 52
001795 3
001861 144
000794 45
000510 43
002137 3
001854 258
000168 80
001883 132
001607 19
001866 150
002655 114
001453 193
001759 57
002882 33
000759 28
002114 3
002727 9
002057 13
002952 96
002498 259
000662 62
002561 34
002605 260
002152 124
002686 195
001294 229
000663 144
002523 28
000530 0
001273 3
001946 206
000060 53
000949 110
001648 151
001682 53
000282 222
001184 261
002988 181
002606 4
002244 17
002205 260
001536 38
002176 132
002825 15
002822 125
001327 38
001571 36
002484 262
000854 111
001904 132
001277 121
001284 88
000519 15
001526 59
000806 228
002680 53
002637 53
000711 14
001722 135
000050 181
000644 50
001007 2
000802 263
002133 50
002055 22
001311 25
001791 180
000850 170
000425 264
000417 265
000001 49
001482 259
001410 72
002773 53
001830 191
001270 28
000177 38
002404 52
001565 251
000513 132
000537 178
001287 195
000920 28
001463 32
000362 28
002243 80
001140 61
001655 144
001658 266
000337 26
000767 62
001349 111
000435 195
001863 9
001055 229
001533 15
002660 35
002720 32
002759 51
000408 267
001263 83
002541 181
002872 9
002898 121
001318 229
001330 207
002437 185
000381 267
001553 249
002113 268
002580 16
001956 1
002358 266
000579 247
000479 36
001748 191
002308 64
001783 172
002040 31
000420 110
000626 20
000040 75
001168 207
001481 32
002448 195
001060 62
000081 110
000947 90
000074 154
001126 269
000557 249
002041 50
002795 197
001253 185
001725 122
001632 3
001589 15
001596 39
002291 195
000542 181
001462 204
000508 191
001182 183
002462 132
000489 32
001125 93
002242 52
001542 90
000389 228
000218 152
001018 181
001246 69
002855 110
001629 41
001291 116
000463 144
002518 68
002473 45
000862 32
000527 9
002351 110
001963 69
000284 45
002306 15
001471 20
001087 9
000873 265
000591 20
002382 24
001577 88
000065 108
001083 20
002551 144
001280 24
000605 195
002737 259
000730 144
002006 270
000353 20
000954 93
001401 18
002627 39
002182 39
001922 4
001380 88
002714 235
000035 50
002776 68
001406 12
002240 271
002386 170
000020 9
000623 64
002592 88
002099 132
002355 146
002314 144
001275 25
001784 132
001082 135
000164 9
001703 31
001177 195
002814 68
000199 3
001233 68
002928 132
001516 53
001882 42
000409 36
000143 100
000023 32
000205 229
001213 132
001365 272
001006 144
000642 160
001699 190
002688 185
001344 9
000385 165
000889 273
002729 200
001086 53
000173 241
000532 195
002812 114
001340 28
001106 169
000400 216
002735 259
000641 94
002880 28
000720 145
000391 126
000936 45
002363 4
000139 132
001149 90
000787 274
001586 272
001119 90
002874 45
002845 9
002374 9
002434 86
001374 247
002490 235
000953 80
002638 69
001196 60
002574 193
002436 117
001575 9
002669 80
002754 36
001290 181
000129 205
002425 53
002867 176
001332 110
000161 42
000932 62
001389 80
002888 31
002085 200
001853 39
002335 86
001379 35
000421 154
002405 235
002480 195
000287 42
002432 233
001865 185
001041 126
000133 132
002787 8
001894 132
002565 66
001080 275
002994 1
002111 124
002390 276
000136 132
001214 144
002895 32
002721 12
000212 77
002296 200
002139 68
000275 72
002050 18
000089 24
000751 144
002293 214
000299 45
002950 36
000568 145
001627 277
000262 213
001729 144
002724 51
000316 278
002130 93
000104 25
001615 273
002024 34
001070 25
002584 15
000927 36
002369 195
002454 234
000366 12
002588 50
000529 93
000045 68
000309 181
001506 119
001551 79
000449 45
001375 88
000572 3
001135 53
001204 114
002263 3
001173 230
001319 111
000600 171
002148 235
001960 28
000834 279
000942 14
000063 234
001683 144
000987 12
002134 280
000333 145
002633 281
002264 282
001896 51
002236 266
001167 28
000630 36
001885 234
002539 132
002136 111
002708 158
002272 53
002415 181
000824 53
001223 193
002348 148
000461 228
001859 237
000160 204
000740 45
000008 49
002162 144
000372 45
002696 120
002080 253
000084 253
001873 247
002417 132
002907 53
001507 119
002817 207
000428 64
000290 23
002695 24
001554 58
000240 69
001944 121
001198 154
000770 99
001624 134
000402 150
001664 50
000155 145
000619 89
002571 58
001091 32
000296 283
000431 25
000280 146
002020 284
000582 190
002815 12
002933 96
002331 285
002595 7
002068 247
000719 88
001657 286
000723 88
002920 61
000596 195
000970 93
001600 226
000699 106
000977 144
001104 32
002717 144
001339 144
001817 88
000951 72
001212 106
001429 144
001670 150
000427 53
002908 287
000176 69
000080 204
000594 288
001348 1
001515 79
001546 253
002847 21
002150 44
000492 171
000989 289
001447 144
001975 124
000755 185
000825 59
000495 243
000800 190
001002 181
001626 290
000848 185
002060 65
002074 187
001468 185
001965 109
000888 58
002828 81
001712 68
002859 23
001789 7
002321 291
001079 110
002925 228
001886 53
001371 106
000140 12
002158 42
002285 88
001665 229
000410 3
000013 292
002199 293
000405 191
002740 150
001098 20
001220 144
002967 12
000793 267
002292 193
001842 144
000952 53
001910 144
001210 3
002893 12
000975 264
000475 150
001942 265
000216 91
002824 45
000501 88
002756 234
002064 93
000472 294
001584 150
002732 295
001635 50
000539 53
001979 132
001131 296
002492 195
000991 213
001305 204
002943 128
001009 25
002894 110
000875 52
000497 193
000312 12
000132 265
000252 281
001315 151
001519 297
001048 86
002168 67
000137 124
001752 88
000648 298
000595 224
002559 205
002339 290
000585 20
000811 39
001803 16
002412 87
002090 195
000279 23
000360 99
000030 119
002341 299
002122 116
002463 195
001732 34
001427 150
001264 300
000351 17
001430 197
002119 28
002483 128
002108 154
002098 179
000028 185
001878 58
000148 272
000660 234
002509 144
000022 254
000571 3
002017 205
000047 301
000752 302
000650 248
001887 106
002826 93
000869 88
002842 18
000891 31
001321 296
002356 36
001052 279
002381 1
000828 215
001022 207
002166 81
002598 148
002830 51
001663 290
000034 121
001844 303
001512 144
001417 32
002860 133
002209 141
001058 59
001520 59
000598 229
001011 31
000861 197
001642 110
000010 120
000091 45
001075 231
001985 150
000790 64
000263 9
000712 304
002305 72
002094 150
002864 32
000149 45
002653 195
001244 35
001415 20
002741 301
000079 49
002530 84
002212 38
002652 189
002892 31
000998 60
000036 139
002120 130
001413 2
000235 252
000350 247
000324 3
000003 282
001031 45
002368 151
002959 272
001756 38
002903 305
001477 154
001274 132
000816 306
001049 9
001241 99
001419 68
000939 88
000396 90
000782 19
002011 45
000863 307
001816 308
002430 45
002996 58
000504 36
002475 242
002639 309
000384 130
001750 191
000311 88
001619 193
002241 136
002031 88
001941 150
000905 154
000521 77
002153 88
001778 185
001691 8
001780 38
002350 151
001230 120
000760 260
001812 154
002674 126
001368 32
001734 310
000664 219
002607 109
002916 255
000743 18
002226 37
002808 234
002501 235
001513 28
000027 272
002586 2
001015 158
000967 158
001601 144
001973 144
000683 11
002579 187
000864 176
000992 311
000915 77
002084 290
002521 145
000186 17
001765 151
000923 144
000075 312
002224 313
002810 314
002752 315
000741 173
002334 69
002582 25
001744 316
000820 39
002192 32
001117 300
001710 4
000157 247
000832 275
001359 31
002528 45
000503 17
002611 235
002870 290
002984 20
002045 88
001981 25
002378 317
001057 304
001347 36
002958 267
000356 93
002360 68
002820 168
000724 35
001977 53
000245 195
001299 88
002722 114
000393 49
001747 150
002624 183
000086 318
000747 56
001181 4
002228 145
001316 150
002091 20
001102 3
000913 110
000963 56
000555 88
002347 12
002863 64
002834 319
000107 60
002008 320
000438 18
001801 4
000171 144
002656 191
001986 195
001372 88
002123 144
001677 32
001159 12
001128 110
002058 9
002370 193
002059 33
000827 28
002416 45
000285 23
002712 28
002726 68
002899 272
002591 23
001441 90
002188 267
002319 69
002570 144
002004 151
001251 290
001955 90
002154 138
001257 23
000056 119
000483 265
000044 128
001822 23
001544 6
000321 150
001342 42
002135 4
002971 321
001438 244
000238 290
001798 55
001810 69
001004 150
002803 276
002514 86
002290 23
001200 114
000301 20
000943 195
002265 77
001260 322
002294 3
000464 23
000006 302
000842 204
001869 110
000327 165
002282 222
002576 207
001465 99
000893 215
002062 69
000695 257
000388 316
000604 219
000843 195
000323 218
001868 131
002879 150
002275 23
002531 323
002468 145
002946 23
001281 290
000831 69
001905 99
000456 234
000308 139
002121 324
002051 2
001303 109
000329 99
002977 325
001705 15
001719 139
000480 229
002919 55
002510 302
000118 32
001972 1
001558 187
002734 326
001030 327
000467 15
002440 197
002249 187
002594 2
001970 23
001199 11
001357 274
001902 313
001976 23
000777 328
000569 49
001787 197
002636 144
002277 323
002941 23
001093 23
001258 272
001999 23
000085 3
001666 162
002685 68
000756 8
002144 203
002200 45
000512 53
002902 17
000732 150
002221 329
002320 200
000531 6
002345 330
000766 11
001480 235
002003 211
001362 331
002491 99
000375 136
001634 176
002784 181
001185 332
001715 54
002536 69
002081 50
001794 23
000239 197
000128 45
000355 35
000165 15
001511 35
002875 36
001320 151
002477 325
000473 53
001998 235
002481 22
002043 53
002408 152
002138 1
002411 93
000098 302
001840 313
001024 273
002015 195
002948 14
000450 247
000551 5
002694 285
000277 333
002267 111
000179 18
000434 154
001341 185
002852 114
001592 154
001644 320
001517 169
000742 54
000868 15
001770 334
000484 28
002022 96
002938 60
002324 152
002359 160
000781 126
000549 23
001964 253
002833 191
000783 335
001890 81
001008 176
002394 152
000674 199
002204 228
000687 150
000876 197
000459 207
001990 194
001911 17
001268 126
000753 249
000122 36
000700 106
002811 197
001445 315
001949 23
002233 336
002087 337
000032 88
002155 338
001751 96
002072 45
000070 218
002838 195
002647 231
001120 32
002813 150
001191 64
001532 64
002851 28
001243 53
000266 313
002421 272
001459 45
001913 23
000505 324
002325 150
000340 85
002604 109
002620 339
002234 266
000799 15
000931 107
002540 132
000745 154
000979 223
002424 185
000062 77
001776 38
001603 150
002927 154
002955 247
000142 110
002786 126
001568 340
000194 332
000647 341
002082 68
000361 107
002747 342
000058 68
000359 64
002672 343
001569 28
002117 302
002340 35
002095 332
000924 332
002042 266
000278 36
002201 145
002944 205
002273 139
000382 197
002193 271
001452 320
001391 205
001025 344
002442 302
001953 65
000067 345
001056 346
001740 257
002077 68
002343 35
000114 36
000246 191
001440 203
001023 211
000981 206
000412 40
002262 116
001063 195
000117 347
002890 12
002690 348
000248 302
000666 340
002651 12
000093 126
000115 31
001377 23
002303 279
000119 100
001982 99
002181 52
000163 109
000264 173
002978 160
001314 15
000247 324
002428 185
000776 26
000553 38
001114 90
002474 337
000581 32
000845 197
001461 90
002476 59
000652 265
001171 216
002942 18
002936 211
001369 170
000898 77
002921 165
000677 171
000015 42
000968 349
001107 107
000241 31
001255 200
002322 234
001937 207
000685 152
000169 269
001640 8
001134 109
002420 18
001879 247
001716 229
000272 247
001474 247
001254 229
001548 110
000215 21
002597 348
000345 196
000839 145
001616 302
002196 250
001836 8
000796 25
000413 350
001713 22
000343 5
000948 135
002222 50
001758 262
000378 3
001492 14
000739 32
002542 185
000053 350
000019 272
001310 59
002270 75
002451 68
000999 113
001390 165
000096 286
001500 247
002310 195
002555 115
000180 351
001599 350
000717 150
000185 83
000468 14
000904 116
002702 45
000072 23
002573 234
001899 62
002554 187
002395 59
002516 107
001208 2
002078 252
002866 74
001064 99
001529 220
002206 23
000659 32
002818 302
001839 5
002443 249
001077 69
000455 49
001384 253
002383 158
000403 195
000990 334
001446 187
001473 352
000678 353
001617 51
001252 5
001984 309
000823 354
000964 96
000836 72
001034 117
000175 123
000940 283
000692 32
000335 130
000874 211
002827 355
002056 23
000198 45
000297 247
002832 354
001531 32
001746 185
000123 149
000379 207
002581 356
002211 222
002173 267
002053 2
000916 68
001872 177
002742 200
000612 132
001772 68
002336 89
000957 33
001633 110
001888 5
002993 169
002661 9
000909 150
000507 234
000357 187
001424 132
002873 200
002401 22
001155 93
001723 99
002682 112
000668 68
000887 12
001285 351
000334 68
000154 290
001421 150
002550 60
001841 213
000722 176
000374 45
000313 181
001850 14
001623 335
000043 70
000972 255
002972 5
000523 154
000418 300
000763 28
000658 290
000705 25
000733 117
002499 126
002751 110
000945 3
002217 154
002801 181
002409 170
001807 181
001019 257
001470 154
000908 180
001694 8
000273 247
001494 203
000520 226
000815 116
000819 88
000735 20
001523 25
001639 200
002910 255
001701 157
001122 5
002177 150
001915 316
001884 25
002593 350
000380 20
002252 24
000344 147
002149 291
002145 93
002567 285
001943 99
001804 55
002823 357
002537 51
001262 99
002013 205
001425 355
001595 170
000233 237
000795 348
001707 5
002904 150
001821 350
002563 253
002406 211
002560 12
000113 117
001000 32
002266 350
001583 358
002548 93
002970 359
000226 69
001043 193
001193 7
001450 152
002446 5
001764 225
001667 0
002589 316
002377 35
000849 77
000622 358
002142 88
000214 65
000771 93
000338 326
000804 2
002261 8
001183 360
001169 357
000037 110
000106 90
000363 102
000851 60
001741 194
002414 23
000857 135
001466 68
000566 203
000250 326
002525 194
001475 301
002503 65
000318 361
001201 35
001108 207
002279 362
000653 251
000071 110
001668 12
002659 100
001175 363
001089 364
002957 3
000411 17
002883 121
002387 263
001026 12
002092 241
000540 42
000602 344
001333 357
002843 132
001435 285
002220 290
002466 253
002762 345
000838 69
002736 290
001628 365
000807 213
000883 365
001485 248
000638 68
000424 119
000728 8
001997 147
000377 4
000525 5
002487 321
002524 25
000151 86
001581 132
001950 251
001775 195
000627 77
002850 150
001846 135
000144 247
000718 90
002575 25
002632 271
000567 365
001881 366
002489 5
001156 150
002223 40
001432 363
002760 197
002172 49
002187 222
000880 40
001076 1
000625 318
002935 35
002976 126
001367 367
002231 177
000618 368
001325 369
001983 222
000691 42
002835 53
002289 276
001690 25
001351 53
002844 32
002507 132
002730 17
001831 114
001687 35
001693 23
000466 132
001188 132
001192 62
000146 150
002255 103
000325 132
002706 293
001763 195
000707 224
000715 33
001835 314
002884 0
001112 17
002128 103
000902 132
000688 285
002215 65
001631 49
002278 301
002500 67
001940 0
001825 271
000101 333
000291 180
002493 32
000879 77
001456 290
000392 195
000087 37
002284 31
002715 5
001276 299
001524 370
000476 154
001695 28
001296 278
002093 53
001138 158
002073 280
001236 234
000833 124
000592 112
002979 61
001621 111
001636 176
000110 354
001161 198
000223 371
001053 205
001312 151
002771 5
002104 272
002981 132
000254 145
001073 219
001620 337
001493 158
002691 223
000546 372
002526 373
000950 65
001572 285
000844 374
000064 18
000414 99
002433 364
000885 106
000452 28
001259 230
000657 49
001880 19
001582 375
001487 49
001486 49
001328 5
002418 102
002738 193
002268 376
000078 235
002070 196
002809 363
000870 329
002469 40
002248 135
000451 290
001020 360
001561 106
001980 266
000697 53
001742 132
000812 45
002973 210
000911 18
001522 197
001050 110
000506 241
000406 68
002366 207
000184 117
001877 99
001718 91
000610 17
002675 132
002034 45
002534 369
002327 186
001969 17
002679 151
000021 145
002219 145
001426 337
001591 297
002225 110
000328 150
002755 15
002519 65
001875 1
002538 291
002975 132
000267 40
001891 17
002664 147
001757 377
002179 290
000866 362
002945 287
002886 11
000490 40
000607 123
002465 150
001739 61
000153 329
000890 95
002939 176
002328 286
000270 9
000097 96
002259 40
002618 9
000965 378
001800 190
000872 291
001573 285
000533 183
001068 25
001100 110
002761 135
002126 31
002312 135
000716 132
002198 45
002949 145
001539 185
002954 379
000470 37
000565 261
001799 193
000462 13
001278 35
001796 193
001870 187
001394 174
001346 43
000696 20
001176 150
001753 66
000929 99
001215 356
002635 187
001373 68
000244 20
002800 195
001680 77
001313 68
000649 35
002644 145
000314 252
000156 206
001304 380
001151 77
001802 247
001047 66
001641 364
001307 69
001928 237
001496 358
000026 193
002245 11
000016 3
001322 261
000884 340
002670 150
001361 110
001845 194
001613 210
000498 28
002841 20
000516 5
002968 190
001479 124
001412 10
001096 356
000543 287
002505 290
000634 116
000432 181
002676 24
000729 139
001289 12
002258 150
000317 96
001921 54
002562 53
001338 8
002878 107
000320 150
001032 246
002026 12
002190 20
001111 8
001889 336
001528 59
000754 307
002629 0
000563 107
002447 207
000669 35
000253 234
002956 81
002517 17
002963 2
000358 18
001279 273
001301 17
001203 7
002557 195
002798 59
000130 106
000145 200
000961 41
002896 25
002764 381
000906 18
001097 253
000236 2
001062 110
