0 15.913330316543579
001958 0
002088 1
001395 2
001521 3
001099 4
000394 5
000029 6
000100 7
000352 8
002021 9
001353 10
001145 11
002856 12
001226 13
000298 14
001786 15
000127 16
002758 17
001597 16
002028 10
002997 18
000682 19
000046 20
001437 21
002748 16
000302 22
002649 23
001608 24
000637 25
000548 26
001266 27
001271 28
000679 29
002613 23
002157 26
000706 19
001509 8
000111 16
002354 30
002178 31
002049 27
000283 32
001101 4
000561 33
000564 34
000578 19
001820 35
001951 7
001560 36
000300 13
001923 31
001066 22
002039 37
000535 38
002924 0
002766 39
002227 40
000274 14
000395 41
000193 42
000099 43
001202 44
002631 45
002246 16
001229 46
000541 47
002389 42
000042 36
000956 48
002329 49
002621 50
001136 51
001598 39
000206 16
002260 52
000004 34
000621 22
000536 53
002361 54
001491 29
000293 32
000928 29
002301 55
001661 6
000433 14
000749 19
000608 19
000614 19
000789 56
001989 51
000784 27
001793 40
002030 57
002472 58
000797 27
002186 59
001673 60
000714 51
002213 60
001966 61
000528 59
001637 21
000051 22
002816 62
000292 63
001431 44
000221 64
001824 65
002460 58
001552 66
002161 49
002546 38
002767 43
002964 7
001154 67
000814 22
001947 40
001590 68
002699 46
002673 27
002365 62
000005 69
000726 63
002456 4
001948 70
002681 59
000007 71
001105 40
001293 12
002710 72
001630 61
002849 49
000526 73
001927 11
000912 50
002097 35
001855 44
000774 27
000590 6
000903 19
002600 44
001968 74
002930 75
001684 3
002704 31
001847 40
002583 27
001662 57
000307 76
000517 5
001614 57
001587 16
003000 0
002572 3
000041 77
000367 20
001652 43
000589 78
000011 36
002687 79
001239 48
002337 58
002689 3
002342 59
002338 44
002657 17
001827 80
002947 12
001376 63
002797 59
001219 44
001127 41
001987 81
000322 35
002923 23
001407 12
001563 61
000397 71
001434 10
002146 82
002191 16
000772 27
001242 12
002739 13
002770 31
001146 83
001656 6
001754 27
000112 31
001698 57
002668 7
002535 84
002692 27
001525 54
000331 8
002697 17
000256 64
000158 6
000319 8
000631 36
002207 16
000315 85
001826 57
002960 12
001545 66
000855 27
002016 86
002398 40
000347 21
000599 63
000856 19
000443 36
002333 0
002001 87
002848 77
001534 88
000762 19
002012 89
002901 90
001358 63
001638 57
001078 22
001991 13
000966 49
002276 15
002195 13
000587 19
000066 1
000937 64
002485 58
000731 91
001235 44
001132 42
001472 8
002317 29
000757 92
002027 93
002250 13
002515 23
002256 62
002953 13
001594 13
001609 94
002052 6
000798 27
001269 14
001774 95
000249 96
000108 64
002419 59
002750 4
002129 97
001901 46
002891 98
002763 26
001505 29
002318 12
001393 97
000228 38
002602 12
002037 99
002684 31
000976 7
000886 51
002596 23
000225 100
000917 16
002183 57
002403 13
002625 101
001675 57
002238 59
002046 102
001527 80
002287 59
000488 64
002783 23
001733 101
001326 8
001768 6
002778 7
002035 31
002628 23
002804 31
002253 13
000559 30
001696 51
002426 4
001653 53
001454 12
002455 32
002677 103
001065 104
002616 96
001261 12
001992 105
000871 27
000231 6
000018 47
002552 22
001574 54
000955 34
001072 32
002527 3
000305 42
001702 3
000791 19
002610 27
001929 31
001256 66
002779 92
000665 70
000219 106
000188 107
002961 23
002990 31
002066 108
001932 109
001538 88
000601 19
002617 17
000930 16
002210 31
001166 8
002768 110
002357 62
000522 111
000304 16
002067 0
000758 19
002170 53
000261 32
002299 80
001952 40
002497 112
000368 59
002071 49
001643 57
001679 63
002189 59
000988 113
002427 62
001081 16
000910 21
001164 50
002033 114
001302 101
000383 115
001769 57
000611 19
001381 27
002281 101
002107 50
001172 8
002998 12
000082 92
000152 47
002429 4
000962 116
002785 86
000202 33
001306 44
000672 19
002023 61
000055 22
000439 117
002438 66
002391 75
001422 27
001537 118
000166 24
002502 32
001129 27
001005 16
002839 77
002029 46
000914 119
000482 13
000500 33
001797 40
000919 97
001903 57
001194 44
002962 40
002151 28
000162 8
002926 90
000813 27
001238 12
002733 15
001405 61
000076 64
001163 44
002075 120
002794 26
001488 8
002703 68
001398 27
002025 121
001777 17
002288 0
002983 43
001876 10
001834 28
001909 40
002705 122
000404 61
000232 61
001334 46
002332 123
001042 33
001448 35
002590 27
001914 124
000606 19
001249 8
002821 15
002445 40
001143 8
002441 22
002922 15
000204 58
000785 107
002373 125
000014 126
002208 127
002905 23
000676 61
002885 23
002603 111
000465 115
000775 27
001935 128
000496 129
000803 27
000170 130
002449 4
002169 131
000959 32
002965 59
000446 26
001457 83
002002 43
001423 132
000896 58
000429 39
002658 133
001735 53
000196 61
002556 23
000547 55
001828 65
002897 90
001585 107
001567 54
002549 53
002746 26
000088 0
000633 19
001959 101
000583 19
000257 38
001090 16
001814 134
001411 64
000048 135
001651 134
001530 28
001248 97
001503 136
000059 64
002731 137
002683 13
000073 109
001811 6
000474 32
002577 128
001382 12
000124 64
001217 138
000881 139
001336 27
002399 0
001148 8
001354 44
000336 24
001495 97
002230 46
001917 111
002486 61
000181 97
001451 64
002543 137
000617 19
000121 61
000109 59
002790 15
001962 13
001579 101
001704 24
000750 61
000684 19
001724 57
002545 27
000172 140
000103 26
002458 59
000773 27
002232 40
000416 32
000491 141
001165 8
001141 44
002769 0
001329 33
001378 10
001399 142
001612 26
001400 43
000830 143
001308 27
001352 27
001602 12
002728 70
000182 28
001681 57
001688 57
000178 130
000694 144
002400 60
002678 17
001012 145
001916 80
000286 22
000899 146
000894 147
002086 61
002913 46
001851 97
000701 148
001455 72
001404 63
001187 2
002235 133
001224 54
002096 149
002608 13
002083 46
001919 121
002175 59
002915 46
001142 8
002630 37
002966 90
002372 12
000276 36
001297 12
002171 150
001562 27
001843 102
001408 43
001645 57
001971 40
001593 12
001370 10
001323 151
001605 152
000867 19
000946 27
001300 153
000980 58
001856 28
000222 16
001994 44
000922 27
001433 134
001074 58
001895 4
002393 40
000138 31
002578 154
001364 27
002831 62
002504 132
001029 27
000603 40
002701 58
000837 88
001837 109
001001 70
001818 105
002100 155
002184 59
001040 13
000440 61
002496 7
000095 8
002743 64
002000 124
001179 8
000269 51
000033 156
000200 4
001489 31
000229 42
001139 8
001610 6
000303 32
001550 27
001938 19
002665 131
000135 70
002799 90
000809 157
000680 19
001957 115
000841 19
000481 26
002379 28
001708 57
002749 33
002544 27
000689 72
001604 57
000686 56
001436 12
000288 60
000703 31
000502 43
000120 36
000365 50
002435 30
000558 16
001317 43
000562 115
002143 29
001152 56
001556 30
001978 72
002599 23
002229 6
002280 133
002307 92
000667 158
002793 115
000725 143
000574 132
002806 16
001121 109
000234 159
000907 142
000342 20
001189 44
000083 40
002777 27
000189 31
001672 160
000550 161
000805 157
002397 133
002553 24
002203 50
002792 162
000544 26
000478 163
002304 133
000817 164
002753 31
000398 115
000935 27
000655 107
002269 72
000708 165
001010 27
002018 50
000251 166
000974 115
001225 0
000786 165
000281 85
002857 30
001478 56
002974 12
000792 27
002346 34
000778 19
000675 19
001790 40
001218 8
000938 61
000430 42
001013 31
001654 8
001711 56
000556 167
000187 5
000167 111
000995 168
001237 169
000477 170
001027 64
001761 61
001808 8
000057 56
000209 42
002511 107
002380 147
002506 70
001498 80
000426 32
002645 2
001559 12
000242 157
002757 171
001570 8
000570 24
001267 172
002194 43
002247 46
002048 42
002881 0
002532 28
001174 8
002283 101
001557 64
001178 8
002619 17
002654 132
001930 57
000651 19
002634 8
001518 121
001017 14
001501 27
001460 161
001231 8
000560 61
001409 117
001974 57
000738 19
002564 27
001745 101
001295 111
000826 10
000624 70
000220 120
000258 31
001282 29
002775 60
000926 115
000217 130
000511 28
002367 121
001588 32
000593 7
000493 173
000332 26
002829 174
002216 28
000415 175
002132 8
001045 155
001908 176
000645 19
001823 90
001039 31
001508 13
002271 92
000639 19
000944 48
002615 149
002585 46
000195 8
000575 36
002362 61
000818 120
000958 57
002765 177
002711 17
000897 121
002772 26
000840 19
001396 178
001862 40
000636 19
000721 17
000255 179
002118 92
002005 40
001731 43
000192 8
001773 10
001484 80
002989 58
001206 8
001819 180
002951 97
002862 12
001504 101
001420 12
000453 6
001418 10
000197 79
002918 46
002457 12
000534 47
000878 19
001037 181
000460 61
000487 58
001892 90
000681 182
002453 60
000419 26
001350 12
000877 19
001650 40
001900 57
002330 21
001709 119
002105 3
000454 26
001414 27
002876 23
000580 165
000125 64
001898 84
000339 50
001416 32
002858 58
000090 183
000447 31
002106 114
001893 19
001150 159
001925 17
001848 61
001918 17
000997 121
000734 19
000628 139
002609 92
002512 184
001939 124
001240 12
000330 137
001428 185
001469 186
002388 121
001578 13
002626 24
000545 26
002693 119
002614 27
000369 149
002642 82
002802 187
001222 44
002396 62
002991 0
000994 17
000458 26
002402 7
001337 80
001443 80
000737 19
001564 3
002601 80
002061 40
002986 97
000736 113
001442 13
000933 28
001021 26
001993 50
000661 36
001033 41
000423 104
002450 7
002805 188
001061 13
001044 189
000289 70
000471 50
002326 188
002174 59
001088 12
001907 170
001912 80
002877 46
000227 34
000761 190
000577 36
000092 191
000515 73
002364 124
000271 3
000518 6
002384 7
002202 80
001046 61
002718 27
002836 62
002914 46
000960 132
001388 22
002482 58
000769 87
002371 134
002520 94
001860 10
001228 8
000985 27
001813 6
001402 107
002295 7
002871 12
000847 19
001961 80
002900 188
001160 12
001806 6
000469 24
002940 188
000969 96
001197 21
001792 61
001967 192
000341 4
002298 60
002315 46
000900 129
001069 27
001186 8
001343 27
001576 193
000693 97
000588 140
002254 62
000131 94
002423 4
001397 140
000554 194
002323 22
000656 45
000445 31
002650 195
001483 8
000094 96
001157 193
000768 27
001386 64
002937 188
000134 132
002931 188
001051 196
001721 183
002854 31
001566 197
000859 51
000552 13
001543 101
002376 80
002302 132
001490 198
000609 38
000349 115
002297 59
001700 10
001622 57
000613 10
002488 40
001833 13
001717 10
000710 150
000573 57
002869 27
000744 48
000704 19
000925 19
000183 61
002788 62
000243 24
002807 187
000371 155
002076 57
000441 21
000654 26
002709 3
000709 120
001383 10
000024 41
002141 79
001118 66
000934 199
000858 70
001227 8
000509 51
001003 154
002274 101
002723 92
002300 200
002470 201
002909 46
002999 188
002392 62
002131 26
001782 61
002009 10
002032 50
000765 120
001669 57
000486 32
000237 189
001211 44
002349 124
001071 160
000713 150
002461 40
000646 13
002932 188
002906 121
001458 202
001692 111
000616 24
000671 19
002671 27
002791 40
002185 13
000901 51
002789 26
000986 132
002110 44
001392 27
002969 0
000207 163
002313 46
000031 107
000259 114
001265 107
000174 79
001283 8
001292 12
000860 19
001170 13
001618 203
000444 164
002698 31
000808 27
001180 119
001016 40
002774 22
000494 31
001195 119
001931 124
001857 7
002410 132
001467 70
001216 40
001309 13
000973 109
001766 12
000442 32
001659 6
001444 160
000690 204
000764 27
001272 195
002522 27
002444 12
001133 58
000017 131
001232 12
001439 204
001660 6
002069 30
001247 97
001906 16
002257 66
002934 27
001115 17
000615 19
002125 92
000422 14
001788 90
000918 19
000586 19
001144 44
002663 78
002745 26
000077 64
000191 16
001234 58
002165 114
002007 205
001345 8
002167 53
001549 58
000002 78
000640 19
000376 58
001697 57
002479 15
001936 10
002478 70
000746 165
002666 124
000643 19
000190 206
002109 191
002309 43
000012 64
000354 26
002622 17
002529 207
001360 48
000201 70
001611 80
001686 3
002667 29
000448 62
002014 64
001934 28
001514 56
001988 81
000882 19
001190 8
001059 13
001762 16
002980 31
000116 13
001385 208
001926 27
001867 57
000407 16
002995 40
001366 16
001028 31
002840 62
002102 158
001945 136
001502 200
002889 132
001625 10
002464 45
002316 15
001933 50
000326 209
000941 50
001298 12
002643 124
001095 1
002471 7
001805 6
000853 50
001920 124
001103 61
000779 27
001130 180
002725 210
002569 27
002089 63
000141 134
002239 92
001749 32
000390 81
000821 19
002612 43
000698 19
002846 64
001209 44
000485 211
001137 8
001736 60
002036 37
001331 109
002985 188
002439 164
002344 28
001606 61
000025 107
001356 212
000102 212
000629 19
001730 57
000993 29
002719 17
002407 4
000009 17
001067 63
000364 202
002887 26
001014 13
000401 64
002197 57
002865 23
002054 124
000039 75
002112 37
000865 63
000346 107
002115 124
000386 213
002868 90
000788 6
000208 117
001054 13
002101 92
001737 53
001335 97
000049 64
002019 124
000670 19
001689 44
002623 27
001829 90
002164 26
000294 101
002707 70
000895 27
002513 13
002103 214
000984 167
001113 16
000632 36
001547 139
000213 44
002063 124
001781 215
002459 75
002214 90
001676 65
001476 64
002160 26
001832 12
001809 95
001924 13
000224 121
002641 15
000524 149
000230 42
002124 216
002159 26
002744 62
002781 15
001714 57
002251 40
000584 151
002547 27
001124 27
000829 27
002038 45
002010 217
002982 188
000822 27
001250 4
001205 16
001779 30
001727 183
000399 63
002140 70
002782 97
000892 218
000748 219
001464 101
001897 90
000038 191
002912 46
001510 220
001849 221
002237 59
001649 57
002566 78
000373 50
001162 127
002311 175
002700 31
001738 30
002065 40
002385 64
001288 34
001092 7
001147 44
000295 75
001743 101
000978 27
000260 199
000159 222
001153 44
000971 223
002796 16
002662 40
001671 90
000846 10
002286 65
002819 62
001540 48
002116 41
002837 176
002079 124
002044 40
002163 94
000514 26
000068 24
000538 92
001706 67
001852 31
002917 224
000310 200
000801 160
002508 30
002911 165
001084 16
002533 78
000126 64
000069 31
001535 88
001245 17
001760 200
000150 31
001755 123
002180 149
002646 72
001387 31
001864 62
000921 200
002780 225
002431 4
000437 119
002218 59
002568 68
000852 127
000673 19
000061 16
002853 114
000265 226
002713 227
001324 12
000457 13
000597 19
002047 228
000983 114
002716 46
000210 145
001767 175
002929 229
000203 16
000348 213
001871 10
001785 12
001085 31
002352 17
001110 109
000702 13
001541 118
001838 230
000635 19
001449 105
000835 222
001674 64
000268 231
001858 140
002494 132
002147 186
002640 4
000810 19
001123 46
001646 57
002861 12
001207 64
002156 200
000982 180
001035 43
002558 27
001771 105
000052 92
000306 17
001647 57
001555 31
001954 31
001038 66
000727 19
000370 104
002648 165
001221 232
002413 7
001363 12
000105 58
001678 57
001286 119
002452 72
001720 62
001728 10
000576 19
001497 149
001996 20
001995 124
002127 57
002375 165
001580 233
001355 31
001685 200
001094 28
001874 17
001158 34
001403 64
001109 234
002987 235
001726 16
001116 44
000436 16
001815 115
001499 22
002353 15
002467 5
002495 29
001036 12
000211 16
000054 62
000780 48
002587 23
000387 236
002422 4
002992 46
000147 13
000499 16
000620 19
000996 27
001795 33
001861 237
000794 27
000510 28
002137 218
001854 87
000168 64
001883 32
001607 57
001866 10
002655 15
001453 155
001759 200
002882 227
000759 19
002114 16
002727 13
002057 46
002952 188
002498 34
000662 31
002561 23
002605 27
002152 26
002686 27
001294 219
000663 19
002523 37
000530 173
001273 28
001946 13
000060 8
000949 238
001648 107
001682 31
000282 31
001184 21
002988 180
002606 27
002244 62
002205 64
001536 239
002176 19
002825 100
002822 62
001327 240
001571 80
002484 124
000854 19
001904 65
001277 27
001284 44
000519 43
001526 80
000806 241
002680 58
002637 27
000711 242
001722 62
000050 42
000644 9
001007 43
000802 7
002133 34
002055 31
001311 51
001791 90
000850 27
000425 119
000417 43
000001 58
001482 33
001410 27
002773 119
001830 243
001270 44
000177 173
002404 23
001565 7
000513 173
000537 244
001287 245
000920 19
001463 246
000362 31
002243 62
001140 180
001655 57
001658 57
000337 143
000767 64
001349 13
000435 29
001863 57
001055 43
001533 246
002660 32
002720 13
002759 23
000408 114
001263 44
002541 167
002872 42
002898 23
001318 12
001330 44
002437 131
000381 88
001553 33
002113 31
002580 134
001956 189
002358 68
000579 58
000479 40
001748 136
002308 94
001783 37
002040 165
000420 203
000626 36
000040 207
001168 45
001481 12
002448 31
001060 247
000081 248
000947 101
000074 249
001126 12
000557 13
002041 250
002795 62
001253 44
001725 27
001632 227
001589 44
001596 37
002291 101
000542 31
001462 251
000508 51
001182 87
002462 4
000489 13
001125 219
002242 62
001542 54
000389 0
000218 32
001018 46
001246 44
002855 156
001629 57
001291 134
000463 101
002518 96
002473 252
000862 31
000527 47
002351 218
001963 44
000284 226
002306 80
001471 44
001087 83
000873 246
000591 211
002382 1
001577 4
000065 73
001083 56
002551 23
001280 253
000605 19
002737 50
000730 7
002006 37
000353 67
000954 140
001401 12
002627 101
002182 198
001922 90
001380 27
002714 72
000035 200
002776 23
001406 45
002240 88
002386 115
000020 254
000623 36
002592 27
002099 97
002355 249
002314 46
001275 44
001784 107
001082 155
000164 222
001703 43
001177 44
002814 62
000199 42
001233 8
002928 180
001516 255
001882 57
000409 32
000143 81
000023 256
000205 51
001213 13
001365 12
001006 37
000642 36
001699 57
002688 114
001344 193
000385 63
000889 28
002729 104
001086 28
000173 200
000532 257
002812 62
001340 12
001106 27
000400 8
002735 23
000641 19
002880 27
000720 19
000391 32
000936 12
002363 28
000139 258
001149 12
000787 27
001586 30
001119 173
002874 94
002845 62
002374 114
002434 46
001374 119
002490 63
000953 27
002638 29
001196 8
002574 109
002436 51
001575 80
002669 27
002754 49
001290 109
000129 81
002425 4
002867 23
001332 44
000161 16
000932 259
001389 61
002888 260
002085 261
001853 200
002335 250
001379 27
000421 28
002405 3
002480 26
000287 8
002432 165
001865 57
001041 171
000133 13
002787 40
001894 29
002565 27
001080 262
002994 52
002111 73
002390 132
000136 223
001214 12
002895 32
002721 165
000212 16
002296 133
002139 34
000275 42
002050 21
000089 203
000751 155
002293 101
000299 253
002950 188
000568 50
001627 40
000262 263
001729 10
002724 15
000316 157
002130 203
000104 264
001615 227
002024 233
001070 44
002584 27
000927 238
002369 57
002454 75
000366 228
002588 30
000529 173
000045 22
000309 16
001506 27
001551 265
000449 132
001375 44
000572 24
001135 64
001204 8
002263 62
001173 44
001319 27
000600 19
002148 28
001960 12
000834 266
000942 267
000063 37
001683 10
000987 1
002134 12
000333 165
002633 68
002264 227
001896 28
002236 13
001167 68
000630 19
001885 17
002539 31
002136 12
002708 249
002272 22
002415 3
000824 19
001223 8
002348 94
000461 32
001859 10
000160 63
000740 48
000008 173
002162 203
000372 208
002696 27
002080 16
000084 200
001873 80
002417 88
002907 16
001507 12
002817 62
000428 107
000290 185
002695 46
001554 182
000240 101
001944 40
001198 33
000770 27
001624 243
000402 37
001664 96
000155 31
000619 19
002571 23
001091 119
000296 80
000431 101
000280 4
002020 50
000582 19
002815 62
002933 139
002331 167
002595 189
002068 15
000719 19
001657 57
000723 19
002920 62
000596 19
000970 31
001600 58
000699 19
000977 12
001104 96
002717 46
001339 10
001817 63
000951 54
001212 8
001429 211
001670 268
000427 15
002908 12
000176 249
000080 218
000594 32
001348 27
001515 131
001546 54
002847 218
002150 28
000492 191
000989 238
001447 31
001975 13
000755 27
000825 19
000495 142
000800 19
001002 269
001626 200
000848 27
002060 88
002074 270
001468 8
001965 87
000888 54
002828 62
001712 10
002859 268
001789 271
002321 124
001079 218
002925 230
001886 272
001371 45
000140 273
002158 28
002285 274
001665 101
000410 16
000013 80
002199 50
000405 7
002740 23
001098 4
001220 32
002967 188
000793 27
002292 101
001842 13
000952 140
001910 275
001210 8
002893 62
000975 16
000475 211
001942 40
000216 42
002824 23
000501 24
002756 212
002064 212
000472 32
001584 135
002732 62
001635 271
000539 249
001979 31
001131 12
002492 12
000991 12
001305 27
002943 96
001009 63
002894 276
000875 140
000497 277
000312 53
000132 141
000252 278
001315 27
001519 50
001048 1
002168 119
000137 223
001752 12
000648 19
000595 19
002559 7
002339 114
000585 19
000811 0
001803 66
002412 46
002090 22
000279 200
000360 43
000030 187
002341 279
002122 280
002463 188
001732 223
001427 8
001264 27
000351 81
001430 27
002119 29
002483 13
002108 160
002098 133
000028 48
001878 57
000148 132
000660 36
002509 281
000022 149
000571 13
002017 124
000047 16
000752 249
000650 51
001887 80
002826 62
000869 150
002842 62
000891 180
001321 55
002356 200
001052 196
002381 282
000828 19
001022 220
002166 60
002598 112
002830 62
001663 283
000034 134
001844 200
001512 63
001417 133
002860 62
002209 111
001058 43
001520 29
000598 203
001011 7
000861 27
001642 57
000010 71
000091 16
001075 134
001985 267
000790 27
000263 132
000712 19
002305 284
002094 37
002864 249
000149 70
002653 102
001244 4
001415 27
002741 132
000079 107
002530 101
002212 249
002652 29
002892 12
000998 29
000036 81
002120 10
001413 45
000235 208
000350 249
000324 208
000003 257
001031 80
002368 5
002959 188
001756 81
002903 58
001477 50
001274 131
000816 27
001049 196
001241 107
001419 257
000939 107
000396 36
000782 19
002011 53
000863 19
001816 81
002430 4
002996 95
000504 31
002475 285
002639 23
000384 238
001750 16
000311 162
001619 43
002241 46
002031 286
001941 257
000905 31
000521 240
002153 127
001778 12
001691 57
001780 10
002350 133
001230 44
000760 19
001812 12
002674 7
001368 12
001734 50
000664 19
002607 174
002916 230
000743 19
002226 62
002808 173
002501 283
001513 149
000027 31
002586 27
001015 16
000967 97
001601 119
001973 95
000683 7
002579 101
000864 19
000992 70
000915 285
002084 16
002521 63
000186 200
001765 21
000923 19
000075 142
002224 62
002810 29
002752 65
000741 19
002334 46
002582 23
001744 111
000820 27
002192 62
001117 287
001710 66
000157 83
000832 288
001359 44
002528 42
000503 9
002611 5
002870 27
002984 188
002045 50
001981 6
002378 4
001057 12
001347 221
002958 289
000356 50
002360 59
002820 133
000724 97
001977 88
000245 8
001299 8
002722 64
000393 83
001747 10
002624 160
000086 24
000747 290
001181 291
002228 62
001316 221
002091 124
001102 4
000913 30
000963 113
000555 241
002347 31
002863 292
002834 0
000107 8
002008 32
000438 80
001801 12
000171 140
002656 151
001986 32
001372 10
002123 17
001677 57
001159 44
001128 293
002058 143
002370 165
002059 15
000827 64
002416 4
000285 36
002712 58
002726 92
002899 65
002591 294
001441 12
002188 16
002319 132
002570 88
002004 124
001251 7
001955 220
002154 43
001257 44
000056 81
000483 295
000044 132
001822 38
001544 8
000321 32
001342 27
002135 203
002971 62
001438 109
000238 296
001798 40
001810 155
001004 297
002803 13
002514 27
002290 16
001200 41
000301 101
000943 29
002265 182
001260 8
002294 81
000464 66
000006 16
000842 160
001869 14
000327 8
002282 298
002576 4
001465 188
000893 247
002062 57
000695 211
000388 81
000604 19
000843 27
000323 50
001868 57
002879 136
002275 62
002531 255
002468 62
002946 92
001281 44
000831 27
001905 13
000456 143
000308 68
002121 203
002051 165
001303 143
000329 8
002977 50
001705 299
001719 4
000480 300
002919 23
002510 78
000118 37
001972 81
001558 139
002734 165
001030 101
000467 31
002440 33
002249 62
002594 80
001970 57
001199 25
001357 120
001902 17
001976 46
000777 249
000569 24
001787 68
002636 78
002277 59
002941 12
001093 63
001258 101
001999 233
000085 301
001666 118
002685 32
000756 19
002144 160
002200 131
000512 51
002902 289
000732 142
002221 62
002320 153
000531 180
002345 12
000766 27
001480 50
002003 43
001362 13
002491 23
000375 51
001634 10
002784 203
001185 8
001715 175
002536 252
002081 257
001794 57
000239 31
000128 64
000355 1
000165 182
001511 44
002875 64
001320 27
002477 302
000473 223
001998 303
002481 131
002043 40
002408 92
002138 261
002411 40
000098 8
001840 32
001024 31
002015 64
002948 188
000450 32
000551 173
002694 23
000277 58
002267 153
000179 28
000434 173
001341 27
002852 12
001592 8
001644 40
001517 298
000742 41
000868 27
001770 136
000484 223
002022 64
002938 180
002324 274
002359 304
000781 27
000549 10
001964 57
002833 62
000783 116
001890 64
001008 32
002394 1
000674 19
002204 31
000687 19
000876 189
000459 144
001990 81
001911 305
001268 12
000753 54
000122 31
000700 19
002811 62
001445 306
001949 307
002233 62
002087 13
000032 249
002155 49
001751 66
002072 15
000070 32
002838 62
002647 40
001120 31
002813 62
001191 44
001532 68
002851 0
001243 308
000266 187
002421 90
001459 92
001913 40
000505 51
002325 132
000340 32
002604 29
002620 57
002234 46
000799 160
000931 50
002540 131
000745 19
000979 27
002424 4
000062 81
001776 57
001603 10
002927 12
002955 189
000142 31
002786 249
001568 31
000194 42
000647 36
002082 97
000361 309
002747 187
000058 3
000359 255
002672 180
001569 163
002117 160
002340 310
002095 31
000924 12
002042 311
000278 312
002201 62
002944 188
002273 62
000382 31
002193 57
001452 43
001391 58
001025 45
002442 23
001953 230
000067 43
001056 12
001740 313
002077 97
002343 139
000114 8
000246 44
001440 81
001023 113
000981 135
000412 36
002262 60
001063 83
000117 183
002890 274
002690 119
000248 314
000666 10
002651 23
000093 315
000115 33
001377 27
002303 59
000119 257
001982 12
002181 130
000163 312
000264 189
002978 62
001314 27
000247 22
002428 135
000776 136
000553 70
001114 27
002474 34
000581 19
000845 19
001461 237
002476 23
000652 19
001171 8
002942 23
002936 188
001369 173
000898 312
002921 56
000677 19
000015 51
000968 149
001107 316
000241 68
001255 27
002322 46
001937 12
000685 113
000169 71
001640 4
001134 72
002420 234
001879 275
001716 237
000272 35
001474 10
001254 44
001548 133
000215 144
002597 27
000345 101
000839 19
001616 44
002196 167
001836 27
000796 78
000413 7
001713 57
000343 32
000948 133
002222 257
001758 58
000378 133
001492 109
000739 317
002542 318
000053 317
000019 47
001310 27
002270 59
002451 4
000999 8
001390 87
000096 51
001500 27
002310 43
002555 27
000180 319
001599 85
000717 225
000185 31
000468 91
000904 27
002702 40
000072 317
002573 27
001899 124
002554 27
002395 101
002516 320
001208 12
002078 56
002866 23
001064 31
001529 293
002206 80
000659 36
002818 62
001839 43
002443 180
001077 199
000455 56
001384 321
002383 132
000403 94
000990 322
001446 234
001473 323
000678 19
001617 57
001252 8
001984 12
000823 27
000964 142
000836 96
001034 70
000175 200
000940 107
000692 19
000335 80
000874 70
002827 31
002056 85
000198 8
000297 85
002832 4
001531 230
001746 118
000123 36
000379 223
002581 46
002211 233
002173 131
002053 216
000916 19
001872 26
002742 324
000612 19
001772 13
002336 325
000957 9
001633 134
001888 233
002993 23
002661 101
000909 246
000507 223
000357 36
001424 83
002873 95
002401 4
001155 31
001723 257
002682 234
000668 19
000887 257
001285 8
000334 32
000154 8
001421 31
002550 23
001841 27
000722 19
000374 87
000313 134
001850 266
001623 200
000043 296
000972 27
002972 90
000523 31
000418 9
000763 19
000658 326
000705 7
000733 19
002499 78
002751 62
000945 46
002217 327
002801 63
002409 165
001807 233
001019 134
001470 218
000908 315
001694 160
000273 94
001494 92
000520 97
000815 17
000819 19
000735 189
001523 12
001639 57
002910 12
001701 21
001122 12
002177 13
001915 57
001884 200
002593 4
000380 31
002252 62
000344 223
002149 26
002145 124
002567 78
001943 83
001804 318
002823 0
002537 164
001262 183
002013 68
001425 180
001595 12
000233 139
000795 165
001707 10
002904 174
001821 24
002563 27
002406 199
002560 23
000113 16
001000 94
002266 7
001583 255
002548 23
002970 165
000226 235
001043 21
001193 43
001450 83
002446 160
001764 118
001667 8
002589 165
002377 212
000849 32
000622 19
002142 83
000214 109
000771 19
000338 312
000804 328
002261 28
001183 257
001169 8
000037 63
000106 132
000363 81
000851 329
001741 16
002414 165
000857 27
001466 95
000566 10
000250 24
002525 94
001475 157
002503 302
000318 42
001201 8
001108 119
002279 28
000653 165
000071 257
001668 65
002659 174
001175 8
001089 212
002957 274
000411 17
002883 274
002387 65
001026 133
002092 190
000540 180
000602 19
001333 12
002843 62
001435 234
002220 16
002466 233
002762 257
000838 19
002736 203
001628 233
000807 58
000883 27
001485 8
000638 42
000424 32
000728 195
001997 8
000377 16
000525 70
002487 330
002524 83
000151 16
001581 101
001950 280
001775 27
000627 19
002850 331
001846 57
000144 312
000718 133
002575 233
002632 257
000567 127
001881 57
002489 23
001156 133
002223 57
001432 47
002760 72
002172 60
002187 40
000880 19
001076 94
000625 19
002935 12
002976 157
001367 332
002231 62
000618 19
001325 257
001983 333
000691 19
002835 49
002289 85
001690 334
001351 32
002844 101
002507 335
002730 114
001831 10
001687 57
001693 57
000466 162
001188 27
001192 68
000146 257
002255 70
000325 314
002706 101
001763 208
000707 7
000715 150
001835 336
002884 75
001112 113
002128 92
000902 31
000688 19
002215 65
001631 113
002278 31
002500 143
001940 40
001825 337
000101 161
000291 142
002493 134
000879 19
001456 133
000392 31
000087 223
002284 132
002715 23
001276 8
001524 12
000476 32
001695 57
001296 8
002093 203
001138 44
002073 249
001236 96
000833 19
000592 36
002979 12
001621 173
001636 10
000110 8
001161 8
000223 36
001053 223
001312 35
002771 203
002104 338
002981 23
000254 68
001073 119
001620 161
001493 44
002691 4
000546 31
002526 78
000950 43
001572 8
000844 220
000064 257
000414 132
002433 132
000885 297
000452 144
001259 167
000657 36
001880 12
001582 40
001487 27
001486 339
001328 30
002418 12
002738 203
002268 0
000078 92
002070 189
002809 78
000870 150
002469 23
002248 85
000451 160
001020 31
001561 119
001980 12
000697 113
001742 12
000812 27
002973 188
000911 19
001522 30
001050 300
000506 9
000406 165
002366 113
000184 70
001877 51
001718 57
000610 19
002675 46
002034 160
002534 92
002327 95
001969 32
002679 23
000021 85
002219 46
001426 12
001591 54
002225 62
000328 32
002755 274
002519 78
001875 8
002538 274
002975 188
000267 165
001891 57
002664 114
001757 10
002179 73
000866 63
002945 188
002886 189
000490 56
000607 31
002465 101
001739 57
000153 115
000890 340
002939 230
002328 58
000270 134
000097 16
002259 45
002618 158
000965 8
001800 95
000872 341
001573 342
000533 343
001068 312
001100 4
002761 322
002126 109
002312 24
000716 51
002198 212
002949 188
001539 233
002954 188
000470 65
000565 155
001799 40
000462 31
001278 61
001796 57
001870 34
001394 44
001346 142
000696 19
001176 344
001753 10
000929 27
001215 50
002635 85
001373 27
000244 63
002800 189
001680 57
001313 12
000649 63
002644 78
000314 129
000156 107
001304 8
001151 44
001802 345
001047 211
001641 150
001307 27
001928 16
001496 68
000026 233
002245 73
000016 173
001322 12
000884 332
002670 95
001361 43
001845 56
001613 346
000498 7
002841 233
000516 347
002968 148
001479 227
001412 83
001096 4
000543 265
002505 312
000634 19
000432 32
002676 35
000729 19
001289 12
002258 62
000317 205
001921 95
002562 22
001338 27
002878 0
000320 31
001032 43
002026 203
002190 97
001111 31
001889 165
001528 119
000754 133
002629 33
000563 85
002447 115
000669 19
000253 179
002956 188
002517 348
002963 188
000358 143
001279 12
001301 189
001203 3
002557 50
002798 95
000130 121
000145 31
000961 0
002896 0
002764 43
000906 63
001097 4
000236 44
001062 208
