0 15.768989086151123
001292 0
000596 1
000237 2
002825 3
001291 4
001400 5
002517 6
000672 1
000333 2
002888 7
001436 0
002500 8
001396 9
001029 10
002146 11
000231 12
001802 13
002711 11
000143 14
002040 2
002945 15
002403 16
002492 0
001764 17
000982 18
001012 19
002698 20
001081 21
000172 22
000558 21
001227 23
002592 10
000339 24
002855 25
002320 26
001158 27
000650 28
000314 29
002732 30
002383 15
000550 31
001191 32
000632 33
000153 16
002129 34
000111 21
002938 18
002894 35
000730 2
001597 21
001872 36
002399 15
001103 21
001468 23
001410 10
002460 37
000108 29
000481 38
002902 39
001078 24
001564 40
001480 24
002019 41
002043 19
002672 18
001216 18
001369 42
001406 43
002617 44
001140 18
000528 15
002033 45
000266 46
002131 38
002300 12
002431 40
002695 47
002992 47
001853 14
000348 48
001487 10
000832 49
000241 50
002692 10
000356 24
000905 20
000521 51
001137 23
001734 24
001573 52
002110 32
002235 53
001738 54
001620 31
002703 50
002706 31
001051 55
000064 46
002954 56
000737 1
000867 1
002633 50
000577 33
002665 57
001849 58
001177 32
001314 10
000994 44
002137 15
000271 59
000369 60
000099 5
000597 1
002537 61
000016 42
001115 44
001882 62
002122 46
001333 0
000291 63
000789 64
002873 56
001888 57
001212 32
002002 5
001569 24
002115 41
000957 65
001108 66
000557 67
001753 40
002511 68
002494 15
000489 67
001326 32
001615 69
001428 70
001448 4
002531 54
000144 29
000524 60
001026 71
000530 42
001112 21
002737 24
000219 38
000612 1
002823 15
000740 72
000858 73
002374 56
001129 10
000123 55
001807 57
002375 2
001515 57
001203 59
002417 74
000281 14
001294 2
002748 21
002754 53
001873 57
002483 67
000600 1
000817 61
001557 29
002310 5
000782 1
002813 30
000717 75
001798 19
002578 76
001679 77
002486 21
002485 78
000113 21
000158 14
000495 63
002865 39
000682 1
000260 66
001249 23
002871 0
001805 14
001720 30
001988 79
002117 21
002401 40
002866 39
001090 21
002675 47
001355 20
000929 10
001195 32
002387 80
000028 72
002629 81
002721 2
001463 82
002133 27
000825 1
001276 23
000628 83
000069 20
001993 24
001013 20
002606 10
000516 84
001981 79
002204 20
001486 22
000102 85
001390 86
001495 34
002183 62
002101 53
001306 32
000500 81
000080 87
001736 88
000766 10
001654 23
002526 11
002333 56
002324 89
002767 5
002513 67
001509 23
002539 20
000342 90
001443 44
001577 40
002747 91
002845 30
001073 32
001688 62
002830 30
001847 19
000159 92
000055 24
002831 30
000063 21
000313 4
000959 93
000205 28
000132 94
002536 95
001984 0
002326 56
000337 68
000085 96
002465 31
000242 97
000791 1
001394 32
002026 98
001425 19
001467 73
001497 60
000077 29
002851 15
000094 99
001709 32
002708 67
000138 20
000843 10
002872 100
002412 47
002789 98
001821 47
001490 101
001345 23
002739 60
001062 50
001488 23
001860 102
001891 62
002013 50
000759 1
001149 0
001578 60
002712 78
000073 71
000228 21
002440 81
001493 32
002488 18
001007 5
000809 97
002506 73
001940 18
000130 67
000983 56
001102 40
000664 1
002505 29
001057 0
002305 103
001354 32
000222 21
002149 36
000693 34
002162 38
001461 40
000586 1
002937 15
000956 104
002838 30
000745 1
000733 1
000476 93
002870 10
000735 44
000005 77
000962 47
000660 33
002138 105
000070 93
001836 10
000921 12
002145 41
002859 106
001933 24
002094 107
002005 19
002263 30
000049 29
000254 50
000503 65
002849 53
000083 19
000734 1
002595 37
000061 21
000024 108
001634 102
000506 65
000522 109
000827 29
000970 20
002329 71
000924 0
001269 51
002781 89
002875 29
001600 26
001464 31
002551 39
002192 30
002489 39
001731 5
000585 1
001248 34
002166 110
002372 0
000477 69
002274 31
000799 21
000318 100
000469 47
000402 21
002946 53
001175 23
000104 99
000512 28
002575 57
001687 62
000997 87
001774 111
001482 81
001347 58
001592 23
001689 32
000620 1
002393 18
000185 20
000457 67
001831 102
002613 39
002582 39
001160 0
002051 2
000945 112
002939 113
001266 10
000103 38
000468 114
002278 20
001607 62
001322 0
001781 115
000131 27
002063 41
000828 1
001496 50
000587 1
001806 14
001627 18
002784 98
001692 109
000531 19
000264 44
002456 59
000777 67
001867 62
000141 4
000552 60
001730 62
001717 102
002191 21
001746 44
000787 10
002993 39
000763 1
000473 38
001920 41
001284 23
002410 56
001662 62
001004 116
002262 110
001209 23
000653 2
001614 62
001710 117
000785 68
002929 118
002815 30
000995 119
002025 67
000898 29
001647 62
000581 1
001551 120
002281 31
001819 18
002344 95
002953 60
001349 67
001776 62
002630 21
001941 60
000538 71
002436 28
000096 28
002959 15
000464 117
002014 29
001382 0
001156 26
000220 121
001747 102
002585 112
002546 21
000770 10
002907 21
001828 80
001727 122
002168 32
000329 23
002366 21
002037 123
000112 20
002529 124
000967 34
000432 93
002288 56
000149 73
000908 43
000261 93
000376 26
002520 27
000019 42
002969 15
002988 18
002663 11
001998 125
000274 66
002626 47
001128 126
001642 62
002139 127
001432 42
001237 128
002066 129
002125 53
001883 93
000269 28
001939 41
001650 19
001611 57
002962 19
001117 130
002000 41
001079 131
000364 67
002064 74
001711 64
000034 4
001726 21
002173 132
001537 133
001659 12
001305 10
001698 62
001735 131
001417 53
000279 14
001795 81
000935 10
001572 23
000363 14
001961 57
002568 50
001440 14
001424 134
002847 131
002395 31
002099 34
001565 110
000708 135
000386 48
002229 14
002024 133
002175 136
002400 110
002328 78
002075 121
000987 137
001678 62
000659 33
001568 20
000856 1
002118 53
001991 60
002213 110
002893 30
000527 42
001956 52
002077 34
001750 21
001596 21
002837 122
001904 9
000287 23
001835 138
000268 139
001874 44
002793 60
002425 40
001506 10
001788 15
000644 65
000647 33
002319 56
002342 136
002577 86
002165 45
002614 10
002768 100
001996 90
001919 60
000210 140
001264 10
002930 141
001331 71
000622 1
001265 68
002086 21
002116 108
000564 127
001966 7
000200 95
001437 142
000015 28
000209 95
002726 53
000834 143
001098 40
002337 26
000692 1
000684 1
002477 144
001119 42
000582 1
001721 122
002525 27
000120 33
002176 29
002227 19
001606 21
000295 145
002258 30
002985 45
002237 136
001449 32
001190 23
000009 44
000311 146
002370 2
001165 23
000478 147
001729 102
001066 24
002382 137
000505 28
002141 117
000355 137
001256 148
000038 149
001704 47
002790 89
002593 59
001748 104
001749 93
001258 31
002574 71
001146 134
002819 30
000941 24
002915 113
000640 1
001093 77
001070 23
001126 0
000656 43
002690 66
002354 54
000419 38
001231 23
001143 23
001172 23
002474 127
002224 30
002664 56
002089 77
002228 30
002661 31
002481 132
001719 59
000203 7
002679 39
000811 15
002981 39
002480 36
002631 43
000370 93
000195 23
002610 10
000502 5
001584 60
002484 41
000887 87
001768 12
002688 45
002702 19
000298 55
002058 68
002246 7
001107 150
002919 39
002041 151
002874 27
002475 152
000233 110
000930 7
002918 113
001147 23
002275 30
002567 11
002913 113
002579 31
001167 153
001978 154
002047 38
000643 1
002038 43
002911 2
002885 39
000736 148
000685 148
001591 17
001295 142
001715 155
001670 106
002004 41
002955 44
000808 10
001626 14
000991 0
000985 10
002668 88
000361 156
000330 157
001778 0
001476 29
000598 98
001700 102
002608 25
002496 88
001635 12
002549 131
002603 24
001042 81
002968 158
000109 136
002010 159
001544 23
001416 93
001232 0
000128 29
002434 112
002186 136
001552 31
001395 160
000616 47
002418 0
000661 33
000365 24
000965 23
000701 158
002416 40
002509 161
001368 0
000591 66
000504 20
000623 33
001325 87
002844 162
000157 134
002773 32
002749 81
002979 0
001005 21
000840 1
001399 63
001527 57
001420 0
002612 5
002912 113
000007 163
000869 1
002119 64
002109 149
000602 1
001289 0
002042 164
000595 1
001323 165
002571 39
002398 19
000892 131
000835 92
002364 41
000837 74
000739 166
001562 10
002462 59
002082 34
002081 87
001862 19
000774 10
002744 30
001096 40
000630 1
001559 0
001315 10
000216 95
001856 95
001556 54
002053 167
000292 77
002001 143
001530 95
002681 136
001902 44
000227 127
000542 20
000857 10
002090 24
001633 4
002522 11
000217 168
000720 1
000830 8
001977 74
001638 62
002242 30
000174 169
002927 0
001257 10
002135 168
002507 74
001293 0
002933 83
000322 4
000324 170
000270 4
001206 23
002285 89
000754 26
001159 32
000427 53
000004 127
002642 93
002006 7
002501 171
001471 32
000565 98
001517 172
000357 33
001999 133
000955 127
002381 173
001316 58
002421 15
002563 10
001925 44
002350 71
001197 142
000474 93
000247 24
000201 73
002883 89
002752 80
002203 174
000181 98
001668 80
000350 87
000875 175
001273 95
001618 38
000847 1
002007 176
001864 30
002479 89
001742 0
001358 77
002069 54
001757 102
000345 162
001383 102
001740 177
000731 114
002924 45
001763 170
000588 157
001380 10
000862 127
000177 42
000455 64
000373 174
002564 10
001105 19
002598 165
002148 95
002541 34
000961 136
001811 12
002775 131
000601 1
000317 176
002699 112
000783 47
001869 178
001843 179
001268 0
001348 10
000593 88
001262 122
002349 41
001344 180
002956 45
002922 89
002039 7
002743 29
000915 152
000283 93
000186 14
000453 14
001037 181
002622 44
001501 10
002307 53
001745 162
001477 174
002359 182
002504 136
000696 1
001168 43
002766 183
002365 30
000849 93
002323 174
001765 142
001936 102
001771 184
000548 38
001188 10
002114 185
001817 77
000607 20
000973 53
002674 88
001820 147
000814 109
001733 31
001303 68
000796 64
002487 186
001088 0
002247 112
002778 187
000511 95
002367 46
002982 45
001640 59
000288 110
000076 29
001023 148
001661 12
000100 88
000750 7
002396 30
001353 102
000306 44
000316 97
001793 18
000072 54
000309 7
002926 45
002560 39
001032 5
002296 53
001401 0
001313 0
001405 7
002899 80
000678 1
000826 102
000666 102
000335 131
000124 29
002449 40
001240 0
001267 188
001985 189
000366 22
000285 33
001381 10
000488 29
002787 19
001582 19
001871 102
000134 136
002756 190
001460 31
000958 62
002197 62
002841 57
002596 39
001967 191
001684 59
001895 40
002742 192
002550 39
002852 0
000037 77
000954 175
000118 7
002452 154
000392 20
001301 44
001135 29
002277 136
001124 193
000599 77
000492 149
000615 1
002801 136
000918 1
001478 64
000788 12
001716 40
001896 95
002439 61
001545 117
001224 194
001913 19
001854 143
000756 1
000841 1
000273 127
000572 47
002682 59
001230 32
001357 121
002251 19
000167 109
001909 19
001278 7
002691 59
001491 2
002272 24
002111 195
000540 19
001824 80
001162 196
001438 53
002084 7
001816 14
001064 20
001550 10
001690 197
001865 62
000910 142
001714 62
000062 14
000800 1
000780 72
001414 10
000689 198
002314 112
002463 15
002895 93
002521 77
001236 99
002380 19
002905 39
001707 102
001812 0
000579 37
000778 1
000293 93
000460 7
000035 14
002573 10
000543 83
001901 112
000998 52
000257 7
000371 199
000081 68
002420 59
000497 200
000729 1
001022 201
001641 102
000446 38
001696 28
002723 53
002659 54
001777 57
000517 134
001520 52
002994 202
001009 77
002177 203
000433 66
000276 33
001047 28
001724 62
000282 20
001885 44
001541 17
000646 87
001893 1
002161 53
002591 204
002220 7
001178 23
000039 141
000336 47
001125 2
000541 42
000943 52
000383 60
002384 88
000885 17
000240 162
002448 20
001675 62
001489 20
001388 109
001929 20
002725 205
002209 109
001163 32
002896 15
001288 127
001377 10
000243 47
002361 10
000569 47
002190 34
000218 93
000649 77
001937 0
002222 87
001299 23
002806 185
000757 53
000146 87
000289 73
002760 154
000560 7
000059 29
001625 102
001930 13
000221 29
000232 7
000926 60
003000 45
000147 87
001131 0
002357 30
000084 14
002185 91
001671 15
000244 77
000771 1
001077 66
001255 10
002476 39
001238 0
000182 95
000795 2
001182 143
001752 0
000576 1
001456 53
001458 67
001132 95
001946 60
002635 14
002394 137
002558 10
000304 7
001797 19
001261 0
001161 23
002556 39
000786 2
001818 184
000212 7
001282 52
001973 15
001952 19
002335 151
002502 93
001318 0
001455 198
000571 197
000465 87
001758 78
002810 52
002616 99
001421 20
002524 134
000117 122
000461 93
002451 59
000621 174
001528 23
002020 174
001270 32
000978 10
002221 30
001694 7
000712 1
000405 88
000430 95
001631 185
002694 39
000518 14
000769 86
002730 56
000046 90
001792 7
000467 20
001796 62
002347 20
002210 20
001655 62
000810 151
000690 206
001637 142
000758 1
001982 0
001446 59
000753 194
002261 95
000307 207
000482 46
000162 32
001254 32
000923 1
002917 208
000852 196
000449 136
002826 30
000652 1
001186 23
002248 14
002317 52
001989 28
001075 4
002995 19
001201 23
000609 148
002594 57
001309 87
000912 24
001581 162
001243 209
001055 5
002975 45
000040 136
000031 68
002590 10
002297 56
000732 63
002052 14
001931 41
002298 131
002250 87
002153 196
000388 14
002200 132
001067 77
002532 95
000377 7
001673 110
000249 99
002325 56
002833 30
002031 102
000044 56
001702 59
000456 8
002132 23
002719 44
001813 14
002055 20
000415 155
002073 210
001979 20
002223 62
000115 81
001080 211
001801 0
002255 73
002065 19
001848 7
002343 17
002700 20
002134 0
002750 40
000170 168
000749 1
002796 7
001441 0
000523 20
002605 10
001657 62
000713 189
001221 212
000917 7
000804 213
002011 131
000525 155
001965 143
000722 1
001866 102
000977 0
000746 2
001987 79
000471 214
000338 29
000567 196
001855 32
002619 11
001878 62
002280 215
002299 57
001024 20
002127 62
002792 146
000626 33
001605 216
000053 166
002740 39
002353 89
000196 7
000645 1
000066 137
001810 38
002910 0
000424 93
000399 77
000784 10
001887 57
000284 99
002714 198
001360 72
001253 23
002552 174
002618 23
001063 134
001686 59
001769 62
002253 25
002059 37
000904 10
002970 2
001142 32
002218 56
002812 182
001452 5
001772 87
001251 88
002680 37
000553 155
000829 10
000198 23
002023 7
002469 39
002036 7
001144 32
002686 10
002478 73
001166 32
001027 29
002249 30
002644 11
000603 19
000387 217
002799 15
002861 0
001336 10
002653 179
000805 97
000953 10
000493 42
000697 148
002032 174
002771 98
002832 40
000166 47
002646 198
001370 102
001576 218
000485 66
001744 109
002584 10
001423 136
000155 20
002358 169
000592 33
002142 134
001756 14
000379 38
001028 20
002828 30
002339 45
002689 59
000067 5
000119 60
000003 60
001518 46
002239 53
002113 20
002814 30
000412 33
002974 0
002252 30
000838 1
000250 47
002271 53
001505 219
000533 220
001976 112
000272 4
000344 38
000278 29
000466 146
001330 32
000574 96
000280 40
000368 15
000023 221
000760 1
002976 97
000836 99
000086 47
000845 1
001903 62
001975 60
002652 52
001538 144
001016 19
002856 0
001141 32
002231 30
001951 41
000353 222
002405 59
002923 39
000008 42
001522 57
002829 223
001560 33
002120 102
002234 112
002627 162
002717 112
000236 23
001651 149
001145 224
002611 134
000950 5
002304 53
002056 14
000539 91
001069 10
002701 37
002557 174
002497 165
001339 102
001639 62
002906 60
002705 225
002535 226
000764 10
001109 227
001247 218
001723 46
000202 81
000872 228
002404 28
002107 174
001554 7
001222 32
000976 88
000889 95
000952 175
002545 10
001153 32
002898 39
001949 229
000633 1
002645 80
002736 98
002746 98
000886 28
001099 40
002049 10
000142 20
001799 18
000816 10
001091 230
000082 53
000156 68
001041 76
002243 30
002003 5
002450 88
002150 95
002798 15
000184 73
000611 1
000618 1
000881 83
002219 112
001229 113
001986 93
000319 32
002169 132
000161 7
001636 102
000362 20
001076 27
001889 2
000095 23
002776 39
002921 64
001280 186
000334 93
002581 112
000459 42
002163 27
002709 59
002095 20
001321 231
000509 28
002181 102
000448 30
000447 20
000975 7
000779 10
001045 199
002544 10
002931 45
000347 142
000127 148
002091 41
000340 93
002021 65
001089 190
001465 15
001019 4
001470 131
000974 60
001039 20
002230 112
002466 57
000551 42
001052 66
000375 28
001851 34
000484 199
000888 194
000401 29
000263 56
002602 0
001783 130
000992 73
001773 232
000821 1
000472 93
002385 29
000944 72
000451 107
001643 62
002445 18
002632 46
001877 28
002044 18
001312 4
001531 113
001439 206
000394 193
002862 0
002881 56
001767 233
000676 7
000824 1
002977 174
001513 46
002027 234
001508 60
001703 5
000302 214
001151 32
002467 134
001630 107
002950 45
000480 235
001610 14
000561 81
002245 195
001761 7
002848 11
000773 10
002363 95
002157 38
001343 10
002621 24
002289 14
000842 148
001785 0
002685 93
001297 0
001210 32
002016 198
002731 175
002493 4
002415 59
000718 78
000041 63
002877 113
002160 38
000012 29
000663 1
002990 20
001015 7
001959 162
000584 236
002454 145
001960 0
002241 112
002199 174
002427 30
000359 54
002660 93
001870 127
000853 174
000105 37
000235 170
000695 28
000194 168
001561 230
000617 1
001879 237
001049 55
001056 0
001916 57
001157 180
000514 38
001595 0
000634 1
000385 77
001543 162
002604 52
000850 10
002295 88
000714 28
001542 194
002718 10
002311 73
001583 54
000090 122
002035 20
001837 71
000308 171
001311 28
002009 102
001935 86
001171 32
001363 0
000743 1
001590 169
000922 10
000211 7
002916 113
000384 238
000691 1
000709 121
000403 27
000702 46
002377 190
000999 23
002085 105
000544 38
001208 0
000404 7
002667 11
001083 64
002225 30
001945 104
000442 93
001524 0
002991 56
002196 34
002308 27
001934 95
001533 82
000559 54
000861 10
001134 198
001502 64
002824 39
001947 19
000087 38
000546 20
002785 15
000463 162
002512 239
000815 44
000854 1
002050 3
002158 95
001665 162
001006 7
000234 21
000395 108
001603 40
000189 20
002070 88
000614 1
000437 230
000164 92
001844 14
001219 23
001200 108
000820 10
001547 17
000515 195
000776 72
001469 73
002045 174
001963 32
000487 78
002625 162
000793 10
002508 54
000583 1
000578 1
001412 134
000748 219
001850 143
002206 57
001787 153
000566 102
002301 231
001838 113
002763 98
000580 2
002903 37
001290 240
001593 0
000803 10
000259 161
000458 38
000725 121
000116 60
002151 95
001104 99
002772 38
001842 60
001298 0
002345 0
000547 231
001755 241
002226 30
000418 65
000047 7
000310 14
000878 1
000721 44
002332 241
001525 17
002447 91
001728 102
000947 162
001808 32
002908 0
002901 45
000150 20
001213 46
000408 56
001340 0
002423 40
002607 54
000806 242
001454 0
000846 102
000625 1
002868 111
001880 0
002600 101
000193 168
000331 23
000122 20
002864 60
001384 243
000312 131
001082 98
002184 56
001043 142
000741 1
000883 10
002390 96
002647 18
001404 58
001858 175
001942 18
002498 127
000018 42
000354 199
000258 20
001263 32
000863 1
002468 30
002734 2
001529 126
000060 23
001612 38
001994 244
002623 10
001095 137
000519 5
000422 68
001570 32
000860 1
000013 162
001829 111
000372 170
000389 136
002470 222
000420 38
001494 53
001712 102
001800 15
002965 56
001567 194
002123 44
002046 179
000938 148
000494 20
002762 91
002839 245
000638 168
000428 8
002290 148
001308 10
002820 71
000305 168
002428 246
000909 104
000409 93
000716 8
000981 16
001442 246
000920 1
001307 10
000088 96
002533 11
001649 247
000513 42
000110 23
000680 1
002017 41
001725 10
002379 95
001894 52
001827 248
000398 60
001274 132
002967 45
002753 20
002172 110
000662 20
001185 32
002194 5
000797 10
002140 73
002878 56
001695 62
000738 1
002729 249
002836 30
001782 250
001462 251
002963 45
001453 199
002461 208
001926 10
000679 219
002949 45
001558 83
000822 10
001857 88
000042 33
002650 10
000213 23
000772 219
000323 214
002336 252
002376 57
000931 179
000979 10
000303 93
001992 184
001260 32
000092 4
001044 253
001365 0
001207 29
001622 62
000022 16
002889 96
000949 238
001106 10
002205 29
002426 40
000423 249
002126 240
000175 12
001287 254
000208 255
000499 148
002188 148
000071 16
002850 256
000635 1
002561 39
002887 38
002782 167
000021 12
001685 14
000925 1
001038 117
000613 102
001310 72
001356 190
000045 174
002759 39
002897 45
002707 73
002106 15
001971 18
000129 257
002530 162
001427 23
001621 42
000239 20
002327 56
002609 53
001604 62
001917 174
001743 162
001097 40
000665 73
000454 38
002777 10
002330 142
000687 1
001020 20
001003 76
001846 62
001516 54
000520 167
002392 30
000178 100
001918 44
001250 40
000204 78
002900 45
001337 57
001366 148
002980 20
001130 19
001713 62
000290 70
000048 16
000160 77
001521 59
002733 89
002651 39
002783 39
000933 95
001196 32
001018 112
001924 60
000068 47
001387 20
001133 37
002693 230
001059 46
002080 7
001598 60
001415 10
002360 56
002867 39
002464 43
000406 2
001304 32
000286 109
000707 88
000946 10
002909 113
001697 62
002096 258
001184 142
002321 41
002794 98
001154 222
002419 56
002313 112
002356 64
000667 68
000252 259
002195 25
001546 17
002510 11
000700 1
001285 32
001693 62
000604 1
000986 96
002755 89
000906 260
001669 62
002947 0
000526 195
001194 244
002232 18
002678 11
000545 38
001914 41
002957 89
002817 30
001834 95
002279 95
001908 261
002751 30
001653 131
002757 262
000706 1
001225 56
000673 151
000762 1
000378 53
002860 30
001852 20
001683 102
001372 102
000744 72
001068 29
002802 263
001861 264
002270 265
000654 38
002268 56
001826 62
002373 266
000868 10
002316 267
000848 10
002015 29
002028 102
001092 88
002971 30
002964 41
001444 268
002174 172
000139 269
001619 5
000326 270
000341 271
000554 272
001040 25
001183 197
002437 132
002797 56
000238 273
002519 11
002528 95
001279 0
001084 7
000648 1
001897 45
000253 175
001732 38
002935 0
000328 93
001434 102
001972 14
001539 57
001000 127
001418 102
002518 99
001164 174
000728 72
002932 45
001574 17
002941 0
002999 45
001928 7
000183 250
002067 56
001035 5
000790 10
000358 8
000942 274
000173 12
002720 46
000594 93
000470 80
002805 56
002362 7
002840 30
002435 33
001648 121
002722 73
000165 7
001485 32
002677 275
000251 276
001085 20
002657 11
000400 23
000802 88
001969 93
002572 59
002553 47
000029 14
000642 33
000927 277
002998 0
001061 46
000452 163
001957 60
002334 112
001932 53
001825 278
002414 2
000380 20
000536 131
001762 107
001575 57
001841 10
000352 23
000294 162
002391 145
001169 23
001116 244
002346 124
002072 53
002543 157
002458 279
000091 107
000960 96
000001 37
001646 62
000683 88
000382 20
002637 10
002523 107
001492 71
002178 20
001252 32
000627 1
000916 1
000705 88
002315 112
000619 1
001645 62
001510 201
001422 10
000320 20
000224 60
000214 240
000573 62
000078 53
002892 0
001413 280
000440 185
002217 134
000343 93
001033 250
002944 45
002676 4
001859 232
000491 94
002472 78
002628 39
000932 281
001921 45
000686 64
002727 46
000255 175
002639 39
002207 107
001875 32
002943 99
001223 23
000296 162
000710 189
002060 144
000641 1
001868 62
001334 150
002216 95
001737 282
001839 5
002008 93
002264 69
002312 112
002649 39
001352 10
001511 244
001602 0
000190 283
002424 40
001373 10
001296 23
000556 34
002713 69
001111 20
001189 244
001892 111
001121 71
000698 1
001218 32
001886 284
000988 164
000327 32
002960 0
001180 23
001708 62
001555 20
002155 53
000668 1
000874 233
000057 135
001054 46
001503 285
002858 78
000017 132
001435 227
002254 30
002124 167
000135 73
000002 94
000438 29
002827 20
002459 145
002809 11
002687 117
001346 63
000568 109
001192 153
002846 29
001087 286
000426 93
001114 10
002804 20
002745 98
001181 287
001466 45
001699 64
001536 288
001008 93
002987 289
001155 20
002978 30
002879 10
002433 279
000871 219
001498 57
001138 244
000866 260
000768 10
001954 20
001205 107
000180 42
002835 53
001122 0
001779 255
001962 46
002770 20
000864 1
002769 56
001617 62
000346 8
002368 290
001275 32
001320 10
000051 109
000969 99
000121 107
001317 5
002914 113
001968 291
001393 167
001217 292
000844 201
002284 136
001286 230
001995 41
000479 19
002658 53
001571 57
000075 63
001211 244
000575 33
001457 286
001804 4
001036 0
001790 18
001876 102
000964 63
000655 121
001021 98
002293 162
001234 78
001204 32
000902 20
000441 142
000984 34
001881 62
000206 250
002105 59
001409 255
000501 47
002062 62
000532 293
000742 108
002788 30
002673 10
001335 167
000590 257
002286 80
001905 197
001451 294
001174 32
000606 1
002882 69
000176 46
001214 0
001784 8
001481 0
002340 295
000413 88
001391 78
001342 10
002078 64
002890 89
002201 30
002936 45
002446 296
002764 5
000349 87
002514 10
002322 112
000884 68
002843 30
002891 297
000265 298
002786 46
001624 255
002587 39
001179 32
002098 215
002071 53
001563 7
000882 1
001431 32
001283 23
002276 89
002034 299
002934 10
002156 14
001389 250
001681 62
002984 45
001549 78
002079 41
000011 33
001629 62
000439 118
001367 68
000972 10
000711 300
001483 32
002371 4
000670 1
001193 5
000126 29
002306 78
002670 56
001927 90
001338 10
002012 301
001060 302
000199 168
000629 1
000410 107
002741 96
001741 107
002443 19
001199 263
002761 57
001202 244
001300 303
002765 304
000014 305
002951 167
002620 62
000657 33
000537 306
000968 197
002589 2
001666 17
001663 124
002402 88
002212 60
001136 230
001594 91
001459 215
000483 307
001245 44
002583 10
002179 308
002780 228
000694 309
002601 11
002074 310
002121 98
002547 10
001540 104
001579 162
002061 18
001472 32
002724 89
002455 93
002257 117
002352 44
001601 230
001534 144
001907 127
002389 95
000812 10
001371 43
000154 23
001329 81
000043 94
001241 8
001419 200
000879 1
001950 197
002559 88
001484 265
000360 5
000056 14
000880 1
001319 10
000027 20
000681 7
001239 72
001514 64
000136 38
001535 144
002259 43
001378 102
002989 37
002104 311
001001 73
001863 62
002265 180
001065 249
000397 312
002920 30
000054 30
002294 14
000179 95
000508 28
000301 162
001553 81
001664 99
002634 32
001002 313
000079 8
000996 10
000727 1
000229 168
000819 1
001398 10
000989 238
000030 16
001658 62
000562 60
000226 289
000006 107
001228 244
000445 20
000033 314
000966 71
001682 20
000894 315
000669 1
002211 162
001359 244
001407 0
002554 10
001397 175
000152 309
002669 10
000223 33
002490 58
000703 20
001667 23
002666 41
001445 316
000855 10
001833 197
001587 107
001526 248
000114 23
002097 147
002338 244
001101 40
000207 147
002534 71
001148 244
001822 148
001411 29
000890 317
002972 45
000900 308
000833 1
001246 244
002983 5
001242 0
001983 318
000870 189
001660 12
000674 1
002457 0
001375 244
001677 62
002599 39
000140 319
000490 64
000914 230
001616 256
001672 268
002214 111
001899 41
002562 296
000813 10
000215 163
001944 18
002180 258
000315 320
002187 18
000417 5
001030 162
002087 87
002102 76
000137 38
000747 321
001475 97
001123 112
000794 10
000036 257
000026 322
000658 323
001403 29
000450 93
001402 121
001259 34
002351 131
000752 60
001271 95
002958 39
001450 286
002422 40
001053 199
002438 117
000245 23
002152 36
000277 37
002442 39
002159 36
000589 75
002208 196
000971 38
001948 73
002570 144
002624 268
002388 91
002378 40
001760 14
002182 280
001324 0
000168 29
002273 30
000928 52
000025 121
000807 37
000444 61
001780 102
000151 107
002791 208
002143 2
000755 10
002266 88
002430 40
001048 137
000781 10
000901 28
000865 260
001953 113
002341 324
001198 81
000101 31
001050 235
001628 57
002444 0
002538 89
001272 72
001759 14
002684 20
001379 10
000767 294
000751 199
000963 268
002716 112
002291 31
000169 312
000074 25
002973 45
001884 12
002167 282
001139 244
002569 10
000993 135
002054 41
001500 10
002303 136
001906 107
001094 95
001385 170
002432 2
001739 62
002648 2
001504 31
002565 10
001632 69
002103 325
002516 326
000267 2
001034 73
001830 255
002586 10
001845 64
002108 299
002641 89
002215 80
000145 20
000332 38
001974 62
000248 327
000374 143
000381 144
002548 39
000321 93
002240 324
000637 149
001588 93
001332 244
002842 30
002638 52
002615 197
002283 31
001215 109
000431 31
001011 88
000192 23
002655 89
001176 328
000436 107
002735 39
001691 62
001943 134
001281 244
001900 62
001187 80
001017 121
002233 30
000688 1
001566 322
000639 1
000570 47
000934 8
001408 5
001170 119
001361 5
000534 309
002996 111
001823 111
002715 39
000197 169
002482 139
001803 117
000496 308
002640 40
000937 294
000980 37
002429 40
002076 62
001302 162
001814 4
001656 14
000396 33
002369 62
001706 321
000148 96
000798 10
001751 117
000624 73
002287 136
002029 112
001010 10
001519 109
000911 1
001623 14
000896 37
001474 102
002822 30
001362 87
000107 23
000351 257
001548 71
000651 1
000390 257
001473 329
001118 117
000555 242
000300 119
000171 22
001277 10
002355 91
000416 93
002966 45
000765 121
000429 183
000187 134
001840 93
001915 62
002318 0
001890 1
000631 33
000951 17
000163 29
000414 96
001074 139
002144 50
002147 330
002018 109
001031 248
000877 1
000818 121
000823 10
002256 30
000873 82
000246 244
000230 168
000907 63
002057 112
000897 91
002236 197
002884 145
001754 10
002925 113
002154 329
000792 10
002238 136
001911 324
001328 54
002309 5
002193 62
001652 5
000699 1
002491 39
000891 19
002643 173
001718 62
002580 4
000895 10
001152 64
001447 20
000058 135
001980 0
001923 20
001058 5
002331 64
002411 19
002292 162
000093 331
001235 244
002386 330
001014 318
001701 142
000948 71
001794 62
001110 26
000191 107
002088 137
001532 169
001997 32
002683 46
001955 201
000724 167
002112 268
002282 172
000677 1
000106 96
002948 45
001964 62
000903 1
002302 96
001433 4
002471 88
000775 10
001233 32
000859 68
001429 121
002030 135
002128 215
000990 57
000498 88
002942 39
001608 47
002136 0
001990 14
000065 195
002654 96
001815 330
000275 168
000726 58
001680 62
002597 10
001150 21
002202 57
002662 19
001364 10
000411 44
000831 10
000913 54
002566 11
002093 98
000391 93
002269 198
002189 279
001374 230
002406 51
000723 151
000262 332
000899 333
002244 30
002164 98
000719 1
002441 109
002068 71
002407 40
002876 39
000936 0
002803 197
000421 168
002198 324
000010 312
001938 294
001120 20
002928 208
000535 242
000549 232
001585 51
000299 141
002171 334
001386 29
002758 11
002863 335
002818 30
001676 80
001392 10
000089 98
001644 19
000098 23
002100 199
002397 53
000510 95
002260 202
000704 151
001970 62
002795 30
001046 107
001507 0
000940 121
001430 10
001809 111
001912 58
002940 45
000608 1
002886 44
002527 59
002540 131
001071 185
002413 88
000297 14
000050 95
001512 77
000225 3
001775 10
001244 40
001922 45
000851 336
001786 153
002696 10
001226 197
000563 257
002671 10
002853 56
000605 1
000443 33
002473 95
001599 12
001025 43
002588 337
002816 30
002811 30
002738 98
000188 69
000407 130
001173 32
002800 44
002961 39
000462 20
000671 151
002704 20
002834 96
001958 111
000715 189
001351 93
000425 230
002092 338
002710 198
000636 1
000529 309
002267 303
001766 0
002869 10
002997 339
002952 111
002904 223
001499 109
000610 151
000486 93
001479 69
001086 95
002130 98
001705 340
000325 327
000020 226
002503 144
000839 151
002022 29
002807 263
001674 294
001341 10
002083 112
002857 223
001791 15
001613 57
001523 0
000801 185
001580 133
000097 107
002495 52
000475 121
001789 14
000367 90
001898 341
001722 30
001910 237
002555 10
000761 338
000919 167
001426 0
002808 89
000393 134
001770 104
000507 38
000435 52
002697 11
002048 95
001832 0
001586 255
002986 167
000133 60
001589 32
002499 11
000032 46
002170 131
001376 77
001327 68
001113 107
001350 0
000256 29
000893 302
002408 215
000052 71
000876 44
000939 121
002821 89
001127 148
001220 93
002728 73
002854 20
000125 29
002453 110
002779 215
002880 10
001072 93
002774 109
002636 11
002656 165
000434 309
000675 151
002409 2
001100 40
002515 39
002348 127
001609 27
002542 342
002576 40
