0 15.753988981246948
001284 0
000251 1
002154 2
002787 3
000633 4
000071 5
000022 5
000415 6
000587 4
000604 4
002172 7
002800 8
002664 9
001733 10
002050 11
001728 12
001637 11
002287 12
001493 0
002617 8
002702 3
002406 13
001229 14
001008 15
000165 16
002088 17
002930 18
000904 19
000655 13
002361 19
000203 16
002160 20
002398 3
002925 14
001918 8
000911 4
002231 21
000550 10
002370 22
000696 4
001042 23
002439 24
000895 19
001958 25
002506 6
002625 10
001983 26
000031 13
000881 27
000545 20
001327 28
001850 29
002319 25
001573 30
002431 31
000313 32
002699 14
001440 33
000446 20
000892 34
000923 4
000533 35
000088 9
002891 36
001923 37
000058 31
002612 38
002135 20
000896 39
001106 19
000764 19
001978 40
001375 0
002041 4
002219 14
001784 41
000155 37
002166 7
000806 42
002020 43
002392 21
002964 44
000247 16
000348 45
002754 46
001195 0
000530 47
002043 3
001112 48
002956 49
001686 50
002932 49
001777 18
001036 51
002193 52
000686 53
000803 19
000070 15
001254 0
002656 54
001734 43
002627 10
002606 19
002203 43
001702 50
001391 39
001507 51
000934 41
002942 55
001395 56
001037 57
002638 30
000267 22
001550 19
001623 27
001172 58
000372 59
002679 55
000440 16
000333 22
002031 60
002239 46
001219 58
001362 61
000378 46
002870 19
001418 12
000903 4
001722 21
002826 21
002586 19
002110 0
002107 43
000559 62
001076 63
000967 64
001869 65
001700 12
001043 11
001523 51
002234 14
002532 66
000825 4
002715 55
002127 52
000176 67
002615 5
000411 8
001071 16
000210 68
000399 69
000237 70
002500 71
000227 63
000618 4
001861 72
000004 63
002779 46
001731 38
001494 46
001631 48
002998 51
002731 73
001238 51
001587 16
001999 70
002823 25
001815 5
002993 55
000026 74
002653 75
002747 67
002015 4
001997 58
001288 63
000161 16
000838 4
000935 19
001056 51
002526 76
002313 14
001941 67
001401 51
001090 16
001893 4
000959 15
002705 77
000270 32
002673 19
001577 31
000023 78
001651 67
001837 46
002839 79
000211 16
001509 58
001142 0
002557 43
000473 20
001012 68
001274 74
000329 0
000323 43
002278 37
002764 38
001953 14
000073 46
001412 80
000470 81
002343 82
001293 51
001835 83
000839 84
001917 85
001854 29
000274 71
000007 86
002602 51
002039 87
002531 62
002858 39
001208 51
002033 88
000001 89
001033 16
000318 66
000829 19
002423 31
002282 90
002260 91
001264 19
001536 92
002805 93
002293 10
002655 47
001066 75
001342 19
001657 52
000444 94
002539 37
002126 95
002856 51
001931 44
001618 20
002692 19
002776 55
002851 25
002760 40
001701 11
000405 96
002817 21
001413 97
000564 63
001799 3
000752 67
001991 67
001723 67
001533 98
002959 49
001223 0
000121 16
001818 99
002984 49
000410 16
001424 80
001905 67
000209 66
002367 67
001895 31
000127 16
001171 0
002036 48
000472 15
001502 53
001755 100
001053 101
001218 0
002003 38
002311 6
001234 89
000786 22
000125 102
000217 66
002366 48
000167 85
000482 67
000229 66
002468 21
000347 11
000899 103
002595 96
000335 7
001598 104
001610 27
000661 105
000351 33
000319 0
001460 10
000627 84
001353 12
000087 101
001825 106
000390 33
000558 16
001495 64
000393 80
000460 16
002970 22
001323 54
002774 43
000731 107
000629 84
000500 23
002894 108
002196 109
002222 67
000124 102
001120 37
000824 84
001875 0
000389 25
002383 25
001870 63
002986 64
002910 51
001740 110
000900 111
000598 20
000631 105
002212 67
002918 14
002396 21
001350 51
002448 37
001476 102
001911 109
001912 69
001714 52
000563 33
000593 96
001860 12
000371 112
001612 20
002099 64
002660 15
001877 13
000066 17
002997 113
000637 94
001948 6
000912 43
002553 114
000006 48
000720 84
002859 115
000404 48
000112 37
001454 51
002144 87
001894 30
002597 19
001245 8
001168 116
000042 105
001797 3
002306 39
000302 43
001108 71
000423 113
002832 31
002820 46
001575 70
002163 117
001441 51
000212 16
002574 118
000158 33
000157 80
001990 33
000605 84
001123 14
002603 87
000933 98
000104 119
000871 19
001094 66
000455 53
000241 59
002599 55
001184 11
000891 120
000141 32
000653 22
000698 84
002480 121
001664 122
002021 123
002739 104
002257 90
000769 29
002326 93
001481 51
002834 25
000719 84
002441 85
000340 15
000878 84
002102 124
002117 16
000195 0
001553 23
001696 13
000809 125
001232 51
001751 90
001708 52
001836 19
001736 82
002388 67
002018 85
001041 126
000035 27
002735 55
001524 51
000271 50
002089 69
002195 61
001445 127
000193 66
001647 52
001265 13
001345 0
002534 46
000331 0
002513 128
001883 15
002862 51
001048 17
001434 12
002385 102
000326 48
002630 16
002065 3
002403 5
002713 129
000438 7
001282 30
000541 130
000132 131
001052 132
002804 37
001903 52
001211 133
001928 16
002341 134
000884 135
002730 9
000060 0
000363 33
002825 136
002605 19
002880 19
002681 25
002752 137
002434 14
001200 138
002585 14
000552 104
000980 39
000670 84
000978 19
000184 6
002704 37
000294 10
001962 67
000537 130
001661 27
002507 125
001361 38
002892 51
002476 55
002689 50
002662 120
001060 139
001417 140
000304 16
001169 0
002499 76
001833 104
001272 141
001562 141
002288 93
001126 51
000392 37
000842 16
002720 67
001157 142
000039 18
000943 30
000362 37
000357 105
000092 143
001110 46
002626 114
002286 81
000074 104
000230 66
001746 70
001512 69
000459 144
001496 59
001009 69
002355 104
000083 120
001280 145
001829 49
000273 63
002177 146
001089 147
000693 64
002651 55
000913 62
000447 37
002616 122
002238 25
001049 132
002489 55
001564 50
000603 120
002017 44
001463 148
000730 96
001491 22
001742 51
002247 14
002229 27
002967 49
002822 21
000853 85
000449 25
000213 0
000893 139
002280 140
001488 0
000585 84
001547 82
000725 71
001846 52
002726 46
000857 19
002957 149
002846 102
001545 90
001517 150
000441 11
002297 25
002636 76
001133 89
001839 38
002634 58
000408 9
002740 55
000889 98
001244 31
001383 12
002295 96
002245 111
000973 46
001753 100
002444 51
000286 85
001366 16
000662 37
001116 133
002931 49
001819 151
000750 16
002360 25
001204 0
002806 152
000350 128
002687 90
000915 128
001851 64
002194 2
001489 37
001289 51
001369 144
002818 21
001785 51
001886 153
002503 147
001866 100
002073 154
001304 58
001832 51
000320 37
000516 155
001786 59
000511 98
000801 87
001889 22
002429 31
002106 88
002113 37
001128 156
002038 27
001688 52
001765 11
000356 85
001083 53
000051 85
002052 27
002426 31
000063 16
001707 12
000939 71
001916 70
002318 51
002901 49
002915 14
001585 13
000616 114
002773 133
001156 46
000413 96
001359 133
001938 4
000962 114
002483 61
001845 53
000591 71
002729 157
001660 27
000084 27
000742 138
001798 3
001407 51
001635 27
002150 98
001580 158
000401 102
001205 16
002243 21
000614 84
002246 16
001235 133
001166 58
001201 58
001949 159
000246 133
000223 105
000612 84
002394 17
000375 13
002010 160
001137 0
001260 58
001315 19
001546 56
001261 51
001405 16
001387 37
002206 7
002830 21
001433 32
002941 51
001028 37
001404 69
000968 104
002946 140
001131 51
002365 21
000782 84
000823 19
000606 84
000491 131
000290 161
000465 143
001436 51
000567 162
002598 54
000694 144
001741 16
002837 163
002669 19
001329 23
002527 50
002963 49
001697 52
001670 115
002498 63
001676 81
002129 64
000909 164
000851 165
001946 5
001548 46
001027 102
001044 166
002165 88
002641 149
000555 42
001924 128
000638 66
001348 19
000815 8
002422 31
001062 59
002035 37
002719 8
000916 84
001121 46
001511 58
002440 23
002055 37
002076 52
002809 76
001853 33
000082 140
002104 167
001644 3
000650 13
001792 16
000494 37
001543 10
001943 80
000107 133
002835 140
002494 25
001456 46
002686 19
001560 105
001730 52
002517 168
002953 128
002122 169
001370 100
001015 16
002905 55
002216 66
000169 86
001602 51
000059 102
000464 90
000257 16
001687 52
000342 170
001070 58
001045 139
001653 34
002461 3
000291 157
001955 171
001098 31
001672 172
001010 19
000992 6
001093 69
000589 76
000029 33
002909 14
002333 93
000601 84
002074 126
001478 53
002095 37
001622 52
002501 173
000582 84
000394 80
000710 100
001114 19
000766 19
002582 55
000632 105
002386 5
000689 40
001001 6
002100 139
001100 31
000379 101
002690 71
000998 30
000113 16
001236 122
001158 63
002425 31
002022 102
000301 10
001504 10
002197 52
002181 100
001438 46
001749 15
002871 51
002763 101
000868 19
001032 38
002145 44
001421 37
001611 70
002470 174
000457 128
002124 175
001640 31
002814 21
002680 89
001029 19
000574 25
000877 84
000672 84
000216 66
000129 33
001867 52
000028 141
000529 47
000196 172
002668 96
000793 19
000981 67
002899 137
000974 128
001711 53
001516 62
002316 47
000569 114
001831 12
001505 176
001972 33
000109 25
001182 29
000738 84
002945 49
001183 128
002133 63
000222 16
001312 94
001399 157
000854 84
000205 13
000461 15
000821 84
000489 128
002469 55
000180 130
001993 43
002968 54
002515 55
002742 177
000483 178
000902 37
002633 59
000150 37
001178 58
001569 85
001501 19
000487 39
000641 84
000299 145
000751 101
001994 55
002202 70
000374 29
002000 44
002005 120
001666 82
000508 13
000765 41
000426 15
002694 55
002666 44
002570 179
001756 33
000687 84
002536 98
002572 50
002778 96
000886 13
000032 67
001228 58
001349 128
001393 64
002950 49
002518 122
001301 8
000265 180
000240 10
001403 102
001175 58
000185 37
001193 38
001744 181
002332 100
001544 58
002928 3
000578 84
002192 21
000425 71
000846 12
002544 19
001047 13
000288 166
001318 51
002312 14
000199 66
001278 16
001084 16
002590 19
002952 49
001103 16
000701 54
001684 50
000534 144
000479 120
002843 21
001202 133
000941 85
001758 39
002879 19
001170 67
001827 53
001704 114
001636 12
000917 16
002948 49
001605 182
001820 183
000592 105
002716 14
000098 58
000358 41
001992 99
001124 19
002768 184
002807 185
001748 186
002130 20
000062 33
002188 16
002136 51
001712 12
002325 9
001039 37
002377 147
002667 76
002594 70
001709 71
001757 12
001038 187
001490 188
002707 6
002419 9
002762 128
001338 19
002372 51
000233 166
000681 189
001213 128
002236 128
000312 190
001655 52
002492 51
002881 9
002794 101
002589 22
000512 13
002917 191
000518 33
002723 140
000647 105
000380 37
000690 192
000198 58
001021 101
002810 30
002404 65
000726 69
002545 19
000264 8
001600 39
000664 84
002861 51
002886 8
002368 193
002614 19
000950 38
001344 142
001189 133
000514 20
001500 19
001313 51
002577 194
000017 70
002211 10
001624 195
001913 120
000918 84
002845 21
001639 52
000714 13
002019 44
001822 16
001675 52
001782 196
002876 55
001406 97
001678 52
002187 120
002427 21
000908 97
000929 19
001073 71
000572 114
002002 38
000407 189
000171 73
002363 66
002537 24
002012 197
002639 55
002473 98
000442 15
000982 120
001599 33
001503 186
001781 198
002320 39
000282 37
001656 33
000101 10
002712 140
001973 88
002765 199
000409 15
002153 162
000403 117
000994 8
001880 51
000044 25
002954 49
000140 200
001649 201
000249 122
002604 30
002391 18
002371 32
002994 91
002240 134
001603 12
000771 84
000562 128
001410 19
001724 52
001876 12
000519 38
000012 102
002863 202
001058 38
001457 80
000041 157
000284 180
001188 19
000709 41
001371 97
001118 187
000760 84
001530 98
000206 196
002230 14
002263 21
002688 93
000027 37
001589 0
000816 19
000086 114
002463 88
001508 128
002299 70
001294 176
000080 34
000876 8
000148 25
002259 97
001929 37
001477 85
000528 25
002635 33
001458 203
001773 12
000566 12
001214 51
001088 51
000311 204
002227 120
000382 37
002961 55
002875 4
002405 50
001302 10
000597 84
001086 66
000493 144
000579 89
001162 162
001778 51
002495 30
002543 205
002183 52
002152 20
002558 19
002663 76
001607 52
002097 183
002471 25
002508 195
001425 3
001803 187
002191 196
001209 0
002848 79
002487 18
002186 9
000921 33
001298 51
001968 206
001532 59
001694 152
001207 102
000434 144
002446 87
002484 44
002291 10
001671 88
000983 9
002576 31
001061 128
001729 12
001904 81
001225 88
002645 137
000207 207
002262 7
001770 186
000749 84
002091 44
000949 208
000928 30
001568 37
001594 128
002618 124
001800 88
000021 33
000869 84
002714 40
000122 37
000635 84
000200 66
002643 44
000704 84
001681 52
001673 7
000745 84
001574 82
000037 69
000305 66
001050 31
000522 209
000019 144
000665 6
001380 19
001590 59
001332 0
000047 16
001164 181
001146 80
002013 59
002672 120
002642 15
000486 15
002342 9
002315 14
002900 49
002436 13
000523 37
002709 50
001095 17
002200 74
002923 55
002032 85
002897 49
001199 185
002132 0
002504 9
001198 23
001947 120
002782 64
002382 17
002784 101
001848 196
000505 13
002030 53
002237 9
001224 210
002644 76
000543 211
002732 21
002867 55
000538 46
002086 196
002579 10
001556 195
000753 210
000244 69
002250 67
002540 74
002161 140
002120 12
001960 51
002884 156
001669 52
000289 6
000894 212
002916 14
002045 85
000003 128
002083 14
000568 85
001068 102
000400 0
000181 64
000147 67
000630 84
000761 213
000402 87
000414 9
001105 120
000860 84
000607 37
000173 27
000668 84
002054 44
000228 87
002119 30
000476 15
001513 169
000488 102
002028 12
000643 84
000576 84
002793 67
001970 52
002940 49
001005 171
000204 39
000412 105
000259 214
002803 67
001626 27
000792 19
000531 120
002607 195
002514 19
002430 31
001801 51
002524 80
000966 46
002340 215
000834 216
002960 51
001586 195
000551 144
002279 66
001578 67
001337 70
002693 71
002460 89
000804 217
001727 163
001987 218
002115 44
000388 27
001932 219
001396 137
001390 29
002696 19
002827 37
002384 220
002140 6
002433 9
002677 221
002285 149
002408 140
001352 19
001368 51
000703 37
001297 51
000780 164
000676 16
000422 65
002255 6
002467 80
002632 67
002014 102
000611 84
000038 94
000475 65
002684 37
002151 66
001465 49
001921 49
001885 8
000634 84
000145 37
002718 19
002850 222
002401 31
001844 33
000383 5
001074 39
002989 89
002992 14
001140 120
001809 88
002414 22
002592 19
001151 0
000770 19
000298 132
002588 195
001259 109
001442 128
001134 40
000005 164
002972 49
001840 15
001180 71
001143 0
000102 223
002047 101
001092 96
000610 84
001461 31
001310 19
001155 37
000732 157
001374 71
000735 8
002011 190
000468 107
001381 19
001016 120
001628 74
001080 224
001735 190
001111 37
002077 64
002199 85
002802 185
000671 84
002511 41
001222 0
001606 16
001959 10
001780 12
000757 219
000702 104
000285 105
000116 67
002549 34
002796 16
002700 37
002380 212
001497 169
000266 169
001910 151
000194 66
002317 30
002442 55
000783 114
001127 196
002300 30
000734 84
002977 75
000712 84
000947 10
002044 3
000812 19
000628 110
002828 21
002379 66
000123 105
002458 9
002252 21
002218 9
002628 55
001411 102
001645 52
001621 144
001957 67
000106 25
000182 98
002009 12
000875 73
001256 187
002738 101
001283 0
001378 12
000867 84
001549 39
002849 140
002336 225
000907 157
001415 19
000680 84
002491 55
001154 226
000960 25
002710 148
002745 101
002609 140
002182 188
002852 51
000964 157
002265 142
000272 94
000100 96
000170 227
001692 209
002331 228
001054 67
001328 62
000669 84
000510 66
002349 44
000248 229
000746 22
000700 84
000428 41
001814 32
000154 58
002114 152
002004 44
000011 105
002991 9
000826 12
001364 19
000808 19
000977 51
001775 19
000341 230
002920 21
000830 41
002142 80
002094 231
002411 3
000963 173
001258 10
000844 171
002424 50
000421 66
000499 172
000417 38
000621 85
002174 150
001808 0
000361 179
001014 67
002008 15
001522 195
002410 25
002345 51
000469 114
001539 70
000138 37
002551 55
001466 49
002271 140
000841 84
001699 52
001075 32
001541 82
000692 84
002346 117
001291 94
001492 46
000225 136
002659 232
002376 70
002975 49
001459 140
000996 19
002759 55
001891 52
001658 52
002053 175
000081 233
001176 234
000034 32
001356 147
001064 37
001241 13
002264 129
001616 0
001000 63
001864 21
001971 3
000805 125
000135 6
000325 229
002621 85
000880 84
000914 71
001113 172
002583 19
001408 38
002792 204
001453 139
002847 190
002190 64
001648 41
002416 31
001346 157
000864 84
000024 138
000149 6
001646 52
001892 88
002969 9
001416 15
002170 34
000931 75
002146 222
000280 31
002833 21
000077 102
001358 69
002646 40
002555 19
002640 31
002108 172
002103 2
001732 101
002321 44
000547 235
002063 44
000501 114
002587 55
002096 236
000506 123
002750 31
002281 10
002270 25
002435 62
001737 190
000958 52
002400 7
000166 114
001450 80
000202 23
001796 52
000239 37
001051 132
000986 25
000553 6
002217 80
002454 156
002159 121
001979 37
000990 15
002907 196
001196 58
001281 133
001400 38
000624 237
000049 102
001788 88
002464 97
002983 38
002829 232
002703 59
002573 19
000115 23
001768 27
001379 19
000791 84
002874 117
001935 194
000897 67
001097 31
002328 39
001194 133
000221 102
000515 238
000151 16
001432 144
000716 41
001484 70
002815 21
001129 19
001967 239
001779 195
001096 31
000954 73
000863 84
001747 12
002860 21
002387 81
001898 240
000189 37
001738 195
000924 51
001776 52
002903 89
002213 7
002727 128
001055 38
002701 89
002831 21
001956 8
000269 133
000309 196
002164 20
001942 3
002751 21
001243 241
001925 8
002116 138
001091 71
000822 19
002913 14
000108 102
002350 46
002955 8
001414 19
001257 133
002292 10
001365 51
002761 155
000458 20
001276 58
000759 84
000707 96
002743 102
001295 181
000093 242
000817 24
002872 66
000856 84
000870 84
001026 46
000143 33
002066 243
001483 58
001474 12
000163 102
002344 98
000862 63
002407 31
000617 84
001674 4
001428 161
002134 51
001451 102
001945 186
001810 20
000571 5
000711 244
002248 33
000932 245
000328 15
002926 88
000580 22
001402 41
001579 10
000858 237
001534 134
000926 5
002728 6
001002 246
000952 73
002554 19
000245 58
000322 32
000788 33
000855 19
001807 70
002824 55
001132 98
001452 38
002081 128
002415 50
002842 21
001125 176
000882 84
002882 129
001212 58
001632 129
001817 69
001031 70
002472 39
000885 82
001319 19
002873 49
000520 64
000057 105
001152 228
000845 84
002505 102
001914 44
000772 19
000256 102
001354 133
000236 58
002571 55
001841 19
002665 74
000344 20
000339 85
000697 173
000991 51
001429 28
002329 118
002148 98
000316 125
001976 14
001145 170
001326 58
000208 195
001443 70
002902 55
001067 69
000594 15
001652 38
000657 105
001382 51
001035 38
001554 16
002973 49
002373 247
002001 29
002118 106
000906 248
000797 19
001944 3
000179 98
001007 38
000536 34
001444 172
000609 87
001791 88
000002 131
000336 114
002352 8
002046 75
001641 12
001772 128
001423 249
001197 11
000649 248
000560 16
002497 250
001003 124
001920 44
000188 129
002836 21
000232 16
001311 13
002438 187
001613 251
000775 19
001273 98
000800 84
002215 81
002337 39
001625 12
000756 84
001717 12
002176 227
001250 31
000615 84
002189 9
002671 19
002251 3
001902 8
000387 252
000187 193
001834 98
002854 37
001339 12
001514 53
002877 14
000262 253
001680 52
000905 37
002254 21
000253 254
002253 61
001659 27
000679 176
000075 157
000599 69
001726 16
000317 20
000938 16
001469 6
001455 40
001148 58
001980 51
001307 19
002048 66
002080 16
002037 255
002978 21
002173 74
000636 84
001117 256
001268 51
001286 71
001473 2
002658 140
002034 196
001210 58
002528 98
000744 141
002623 19
000287 58
000956 141
000153 67
002995 3
002168 71
000762 84
000478 207
000985 19
002056 27
001812 51
000263 25
001082 139
000430 66
000250 114
002958 55
002801 69
000020 257
002510 76
002786 154
000659 258
002965 9
002040 22
000807 89
001510 171
002301 235
000922 186
000819 84
002652 30
000343 15
000354 101
000521 259
002866 55
000016 144
003000 49
000843 19
000565 64
002175 150
002982 49
000052 219
002381 260
002068 219
002819 21
002697 76
001595 51
001906 16
000395 138
002087 128
000832 261
000448 21
001324 51
000972 19
002201 21
002521 69
001856 98
000043 131
002777 19
001388 181
002736 101
001384 262
001377 19
002520 117
000431 10
000076 102
001252 58
000639 84
002420 50
001922 88
000156 41
001873 70
001177 133
000353 226
002581 14
002698 37
001372 12
001868 52
002542 32
000695 28
002981 55
000814 209
001498 70
002277 25
001794 52
000120 105
002650 263
001939 44
000159 264
000747 265
000190 266
002339 93
002298 7
000957 123
000852 162
002338 133
002734 22
002565 19
002121 112
001226 104
002314 14
002566 76
001843 75
002158 98
001915 52
000065 111
000850 19
002180 236
002893 21
001802 267
002207 16
000741 84
002753 37
000524 104
000955 63
002675 14
002224 21
001617 52
001215 85
002450 96
002139 63
001419 128
001385 59
002242 21
000887 67
001331 46
000840 84
001239 141
001821 114
002885 55
000588 205
000064 128
000297 33
002235 140
002939 14
001099 31
002721 22
001122 51
001308 19
000678 84
001022 171
001321 235
002798 88
002691 50
000451 231
000811 93
002268 9
002156 33
000443 105
001555 37
000164 264
001563 16
002308 117
001771 99
002591 128
001422 19
002208 162
001761 16
002412 114
001220 15
002409 22
001072 15
002445 3
000133 67
001572 58
002799 88
001609 117
001355 37
000144 102
001163 133
002223 52
002840 21
000303 15
002601 76
002812 21
000381 134
002481 74
000802 96
000315 33
002811 21
000360 38
001537 158
000255 254
002079 44
000847 84
000721 8
001279 51
000920 84
002564 19
000613 12
001018 14
002209 209
001638 52
001691 52
001754 19
000688 84
000008 144
000584 98
001878 52
000117 163
002304 140
001334 14
002795 21
000979 19
001571 70
000961 25
001263 133
000872 268
000079 41
001764 82
002575 70
001389 16
001141 133
000324 59
001683 12
001464 10
000549 12
000925 84
000174 269
000548 20
000736 173
001583 62
002951 64
000437 71
002767 38
002541 64
001690 270
002138 271
002889 25
001248 64
000238 131
002756 147
000748 176
000096 13
002522 76
000046 170
000728 141
002725 272
002007 20
002919 55
000898 4
000953 19
000818 41
000191 87
001752 51
001019 94
001705 273
001940 3
002273 21
001437 11
000763 84
000503 123
002455 15
000586 84
002757 126
002682 50
000424 15
002058 41
002934 19
002171 98
002649 55
002353 149
001267 274
002908 51
002006 16
002769 9
001475 125
001871 12
000540 120
001285 58
000946 19
000575 105
000119 67
000787 19
001227 58
002789 101
000110 58
002477 134
000784 19
001952 3
002578 275
002717 14
001119 144
002258 21
000215 144
000779 19
001551 211
000310 27
001161 133
002533 76
000219 276
000429 67
002622 8
000713 100
002141 90
002284 9
000009 8
002906 5
001662 52
001221 277
002179 111
000596 84
002857 232
001472 58
002296 140
002226 21
000517 193
001588 15
002016 40
002449 31
001663 173
001874 8
001217 278
001806 27
001333 51
000675 84
000820 19
000432 15
002746 101
001069 19
001774 279
000314 111
002303 9
002737 85
000061 16
001963 133
000683 96
001908 280
002766 67
001153 133
000890 281
000945 14
002057 14
001336 19
001862 3
000645 84
001887 70
000527 144
000507 20
001231 133
002927 51
000717 282
002024 251
001842 203
001017 65
001969 15
000055 85
000050 66
000767 102
002475 283
002157 20
000810 84
002071 140
000377 196
000737 84
002580 94
000595 84
000349 128
000094 122
001249 58
002788 21
002883 149
002567 76
002375 22
002509 214
001682 37
002962 3
000136 20
002465 10
000936 51
001715 284
002988 53
000778 84
001135 4
001679 69
001665 10
000708 285
000561 23
000654 20
001271 66
002808 144
000418 123
001879 151
000987 17
002538 149
000131 117
000848 19
001150 286
000025 65
001805 27
001890 227
001528 71
002204 37
002276 149
001023 173
000873 141
001567 121
000226 122
002023 16
001470 34
001462 287
001057 51
002432 22
002670 93
002228 21
000948 219
001909 3
002059 89
000355 17
000068 114
001698 52
000722 84
000146 203
000416 15
001531 14
002949 49
000172 73
000727 84
001896 98
000056 33
000139 288
002244 21
000450 15
001998 289
000989 208
000970 37
000137 20
001897 88
000175 27
001966 87
000386 45
001725 19
002741 25
000445 37
001102 31
002781 149
001828 81
002922 149
001884 27
001290 46
001582 3
000090 163
002451 50
001306 133
002101 140
002049 19
002178 37
001030 243
001330 133
000040 249
001013 37
000944 141
000666 12
002327 93
000453 27
000781 19
002987 290
001149 51
000178 227
002185 26
000337 41
001919 203
002167 190
002979 51
001557 102
002890 149
001601 71
001642 52
000352 58
000625 84
002241 14
002519 76
002478 6
001552 187
002184 150
002561 55
002090 85
000724 64
000699 84
000359 62
002868 279
001322 51
001614 52
002980 37
002563 19
001526 8
000619 84
000466 204
001435 50
002733 149
001420 51
002496 96
001703 38
002128 140
001988 218
000492 291
002869 19
001766 51
002474 63
002459 156
001789 30
002938 53
001482 23
002657 76
001136 71
001936 12
002378 31
001581 10
000480 292
002266 96
000103 20
001479 129
000743 84
002775 7
000054 21
000988 173
002619 76
000069 37
000718 39
001101 31
000334 15
002417 134
001392 19
001240 51
000785 41
001174 58
001159 133
001316 293
001138 133
000128 4
001584 104
001975 104
001262 163
002695 14
001107 294
000951 82
002123 295
001130 120
002898 55
001559 51
000462 37
000640 84
000758 84
002637 19
000930 16
000231 30
001320 19
000556 109
000544 20
002547 19
002488 3
002399 93
002486 16
000099 38
001431 133
001251 96
001888 70
001900 52
001006 231
001471 133
002061 3
002310 38
000295 156
002402 96
002674 96
002790 149
002354 62
000160 69
001237 296
000651 84
000910 11
002816 21
002620 52
001558 110
000321 15
000015 13
000976 96
002456 50
001447 37
000463 10
002944 49
001693 52
001720 21
000644 123
000620 84
000652 84
000254 237
001882 52
000874 6
000467 37
000754 39
002611 193
000942 297
000883 19
000292 69
000234 286
002943 122
001305 186
001767 6
001519 85
002272 85
002841 70
002098 140
002418 51
002026 101
001486 73
001242 51
000535 42
000526 238
001426 51
001081 16
002685 15
000590 27
000674 84
002678 76
002155 140
001347 293
001376 69
000836 122
000252 298
000667 135
002210 37
001872 121
000391 15
001468 58
002548 55
001363 51
000795 22
001985 297
001934 98
002105 50
000682 84
001206 133
001078 209
002895 15
002395 187
000152 144
001525 82
002771 101
000828 84
001255 19
000525 6
001266 186
002070 8
000406 22
000258 37
002838 21
002437 74
000186 27
002092 213
000474 15
000813 19
002389 98
001167 59
000365 85
002936 49
001859 12
001351 15
002364 44
000330 205
000513 144
000663 84
000346 65
001604 52
000833 84
000684 84
002629 23
001677 52
002947 51
000773 19
000067 38
001951 44
002706 10
001716 66
002421 88
000235 59
000646 26
002466 70
002348 117
001667 133
001823 279
002078 228
001139 133
000542 37
001314 19
002896 9
000201 237
001964 52
001296 133
002362 16
000307 299
001309 203
000130 203
000396 105
002864 203
001930 267
000327 133
000192 58
000723 84
001855 133
000308 300
001065 301
001398 186
000496 302
000385 293
000583 84
000398 203
002933 110
001630 196
000162 58
001335 64
002724 149
001104 122
000937 102
001040 61
001367 135
001275 133
002749 23
001927 170
001950 104
002069 62
000570 114
001160 51
001561 71
001592 133
001881 52
002530 10
002082 64
000048 303
000030 303
001596 16
001926 19
000502 38
001847 3
002502 15
002755 149
001186 133
001269 259
002559 96
001857 96
001863 52
001795 23
002648 22
002550 55
000433 65
002302 9
000997 154
002855 61
002791 53
000367 170
001077 259
001079 34
000261 15
002347 37
000557 203
002067 93
000573 304
002912 14
002274 10
000600 84
002661 10
002042 16
000420 20
002137 93
001303 41
001247 64
001233 133
001449 99
002267 305
002356 27
002205 4
001813 27
002220 16
001467 284
000276 105
000706 84
002335 98
000454 139
000114 58
000072 62
002029 14
002131 112
002935 51
002064 147
001826 52
002584 19
002290 196
000919 175
000452 86
002624 172
002453 7
001515 74
002393 3
001566 306
000740 186
002413 96
001654 133
000105 305
001858 254
002821 149
002887 20
002722 102
000242 125
002479 149
001989 13
001570 133
001620 10
000097 87
002516 307
001191 308
000085 25
001719 31
000010 86
000879 84
001340 51
000774 19
001386 4
000277 309
001409 195
001593 51
001373 19
000089 20
000091 16
000281 27
001907 117
001485 133
001824 81
001325 203
001427 133
000993 285
000366 310
002072 219
000677 84
002027 311
000999 133
001190 133
002359 21
001760 30
002289 33
001343 19
000095 133
001287 312
002147 240
000168 4
000497 313
001750 16
002324 149
000715 100
001540 164
000332 139
000220 41
002482 309
002937 49
002772 112
002535 257
001538 134
000532 314
001865 52
002797 9
002309 38
001981 218
000306 8
001650 3
000197 269
001165 133
001619 38
001147 133
000495 157
000111 16
001109 50
001270 133
002562 315
000370 301
000794 19
000927 316
002322 114
001816 30
000397 86
001179 133
001216 3
000798 19
001299 133
001063 80
000419 20
000376 305
002512 317
000471 43
001542 121
002608 154
002351 34
002631 97
002990 37
001762 16
000799 16
002060 134
001487 19
000539 26
002676 94
002330 11
000984 64
000481 20
001480 85
000224 203
000673 84
001394 133
002985 49
000995 318
000581 84
001046 16
000078 219
002596 55
002996 279
001759 33
000827 4
000126 4
001253 58
001961 70
002770 37
001597 196
000577 105
001576 319
000622 84
000768 19
001230 0
001341 19
000660 105
002853 9
002888 16
001518 104
002758 76
002974 51
002785 92
000260 259
000283 15
002683 154
001615 129
001185 133
001974 52
002523 196
000456 28
002369 52
000435 320
000300 318
001763 59
002485 321
002865 55
001933 85
000439 322
002374 9
002025 104
002452 323
002613 55
001627 3
000293 15
001838 14
000279 30
000656 97
001059 203
000733 84
000554 324
002143 320
002914 14
001901 114
002294 33
001192 70
001527 70
001996 170
001357 41
001695 52
000776 186
000427 219
001787 59
001187 137
002198 147
002275 21
000866 69
001710 90
001793 151
001246 133
000901 13
002748 196
001529 156
000602 84
001292 51
000218 15
002269 323
000214 95
000036 30
002443 3
000368 93
000013 10
000477 117
001721 163
002283 10
002744 21
001085 37
002904 232
001633 94
000014 325
002112 172
002783 55
001024 37
000965 58
000608 84
002062 52
000436 196
000018 144
002813 21
001783 196
001804 32
002397 140
002256 21
001115 8
002390 9
001954 37
000345 10
002844 10
002600 41
002647 3
001718 52
000033 61
000373 85
000658 326
002221 21
001087 80
002457 51
002929 322
002249 21
001317 38
000861 19
001608 327
000045 85
001535 134
002878 93
002971 21
000490 89
000504 37
002261 98
000134 9
002109 32
000691 84
002075 41
002149 121
000975 328
002999 49
000777 203
000789 228
002569 19
000364 203
002358 269
000796 76
001937 51
001629 52
001277 19
002593 31
000940 65
001506 19
002490 293
000648 84
001004 329
002525 117
002111 111
001173 133
000484 139
001811 33
000053 232
000243 327
002084 16
001986 15
001203 31
000739 330
002169 74
001300 305
001020 37
002093 112
000837 134
002125 140
001745 10
000369 236
000268 309
000729 84
002493 94
002552 43
001520 285
001034 237
001713 52
002334 114
000296 8
001849 293
000626 105
000278 4
000498 96
000485 259
001521 31
000183 16
000971 101
001852 37
002225 21
000685 173
001769 52
002976 125
002085 271
001181 331
002051 22
000755 19
000509 13
002546 173
002357 21
001982 51
001439 17
001446 50
000142 37
000865 69
002232 3
002323 85
001011 96
000849 15
002560 55
002780 268
001995 44
000888 210
000118 16
002162 112
000546 37
001790 3
002214 88
001977 134
002233 21
001984 51
001397 254
000275 98
000705 96
001025 97
001591 82
001565 166
001743 10
000384 208
001430 19
002610 19
002911 22
001830 332
000177 144
001360 186
002428 303
002568 333
000831 19
002556 55
001643 52
002462 31
001634 12
000623 105
002921 88
000859 65
000642 105
002307 140
000835 264
002711 76
001499 209
000338 4
002447 26
001448 94
002654 9
001965 29
001685 33
002529 334
001144 133
002966 49
001706 226
002924 49
001739 52
002708 104
000790 19
002305 335
000969 122
001668 81
001689 133
001899 44
