0 1.2101209163665771
001958 1
002088 2
001395 3
001521 4
001099 5
000394 6
000029 7
000100 8
000352 9
002021 10
001353 11
001145 12
002856 13
001226 5
000298 14
001786 15
000127 16
002758 17
001597 18
002028 19
002997 20
000682 21
000046 22
001437 23
002748 24
000302 25
002649 26
001608 27
000637 28
000548 23
001266 29
001271 30
000679 31
002613 32
002157 33
000706 34
001509 35
000111 36
002354 37
002178 38
002049 39
000283 40
001101 41
000561 42
000564 43
000578 44
001820 45
001951 46
001560 19
000300 47
001923 43
001066 48
002039 49
000535 50
002924 15
002766 51
002227 52
000274 52
000395 4
000193 53
000099 33
001202 54
002631 30
002246 55
001229 27
000541 56
002389 16
000042 57
000956 58
002329 26
002621 12
001136 42
001598 59
000206 60
002260 39
000004 61
000621 62
000536 63
002361 64
001491 53
000293 65
000928 66
002301 67
001661 68
000433 69
000749 70
000608 71
000614 68
000789 72
001989 73
000784 74
001793 75
002030 76
002472 77
000797 78
002186 15
001673 79
000714 80
002213 81
001966 82
000528 83
001637 2
000051 84
002816 77
000292 22
001431 85
000221 49
001824 86
002460 87
001552 86
002161 88
002546 17
002767 89
002964 58
001154 81
000814 90
001947 91
001590 92
002699 93
002673 94
002365 20
000005 95
000726 96
002456 97
001948 98
002681 99
000007 100
001105 101
001293 102
002710 43
001630 103
002849 20
000526 104
001927 91
000912 105
002097 106
001855 107
000774 108
000590 109
000903 110
002600 35
001968 111
002930 112
001684 113
002704 28
001847 42
002583 17
001662 114
000307 115
000517 116
001614 117
001587 19
003000 118
002572 119
000041 120
000367 121
001652 122
000589 123
000011 124
002687 125
001239 126
002337 127
002689 128
002342 129
002338 23
002657 130
001827 43
002947 91
001376 98
002797 57
001219 131
001127 86
001987 120
000322 132
002923 133
001407 134
001563 135
000397 136
001434 136
002146 137
002191 138
000772 91
001242 30
002739 139
002770 135
001146 60
001656 140
001754 141
000112 142
001698 53
002668 27
002535 143
002692 144
001525 43
000331 139
002697 145
000256 86
000158 146
000319 28
000631 147
002207 148
000315 91
001826 43
002960 77
001545 149
000855 15
002016 150
002398 139
000347 23
000599 151
000856 152
000443 18
002333 2
002001 153
002848 154
001534 49
000762 132
002012 155
002901 89
001358 156
001638 123
001078 23
001991 157
000966 158
002276 159
002195 49
000587 158
000066 98
000937 139
002485 160
000731 2
001235 78
001132 15
001472 113
002317 35
000757 161
002027 162
002250 30
002515 52
002256 141
002953 163
001594 164
001609 165
002052 166
000798 99
001269 167
001774 5
000249 53
000108 43
002419 23
002750 168
002129 28
001901 169
002891 170
002763 171
001505 60
002318 103
001393 172
000228 22
002602 77
002037 22
002684 173
000976 174
000886 20
002596 22
000225 175
000917 86
002183 176
002403 116
002625 177
001675 68
002238 178
002046 179
001527 120
002287 180
000488 181
002783 182
001733 19
001326 183
001768 132
002778 17
002035 90
002628 116
002804 140
002253 91
000559 86
001696 28
002426 184
001653 137
001454 176
002455 42
002677 185
001065 186
002616 55
001261 187
001992 103
000871 188
000231 170
000018 136
002552 189
001574 137
000955 72
001072 170
002527 190
000305 119
001702 139
000791 30
002610 53
001929 167
001256 86
002779 191
000665 116
000219 86
000188 15
002961 86
002990 94
002066 139
001932 28
001538 192
000601 122
002617 75
000930 56
002210 193
001166 105
002768 194
002357 195
000522 36
000304 126
002067 196
000758 122
002170 46
000261 171
002299 143
001952 197
002497 198
000368 38
002071 199
001643 116
001679 200
002189 103
000988 201
002427 18
001081 3
000910 202
001164 148
002033 203
001302 204
000383 71
001769 205
000611 7
001381 139
002281 165
002107 18
001172 206
002998 207
000082 208
000152 139
002429 94
000962 116
002785 209
000202 129
001306 210
000672 122
002023 211
000055 98
000439 18
002438 91
002391 139
001422 212
001537 200
000166 174
002502 202
001129 213
001005 143
002839 212
002029 139
000914 10
000482 53
000500 91
001797 105
000919 184
001903 53
001194 214
002962 183
002151 165
000162 68
002926 148
000813 39
001238 22
002733 142
001405 215
000076 216
001163 116
002075 217
002794 145
001488 18
002703 122
001398 78
002025 218
001777 68
002288 219
002983 220
001876 221
001834 53
001909 159
002705 153
000404 77
000232 77
001334 16
002332 28
001042 222
001448 223
002590 53
001914 18
000606 203
001249 122
002821 19
002445 224
001143 225
002441 226
002922 53
000204 227
000785 153
002373 228
000014 105
002208 229
002905 230
000676 68
002885 68
002603 51
000465 17
000775 15
001935 221
000496 225
000803 107
000170 194
002449 132
002169 103
000959 231
002965 69
000446 136
001457 18
002002 113
001423 27
000896 232
000429 233
002658 234
001735 235
000196 86
002556 17
000547 236
001828 185
002897 237
001585 231
001567 102
002549 23
002746 137
000088 238
000633 145
001959 58
000583 105
000257 239
001090 148
001814 77
001411 140
000048 136
001651 126
001530 240
001248 241
001503 242
000059 53
002731 22
002683 243
000073 49
001811 91
000474 170
002577 82
001382 1
000124 20
001217 225
000881 244
001336 23
002399 40
001148 86
001354 142
000336 245
001495 122
002230 246
001917 200
002486 20
000181 85
001451 91
002543 17
000617 247
000121 29
000109 43
002790 20
001962 136
001579 248
001704 249
000750 116
000684 171
001724 218
002545 250
000172 132
000103 15
002458 28
000773 94
002232 2
000416 251
000491 195
001165 42
001141 176
002769 252
001329 253
001378 216
001399 254
001612 51
001400 23
000830 255
001308 256
001352 91
001602 257
002728 142
000182 113
001681 40
001688 120
000178 51
000694 2
002400 182
002678 72
001012 98
001916 135
000286 170
000899 98
000894 27
002086 3
002913 211
001851 170
000701 15
001455 1
001404 77
001187 86
002235 86
001224 258
002096 143
002608 28
002083 71
001919 86
002175 19
002915 102
001142 153
002630 139
002966 2
002372 259
000276 3
001297 145
002171 86
001562 212
001843 40
001408 30
001645 241
001971 20
001593 15
001370 78
001323 190
001605 212
000867 94
000946 260
001300 105
000980 20
001856 81
000222 113
001994 40
000922 123
001433 53
001074 40
001895 42
002393 42
000138 261
002578 262
001364 177
002831 263
002504 53
001029 124
000603 22
002701 264
000837 86
001837 22
001001 28
001818 103
002100 22
002184 17
001040 22
000440 265
002496 29
000095 53
002743 124
002000 26
001179 20
000269 159
000033 105
000200 26
001489 86
000229 137
001139 86
001610 143
000303 203
001550 196
001938 266
002665 22
000135 267
002799 43
000809 57
000680 217
001957 268
000841 225
000481 19
002379 136
001708 91
002749 136
002544 159
000689 136
001604 269
000686 270
001436 271
000288 75
000703 272
000502 85
000120 273
000365 211
002435 77
000558 190
001317 116
000562 103
002143 274
001152 82
001556 275
001978 94
002599 77
002229 90
002280 276
002307 277
000667 43
002793 238
000725 122
000574 139
002806 33
001121 278
000234 125
000907 163
000342 122
001189 30
000083 40
002777 116
000189 51
001672 279
000550 27
000805 225
002397 51
002553 131
002203 77
002792 144
000544 185
000478 176
002304 138
000817 15
002753 77
000398 139
000935 2
000655 122
002269 43
000708 277
001010 22
002018 28
000251 122
000974 53
001225 103
000786 280
000281 120
002857 82
001478 165
002974 28
000792 143
002346 142
000778 68
000675 281
001790 116
001218 53
000938 171
000430 211
001013 282
001654 126
001711 28
000556 98
000187 77
000167 203
000995 42
001237 43
000477 201
001027 72
001761 104
001808 283
000057 208
000209 39
002511 82
002380 284
002506 285
001498 82
000426 234
002645 250
001559 91
000242 20
002757 146
001570 211
000570 137
001267 286
002194 286
002247 254
002048 218
002881 149
002532 271
001174 116
002283 122
001557 231
001178 15
002619 15
002654 138
001930 234
000651 287
002634 288
001518 77
001017 203
001501 15
001460 19
001231 215
000560 26
001409 139
001974 225
000738 15
002564 212
001745 275
001295 51
000826 212
000624 280
000220 82
000258 42
001282 289
002775 20
000926 103
000217 290
000511 57
002367 53
001588 291
000593 292
000493 293
000332 22
002829 294
002216 20
000415 137
002132 295
001045 296
001908 297
000645 39
001823 298
001039 212
001508 38
002271 19
000639 19
000944 28
002615 78
002585 190
000195 28
000575 23
002362 51
000818 195
000958 285
002765 29
002711 250
000897 1
002772 299
000840 186
001396 40
001862 225
000636 91
000721 234
000255 300
002118 40
002005 91
001731 176
000192 301
001773 77
001484 120
002989 120
001206 43
001819 302
002951 303
002862 113
001504 142
001420 136
000453 116
001418 72
000197 46
002918 304
002457 53
000534 234
000878 20
001037 274
000460 281
000487 305
001892 33
000681 176
002453 306
000419 126
001350 86
000877 104
001650 185
001900 38
002330 75
001709 36
002105 218
000454 36
001414 120
002876 148
000580 143
000125 122
001898 307
000339 16
001416 308
002858 116
000090 185
000447 309
002106 171
001893 120
001150 60
001925 35
001848 310
001918 16
000997 311
000734 170
000628 312
002609 313
002512 36
001939 35
001240 292
000330 314
001428 2
001469 102
002388 300
001578 300
002626 218
000545 104
002693 227
002614 35
000369 18
002642 98
002802 136
001222 35
002396 212
002991 91
000994 218
000458 165
002402 91
001337 38
001443 40
000737 315
001564 68
002601 316
002061 188
002986 317
000736 318
001442 142
000933 38
001021 191
001993 2
000661 319
001033 60
000423 320
002450 77
002805 321
001061 30
001044 266
000289 292
000471 315
002326 91
002174 147
001088 46
001907 300
001912 3
002877 136
000227 132
000761 20
000577 166
000092 1
000515 91
002364 91
000271 285
000518 322
002384 141
002202 103
001046 94
002718 323
002836 324
002914 303
000960 325
001388 131
002482 53
000769 20
002371 20
002520 326
001860 327
001228 328
000985 28
001813 2
001402 69
002295 177
002871 329
000847 30
001961 238
002900 176
001160 330
001806 18
000469 129
002940 22
000969 135
001197 141
001792 104
001967 290
000341 225
002298 26
002315 38
000900 136
001069 183
001186 132
001343 53
001576 132
000693 331
000588 332
002254 212
000131 238
002423 15
001397 132
000554 103
002323 108
000656 53
000445 170
002650 120
001483 333
000094 218
001157 81
000768 334
001386 226
002937 60
000134 38
002931 43
001051 82
001721 335
002854 17
001566 336
000859 195
000552 2
001543 4
002376 236
002302 15
001490 264
000609 35
000349 337
002297 253
001700 139
001622 259
000613 104
002488 140
001833 71
001717 42
000710 125
000573 191
002869 281
000744 116
000704 28
000925 86
000183 151
002788 75
000243 104
002807 116
000371 51
002076 105
000441 325
000654 211
002709 218
000709 196
001383 89
000024 43
002141 141
001118 17
000934 28
000858 338
001227 68
000509 339
001003 143
002274 55
002723 340
002300 105
002470 28
002909 91
002999 103
002392 86
002131 225
001782 116
002009 53
002032 148
000765 290
001669 77
000486 2
000237 176
001211 19
002349 275
001071 190
000713 281
002461 91
000646 28
002932 341
002906 29
001458 223
001692 342
000616 23
000671 53
002671 43
002791 30
002185 254
000901 22
002789 185
000986 343
002110 212
001392 142
002969 36
000207 344
002313 38
000031 52
000259 345
001265 28
000174 2
001283 20
001292 212
000860 28
001170 346
001618 145
000444 91
002698 142
000808 129
001180 347
001016 290
002774 185
000494 107
001195 142
001931 286
001857 116
002410 138
001467 94
001216 49
001309 103
000973 241
001766 38
000442 116
001659 5
001444 20
000690 3
000764 348
001272 349
002522 42
002444 350
001133 122
000017 274
001232 52
001439 28
001660 103
002069 267
001247 126
001906 15
002257 351
002934 352
001115 91
000615 122
002125 330
000422 227
001788 91
000918 81
000586 18
001144 353
002663 19
002745 43
000077 330
000191 35
001234 104
002165 354
002007 113
001345 126
002167 265
001549 42
000002 77
000640 86
000376 126
001697 38
002479 225
001936 30
002478 203
000746 86
002666 4
000643 148
000190 355
002109 267
002309 195
000012 38
000354 202
002622 136
002529 356
001360 2
000201 357
001611 358
001686 196
002667 68
000448 359
002014 196
001934 116
001514 325
001988 322
000882 360
001190 17
001059 361
001762 362
002980 254
000116 185
001385 363
001926 364
001867 218
000407 82
002995 23
001366 30
001028 225
002840 85
002102 116
001945 194
001502 292
002889 104
001625 344
002464 227
002316 218
001933 125
000326 184
000941 20
001298 365
002643 122
001095 143
002471 366
001805 22
000853 105
001920 234
001103 82
000779 43
001130 75
002725 286
002569 42
002089 91
000141 91
002239 203
001749 277
000390 286
000821 49
002612 132
000698 363
002846 42
001209 98
000485 165
001137 355
001736 116
002036 367
001331 15
002985 103
002439 15
002344 107
001606 20
000025 250
001356 27
000102 113
000629 368
001730 369
000993 15
002719 81
002407 85
000009 15
001067 174
000364 370
002887 43
001014 371
000401 23
002197 165
002865 72
002054 105
000039 43
002112 303
000865 103
000346 185
002115 372
000386 373
002868 42
000788 143
000208 56
001054 374
002101 122
001737 165
001335 10
000049 98
002019 165
000670 71
001689 375
002623 91
001829 91
002164 91
000294 212
002707 229
000895 268
002513 376
002103 28
000984 137
001113 38
000632 377
001547 378
000213 12
002063 116
001781 147
002459 35
002214 51
001676 4
001476 43
002160 20
001832 367
001809 91
001924 201
000224 42
002641 119
000524 176
000230 116
002124 379
002159 91
002744 380
002781 2
001714 225
002251 345
000584 42
002547 139
001124 185
000829 203
002038 86
002010 71
002982 137
000822 144
001250 381
001205 235
001779 382
001727 94
000399 383
002140 384
002782 49
000892 385
000748 17
001464 42
001897 57
000038 235
002912 28
001510 285
001849 148
002237 28
001649 40
002566 120
000373 137
001162 386
002311 86
002700 3
001738 28
002065 104
002385 23
001288 129
001092 60
001147 141
000295 306
001743 274
000978 72
000260 381
000159 52
001153 30
000971 139
002796 229
002662 136
001671 91
000846 242
002286 148
002819 42
001540 28
002116 387
002837 275
002079 143
002044 15
002163 388
000514 42
000068 135
000538 22
001706 297
001852 129
002917 238
000310 22
000801 389
002508 373
002911 43
001084 185
002533 27
000126 390
000069 391
001535 19
001245 186
001760 20
000150 72
001755 17
002180 30
002646 184
001387 82
001864 53
000921 286
002780 19
002431 392
000437 103
002218 227
002568 393
000852 40
000673 394
000061 395
002853 60
000265 396
002713 116
001324 190
000457 18
000597 143
002047 78
000983 3
002716 107
000210 263
001767 397
002929 249
000203 20
000348 398
001871 273
001785 191
001085 113
002352 399
001110 60
000702 107
001541 254
001838 319
000635 148
001449 78
000835 40
001674 42
000268 211
001858 400
002494 396
002147 136
002640 275
000810 132
001123 401
001646 402
002861 36
001207 403
002156 404
000982 107
001035 380
002558 22
001771 265
000052 107
000306 153
001647 103
001555 91
001954 123
001038 293
000727 28
000370 405
002648 35
001221 280
002413 15
001363 138
000105 53
001678 51
001286 82
002452 116
001720 38
001728 406
000576 103
001497 26
001996 407
001995 202
002127 42
002375 68
001580 165
001355 23
001685 153
001094 75
001874 105
001158 116
001403 129
001109 163
002987 408
001726 122
001116 409
000436 5
001815 196
001499 243
002353 51
002467 275
002495 137
001036 269
000211 410
000054 22
000780 411
002587 72
000387 412
002422 413
002992 203
000147 163
000499 275
000620 40
000996 250
001795 211
001861 414
000794 91
000510 77
002137 49
001854 191
000168 3
001883 147
001607 122
001866 30
002655 22
001453 12
001759 415
002882 416
000759 238
002114 417
002727 406
002057 103
002952 15
002498 103
000662 266
002561 242
002605 337
002152 153
002686 406
001294 15
000663 418
002523 51
000530 419
001273 53
001946 420
000060 421
000949 38
001648 422
001682 113
000282 12
001184 280
002988 185
002606 35
002244 423
002205 33
001536 137
002176 27
002825 424
002822 23
001327 147
001571 166
002484 116
000854 425
001904 303
001277 270
001284 176
000519 287
001526 426
000806 15
002680 404
002637 427
000711 53
001722 241
000050 428
000644 429
001007 218
000802 213
002133 26
002055 286
001311 52
001791 139
000850 298
000425 302
000417 60
000001 86
001482 303
001410 147
002773 91
001830 132
001270 136
000177 38
002404 90
001565 250
000513 42
000537 249
001287 430
000920 86
001463 132
000362 186
002243 1
001140 77
001655 81
001658 275
000337 35
000767 292
001349 26
000435 226
001863 184
001055 431
001533 170
002660 91
002720 19
002759 432
000408 306
001263 122
002541 141
002872 138
002898 85
001318 433
001330 223
002437 434
000381 340
001553 373
002113 20
002580 104
001956 75
002358 17
000579 435
000479 163
001748 200
002308 271
001783 98
002040 281
000420 43
000626 302
000040 280
001168 191
001481 68
002448 1
001060 195
000081 123
000947 22
000074 5
001126 250
000557 27
002041 436
002795 300
001253 212
001725 163
001632 274
001589 362
001596 15
002291 81
000542 33
001462 122
000508 91
001182 28
002462 437
000489 135
001125 68
002242 132
001542 218
000389 122
000218 20
001018 391
001246 85
002855 362
001629 429
001291 438
000463 4
002518 53
002473 122
000862 302
000527 439
002351 215
001963 23
000284 182
002306 51
001471 330
001087 242
000873 440
000591 406
002382 441
001577 113
000065 404
001083 19
002551 116
001280 53
000605 380
002737 33
000730 429
002006 22
000353 442
000954 38
001401 141
002627 49
002182 304
001922 443
001380 40
002714 444
000035 77
002776 30
001406 53
002240 196
002386 86
000020 33
000623 379
002592 23
002099 445
002355 446
002314 38
001275 35
001784 78
001082 46
000164 81
001703 86
001177 165
002814 116
000199 330
001233 15
002928 447
001516 53
001882 200
000409 241
000143 448
000023 81
000205 78
001213 287
001365 292
001006 22
000642 449
001699 38
002688 450
001344 212
000385 140
000889 241
002729 104
001086 75
000173 125
000532 52
002812 60
001340 286
001106 274
000400 86
002735 404
000641 125
002880 149
000720 434
000391 194
000936 20
002363 77
000139 330
001149 28
000787 404
001586 451
001119 389
002874 211
002845 452
002374 139
002434 104
001374 90
002490 28
000953 40
002638 218
001196 453
002574 33
002436 136
001575 23
002669 72
002754 454
001290 122
000129 183
002425 381
002867 113
001332 105
000161 40
000932 15
001389 455
002888 4
002085 122
001853 139
002335 19
001379 17
000421 91
002405 456
002480 190
000287 280
002432 457
001865 43
001041 315
000133 250
002787 20
001894 360
002565 344
001080 46
002994 105
002111 123
002390 36
000136 458
001214 103
002895 225
002721 26
000212 43
002296 459
002139 75
000275 460
002050 389
000089 68
000751 461
002293 450
000299 78
002950 141
000568 19
001627 462
000262 463
001729 49
002724 28
000316 71
002130 464
000104 15
001615 28
002024 177
001070 10
002584 15
000927 77
002369 78
002454 27
000366 86
002588 458
000529 465
000045 3
000309 107
001506 404
001551 4
000449 81
001375 138
000572 16
001135 235
001204 195
002263 466
001173 40
001319 171
000600 12
002148 123
001960 223
000834 75
000942 176
000063 281
001683 290
000987 238
002134 17
000333 254
002633 85
002264 227
001896 137
002236 19
001167 104
000630 2
001885 190
002539 105
002136 18
002708 285
002272 39
002415 15
000824 467
001223 27
002348 38
000461 211
001859 53
000160 104
000740 43
000008 131
002162 60
000372 22
002696 132
002080 42
000084 468
001873 132
002417 129
002907 148
001507 142
002817 270
000428 174
000290 254
002695 185
001554 203
000240 330
001944 17
001198 33
000770 287
001624 211
000402 35
001664 28
000155 91
000619 22
002571 212
001091 98
000296 105
000431 286
000280 469
002020 86
000582 238
002815 60
002933 394
002331 86
002595 86
002068 470
000719 43
001657 182
000723 81
002920 28
000596 406
000970 1
001600 27
000699 227
000977 320
001104 27
002717 136
001339 60
001817 23
000951 53
001212 42
001429 471
001670 56
000427 60
002908 42
000176 432
000080 275
000594 91
001348 254
001515 20
001546 60
002847 71
002150 461
000492 20
000989 27
001447 298
001975 351
000755 2
000825 126
000495 194
000800 42
001002 56
001626 404
000848 40
002060 15
002074 82
001468 137
001965 52
000888 139
002828 277
001712 20
002859 190
001789 166
002321 469
001079 4
002925 186
001886 472
001371 225
000140 297
002158 202
002285 132
001665 428
000410 136
000013 51
002199 29
000405 86
002740 85
001098 103
001220 122
002967 28
000793 86
002292 116
001842 131
000952 90
001910 218
001210 105
002893 430
000975 22
000475 98
001942 136
000216 53
002824 20
000501 103
002756 196
002064 38
000472 103
001584 404
002732 22
001635 2
000539 20
001979 273
001131 364
002492 120
000991 122
001305 28
002943 15
001009 273
002894 254
000875 281
000497 270
000312 159
000132 120
000252 23
001315 270
001519 211
001048 43
002168 53
000137 268
001752 27
000648 53
000595 53
002559 212
002339 344
000585 473
000811 86
001803 290
002412 23
002090 36
000279 20
000360 227
000030 474
002341 107
002122 475
002463 203
001732 71
001427 476
001264 477
000351 98
001430 287
002119 35
002483 40
002108 125
002098 91
000028 122
001878 136
000148 15
000660 86
002509 478
000022 42
000571 211
002017 116
000047 479
000752 23
000650 286
001887 480
002826 429
000869 107
002842 167
000891 212
001321 481
002356 69
001052 17
002381 51
000828 149
001022 348
002166 142
002598 28
002830 91
001663 290
000034 286
001844 129
001512 458
001417 60
002860 104
002209 144
001058 482
001520 72
000598 105
001011 19
000861 306
001642 163
000010 211
000091 163
001075 104
001985 86
000790 483
000263 484
000712 28
002305 15
002094 485
002864 43
000149 203
002653 486
001244 2
001415 57
002741 2
000079 273
002530 1
002212 10
002652 53
002892 221
000998 71
000036 103
002120 259
001413 163
000235 414
000350 139
000324 20
000003 340
001031 286
002368 196
002959 104
001756 42
002903 264
001477 17
001274 38
000816 275
001049 23
001241 265
001419 185
000939 266
000396 263
000782 487
002011 137
000863 488
001816 2
002430 42
002996 489
000504 266
002475 253
002639 490
000384 458
001750 404
000311 103
001619 102
002241 190
002031 17
001941 77
000905 103
000521 5
002153 491
001778 85
001691 3
001780 28
002350 337
001230 22
000760 492
001812 493
002674 281
001368 53
001734 389
000664 249
002607 242
002916 330
000743 494
002226 91
002808 116
002501 35
001513 16
000027 75
002586 495
001015 139
000967 107
001601 33
001973 30
000683 57
002579 163
000864 105
000992 12
000915 153
002084 5
002521 143
000186 286
001765 42
000923 91
000075 91
002224 104
002810 496
002752 275
000741 107
002334 140
002582 126
001744 364
000820 23
002192 135
001117 497
001710 270
000157 430
000832 303
001359 113
002528 361
000503 2
002611 498
002870 33
002984 211
002045 102
001981 103
002378 499
001057 15
001347 500
002958 68
000356 103
002360 16
002820 104
000724 215
001977 148
000245 254
001299 12
002722 77
000393 15
001747 72
002624 23
000086 17
000747 194
001181 185
002228 55
001316 300
002091 149
001102 104
000913 23
000963 36
000555 51
002347 60
002863 325
002834 69
000107 108
002008 131
000438 12
001801 40
000171 234
002656 292
001986 194
001372 140
002123 40
001677 177
001159 123
001128 17
002058 148
002370 28
002059 38
000827 12
002416 501
000285 126
002712 27
002726 38
002899 125
002591 90
001441 225
002188 42
002319 68
002570 51
002004 138
001251 340
001955 502
002154 72
001257 125
000056 483
000483 389
000044 503
001822 53
001544 504
000321 28
001342 81
002135 98
002971 56
001438 275
000238 429
001798 116
001810 505
001004 506
002803 507
002514 94
002290 86
001200 508
000301 72
000943 91
002265 235
001260 56
002294 509
000464 102
000006 184
000842 280
001869 266
000327 49
002282 176
002576 43
001465 275
000893 22
002062 306
000695 510
000388 502
000604 511
000843 195
000323 53
001868 103
002879 129
002275 364
002531 512
002468 273
002946 243
001281 20
000831 434
001905 147
000456 42
000308 124
002121 98
002051 19
001303 513
000329 494
002977 212
001705 40
001719 26
000480 15
002919 243
002510 81
000118 217
001972 53
001558 514
002734 108
001030 4
000467 91
002440 28
002249 211
002594 12
001970 211
001199 105
001357 105
001902 425
001976 515
000777 122
000569 10
001787 122
002636 129
002277 361
002941 91
001093 12
001258 103
001999 516
000085 20
001666 362
002685 122
000756 82
002144 517
002200 16
000512 53
002902 212
000732 137
002221 518
002320 136
000531 143
002345 519
000766 28
001480 520
002003 215
001362 23
002491 166
000375 344
001634 43
002784 281
001185 227
001715 177
002536 53
002081 18
001794 319
000239 212
000128 521
000355 85
000165 211
001511 53
002875 2
001320 51
002477 58
000473 254
001998 86
002481 132
002043 176
002408 522
002138 55
002411 20
000098 2
001840 364
001024 523
002015 524
002948 143
000450 86
000551 119
002694 525
000277 38
002267 29
000179 2
000434 108
001341 105
002852 285
001592 149
001644 526
001517 136
000742 129
000868 527
001770 27
000484 46
002022 436
002938 231
002324 33
002359 125
000781 355
000549 401
001964 120
002833 33
000783 264
001890 528
001008 529
002394 138
000674 530
002204 77
000687 43
000876 72
000459 141
001990 266
001911 7
001268 89
000753 122
000122 46
000700 531
002811 532
001445 533
001949 211
002233 1
002087 268
000032 86
002155 81
001751 4
002072 71
000070 98
002838 483
002647 105
001120 351
002813 212
001191 39
001532 12
002851 16
001243 40
000266 43
002421 268
001459 404
001913 38
000505 534
002325 60
000340 250
002604 71
002620 373
002234 231
000799 281
000931 75
002540 28
000745 89
000979 387
002424 53
000062 344
001776 429
001603 143
002927 379
002955 132
000142 290
002786 85
001568 165
000194 138
000647 103
002082 535
000361 58
002747 508
000058 69
000359 16
002672 49
001569 306
002117 49
002340 122
002095 364
000924 509
002042 27
000278 35
002201 286
002944 19
002273 123
000382 28
002193 488
001452 125
001391 361
001025 536
002442 215
001953 10
000067 355
001056 390
001740 266
002077 103
002343 330
000114 5
000246 211
001440 537
001023 195
000981 538
000412 266
002262 253
001063 340
000117 432
002890 458
002690 539
000248 53
000666 270
002651 144
000093 290
000115 212
001377 49
002303 297
000119 253
001982 60
002181 105
000163 28
000264 277
002978 5
001314 540
000247 27
002428 195
000776 351
000553 105
001114 72
002474 105
000581 254
000845 225
001461 170
002476 28
000652 38
001171 300
002942 20
002936 53
001369 15
000898 306
002921 116
000677 104
000015 91
000968 105
001107 195
000241 166
001255 49
002322 85
001937 68
000685 253
000169 541
001640 273
001134 28
002420 213
001879 362
001716 23
000272 20
001474 542
001254 348
001548 543
000215 280
002597 494
000345 51
000839 19
001616 91
002196 544
001836 27
000796 19
000413 286
001713 545
000343 546
000948 138
002222 351
001758 287
000378 98
001492 287
000739 2
002542 91
000053 547
000019 404
001310 290
002270 139
002451 17
000999 174
001390 185
000096 171
001500 28
002310 30
002555 548
000180 91
001599 518
000717 91
000185 116
000468 78
000904 351
002702 125
000072 254
002573 147
001899 20
002554 508
002395 549
002516 122
001208 98
002078 38
002866 103
001064 55
001529 36
002206 174
000659 40
002818 2
001839 302
002443 33
001077 550
000455 42
001384 136
002383 103
000403 35
000990 69
001446 551
001473 137
000678 552
001617 15
001252 430
001984 273
000823 94
000964 53
000836 30
001034 43
000175 277
000940 12
000692 218
000335 15
000874 55
002827 325
002056 553
000198 381
000297 68
002832 91
001531 270
001746 98
000123 153
000379 185
002581 51
002211 23
002173 147
002053 141
000916 116
001872 186
002742 77
000612 107
001772 72
002336 1
000957 53
001633 28
001888 17
002993 290
002661 300
000909 554
000507 120
000357 10
001424 22
002873 71
002401 124
001155 15
001723 555
002682 105
000668 23
000887 105
001285 94
000334 235
000154 225
001421 556
002550 286
001841 38
000722 38
000374 107
000313 196
001850 147
001623 72
000043 75
000972 3
002972 30
000523 557
000418 86
000763 176
000658 292
000705 340
000733 19
002499 26
002751 129
000945 78
002217 137
002801 81
002409 18
001807 241
001019 266
001470 558
000908 98
001694 165
000273 153
001494 90
000520 19
000815 23
000819 290
000735 122
001523 91
001639 28
002910 138
001701 163
001122 94
002177 125
001915 559
001884 29
002593 122
000380 71
002252 28
000344 286
002149 124
002145 58
002567 132
001943 425
001804 42
002823 238
002537 28
001262 108
002013 131
001425 77
001595 90
000233 560
000795 17
001707 86
002904 561
001821 250
002563 163
002406 138
002560 30
000113 241
001000 153
002266 286
001583 300
002548 103
002970 281
000226 91
001043 287
001193 287
001450 72
002446 280
001764 364
001667 306
002589 266
002377 562
000849 17
000622 268
002142 330
000214 42
000771 292
000338 122
000804 72
002261 563
001183 28
001169 105
000037 183
000106 5
000363 51
000851 564
001741 201
002414 5
000857 91
001466 105
000566 28
000250 91
002525 19
001475 55
002503 212
000318 212
001201 51
001108 286
002279 565
000653 475
000071 94
001668 104
002659 330
001175 270
001089 176
002957 566
000411 196
002883 176
002387 567
001026 91
002092 15
000540 171
000602 568
001333 15
002843 404
001435 241
002220 107
002466 569
002762 86
000838 137
002736 123
001628 379
000807 227
000883 33
001485 190
000638 570
000424 113
000728 29
001997 1
000377 86
000525 380
002487 475
002524 212
000151 306
001581 15
001950 430
001775 281
000627 571
002850 116
001846 2
000144 102
000718 103
002575 211
002632 2
000567 78
001881 362
002489 364
001156 132
002223 103
001432 4
002760 82
002172 81
002187 16
000880 270
001076 572
000625 430
002935 573
002976 56
001367 103
002231 81
000618 120
001325 58
001983 20
000691 574
002835 23
002289 103
001690 23
001351 153
002844 139
002507 545
002730 136
001831 94
001687 2
001693 149
000466 122
001188 575
001192 27
000146 425
002255 144
000325 132
002706 225
001763 458
000707 292
000715 250
001835 116
002884 553
001112 27
002128 126
000902 60
000688 51
002215 176
001631 138
002278 105
002500 218
001940 36
001825 225
000101 102
000291 576
002493 94
000879 77
001456 553
000392 129
000087 406
002284 577
002715 287
001276 53
001524 10
000476 90
001695 81
001296 190
002093 250
001138 77
002073 122
001236 337
000833 330
000592 235
002979 211
001621 351
001636 351
000110 578
001161 20
000223 122
001053 60
001312 16
002771 42
002104 218
002981 268
000254 430
001073 10
001620 579
001493 280
002691 18
000546 22
002526 436
000950 203
001572 271
000844 52
000064 38
000414 129
002433 43
000885 406
000452 430
001259 474
000657 43
001880 28
001582 514
001487 580
001486 142
001328 122
002418 249
002738 254
002268 19
000078 177
002070 212
002809 577
000870 20
002469 176
002248 15
000451 94
001020 581
001561 582
001980 185
000697 58
001742 488
000812 280
002973 583
000911 123
001522 52
001050 496
000506 91
000406 584
002366 270
000184 78
001877 184
001718 270
000610 508
002675 82
002034 28
002534 103
002327 123
001969 170
002679 20
000021 585
002219 586
001426 177
001591 28
002225 190
000328 35
002755 202
002519 587
001875 170
002538 20
002975 425
000267 588
001891 85
002664 77
001757 292
002179 104
000866 589
002945 430
002886 75
000490 302
000607 86
002465 430
001739 107
000153 58
000890 91
002939 196
002328 254
000270 211
000097 184
002259 72
002618 174
000965 290
001800 105
000872 268
001573 351
000533 264
001068 590
001100 103
002761 351
002126 69
002312 52
000716 591
002198 81
002949 20
001539 77
002954 91
000470 55
000565 380
001799 218
000462 1
001278 177
001796 85
001870 474
001394 131
001346 380
000696 42
001176 71
001753 116
000929 450
001215 39
002635 20
001373 116
000244 120
002800 116
001680 91
001313 40
000649 15
002644 259
000314 249
000156 43
001304 274
001151 77
001802 15
001047 122
001641 91
001307 559
001928 15
001496 116
000026 212
002245 94
000016 582
001322 1
000884 186
002670 91
001361 2
001845 20
001613 35
000498 302
002841 116
000516 142
002968 592
001479 249
001412 15
001096 593
000543 75
002505 27
000634 500
000432 176
002676 81
000729 40
001289 176
002258 364
000317 2
001921 344
002562 380
001338 330
002878 170
000320 140
001032 137
002026 266
002190 249
001111 16
001889 594
001528 107
000754 35
002629 19
000563 15
002447 494
000669 268
000253 15
002956 77
002517 595
002963 52
000358 36
001279 452
001301 280
001203 116
002557 596
002798 344
000130 36
000145 43
000961 597
002896 488
002764 17
000906 290
001097 598
000236 148
001062 211
