0 1.3004021644592285
001284 1
000251 2
002154 3
002787 4
000633 5
000071 6
000022 7
000415 8
000587 9
000604 10
002172 11
002800 12
002664 13
001733 14
002050 15
001728 16
001637 17
002287 18
001493 19
002617 20
002702 21
002406 22
001229 23
001008 24
000165 25
002088 17
002930 26
000904 27
000655 28
002361 29
000203 4
002160 30
002398 31
002925 32
001918 33
000911 34
002231 11
000550 23
002370 4
000696 7
001042 35
002439 36
000895 37
001958 38
002506 39
002625 40
001983 4
000031 41
000881 42
000545 31
001327 43
001850 43
002319 44
001573 27
002431 45
000313 46
002699 47
001440 48
000446 49
000892 50
000923 51
000533 52
000088 53
002891 54
001923 55
000058 56
002612 57
002135 58
000896 59
001106 60
000764 61
001978 62
001375 22
002041 63
002219 64
001784 65
000155 51
002166 66
000806 36
002020 67
002392 67
002964 68
000247 23
000348 69
002754 70
001195 66
000530 71
002043 72
001112 23
002956 13
001686 73
002932 74
001777 44
001036 75
002193 76
000686 77
000803 78
000070 58
001254 79
002656 80
001734 15
002627 81
002606 82
002203 83
001702 31
001391 84
001507 66
000934 4
002942 4
001395 85
001037 86
002638 87
000267 88
001550 89
001623 3
001172 87
000372 90
002679 4
000440 91
000333 92
002031 68
002239 93
001219 94
001362 4
000378 58
002870 95
001418 3
000903 96
001722 97
002826 98
002586 99
002110 100
002107 4
000559 67
001076 101
000967 78
001869 72
001700 31
001043 102
001523 51
002234 103
002532 104
000825 105
002715 102
002127 7
000176 106
002615 107
000411 108
001071 5
000210 109
000399 110
000237 72
002500 87
000227 111
000618 112
001861 113
000004 2
002779 114
001731 72
001494 115
001631 116
002998 117
002731 118
001238 119
001587 14
001999 120
002823 53
001815 89
002993 121
000026 100
002653 122
002747 123
002015 124
001997 38
001288 125
000161 126
000838 127
000935 17
001056 128
002526 63
002313 129
001941 83
001401 130
001090 131
001893 112
000959 132
002705 119
000270 25
002673 6
001577 133
000023 11
001651 105
001837 118
002839 100
000211 134
001509 82
001142 119
002557 135
000473 92
001012 58
001274 136
000329 137
000323 27
002278 138
002764 68
001953 139
000073 81
001412 140
000470 31
002343 141
001293 142
001835 12
000839 143
001917 144
001854 145
000274 41
000007 146
002602 83
002039 81
002531 147
002858 148
001208 58
002033 125
000001 67
001033 149
000318 100
000829 125
002423 36
002282 72
002260 150
001264 151
001536 127
002805 152
002293 153
002655 118
001066 154
001342 137
001657 155
000444 51
002539 138
002126 156
002856 157
001931 158
001618 5
002692 159
002776 95
002851 33
002760 160
001701 161
000405 67
002817 95
001413 161
000564 55
001799 87
000752 4
001991 162
001723 163
001533 54
002959 79
001223 23
000121 31
001818 164
002984 25
000410 49
001424 118
001905 43
000209 150
002367 14
001895 7
000127 33
001171 165
002036 166
000472 167
001502 80
001755 68
001053 168
001218 27
002003 169
002311 67
001234 31
000786 19
000125 28
000217 121
002366 95
000167 125
000482 27
000229 170
002468 15
000347 4
000899 171
002595 67
000335 165
001598 172
001610 173
000661 100
000351 171
000319 4
001460 143
000627 174
001353 175
000087 16
001825 169
000390 158
000558 5
001495 2
000393 165
000460 176
002970 177
001323 178
002774 87
000731 17
000629 179
000500 51
002894 92
002196 180
002222 27
000124 4
001120 27
000824 181
001875 54
000389 28
002383 182
001870 183
002986 184
002910 116
001740 185
000900 49
000598 138
000631 43
002212 139
002918 186
002396 100
001350 67
002448 38
001476 187
001911 188
001912 85
001714 189
000563 165
000593 80
001860 190
000371 191
001612 155
002099 192
002660 51
001877 102
000066 58
002997 4
000637 4
001948 171
000912 138
002553 94
000006 102
000720 193
002859 5
000404 13
000112 66
001454 72
002144 194
001894 195
002597 137
001245 196
001168 114
000042 118
001797 138
002306 155
000302 102
001108 158
000423 197
002832 198
002820 31
001575 4
002163 199
001441 189
000212 55
002574 95
000158 200
000157 201
001990 185
000605 202
001123 203
002603 155
000933 136
000104 165
000871 204
001094 20
000455 7
000241 205
002599 206
001184 19
000891 100
000141 51
000653 207
000698 208
002480 5
001664 201
002021 139
002739 31
002257 209
000769 4
002326 51
001481 44
002834 156
000719 55
002441 210
000340 211
000878 4
002102 148
002117 81
000195 4
001553 143
001696 4
000809 118
001232 41
001751 212
001708 51
001836 23
001736 12
002388 165
002018 4
001041 213
000035 83
002735 214
001524 139
000271 215
002089 51
002195 81
001445 216
000193 27
001647 167
001265 4
001345 105
002534 167
000331 31
002513 217
001883 43
002862 60
001048 55
001434 49
002385 4
000326 102
002630 31
002065 127
002403 12
002713 148
000438 4
001282 218
000541 219
000132 220
001052 68
002804 221
001903 27
001211 143
001928 165
002341 78
000884 32
002730 49
000060 222
000363 155
002825 223
002605 224
002880 225
002681 135
002752 118
002434 31
001200 123
002585 5
000552 17
000980 4
000670 146
000978 3
000184 226
002704 4
000294 100
001962 49
000537 149
001661 44
002507 227
001361 17
002892 118
002476 4
002689 228
002662 49
001060 229
001417 28
000304 105
001169 138
002499 37
001833 146
001272 230
001562 100
002288 231
001126 211
000392 232
000842 19
002720 233
001157 11
000039 55
000943 51
000362 32
000357 139
000092 38
001110 168
002626 87
002286 131
000074 119
000230 12
001746 58
001512 234
000459 130
001496 148
001009 159
002355 235
000083 126
001280 236
001829 51
000273 237
002177 238
001089 72
000693 239
002651 240
000913 4
000447 241
002616 31
002238 242
001049 4
002489 118
001564 44
000603 118
002017 148
001463 38
000730 98
001491 27
001742 243
002247 92
002229 115
002967 4
002822 4
000853 138
000449 68
000213 4
000893 118
002280 244
001488 4
000585 87
001547 245
000725 2
001846 17
002726 136
000857 51
002957 246
002846 139
001545 225
001517 49
000441 132
002297 176
002636 125
001133 28
001839 4
002634 2
000408 247
002740 118
000889 97
001244 17
001383 79
002295 248
002245 6
000973 97
001753 148
002444 249
000286 54
001366 144
000662 185
001116 250
002931 55
001819 251
000750 12
002360 33
001204 229
002806 95
000350 31
002687 238
000915 237
001851 54
002194 158
001489 67
001289 72
001369 165
002818 17
001785 145
001886 252
002503 100
001866 144
002073 28
001304 60
001832 166
000320 253
000516 66
001786 165
000511 118
000801 15
001889 254
002429 6
002106 78
002113 4
001128 68
002038 67
001688 112
001765 7
000356 164
001083 143
000051 16
002052 205
002426 102
000063 176
001707 67
000939 185
001916 255
002318 182
002901 79
002915 142
001585 132
000616 4
002773 256
001156 170
000413 158
001359 133
001938 185
000962 148
002483 126
001845 4
000591 16
002729 31
001660 182
000084 257
000742 125
001798 12
001407 258
001635 17
002150 259
001580 260
000401 4
001205 80
002243 261
000614 44
002246 31
001235 107
001166 138
001201 191
001949 25
000246 25
000223 28
000612 78
002394 22
000375 262
002010 165
001137 263
001260 219
001315 95
001546 236
001261 264
001405 169
001387 160
002206 265
002830 51
001433 27
002941 51
001028 169
001404 13
000968 138
002946 266
001131 118
002365 4
000782 267
000823 6
000606 125
000491 229
000290 92
000465 68
001436 104
000567 107
002598 4
000694 17
001741 268
002837 118
002669 3
001329 176
002527 5
002963 41
001697 136
001670 219
002498 164
001676 212
002129 4
000909 269
000851 270
001946 271
001548 272
001027 3
001044 185
002165 273
002641 274
000555 275
001924 268
000638 276
001348 92
000815 4
002422 277
001062 25
002035 115
002719 11
000916 148
001121 278
001511 27
002440 4
002055 158
002076 138
002809 279
001853 31
000082 280
002104 87
001644 281
000650 158
001792 31
000494 78
001543 212
001943 236
000107 133
002835 4
002494 282
001456 283
002686 16
001560 143
001730 284
002517 285
002953 161
002122 207
001370 107
001015 31
002905 286
002216 4
000169 287
001602 288
000059 14
000464 142
000257 289
001687 17
000342 28
001070 139
001045 290
001653 31
002461 51
000291 291
001955 292
001098 167
001672 293
001010 118
000992 4
001093 4
000589 87
000029 294
002909 51
002333 17
000601 28
002074 295
001478 265
002095 118
001622 296
002501 82
000582 53
000394 297
000710 238
001114 3
000766 4
002582 105
000632 298
002386 67
000689 49
001001 4
002100 118
001100 164
000379 87
002690 299
000998 146
000113 97
001236 224
001158 148
002425 300
002022 63
000301 3
001504 247
002197 296
002181 138
001438 118
001749 301
002871 302
002763 303
000868 304
001032 31
002145 68
001421 305
001611 281
002470 4
000457 185
002124 306
001640 15
002814 12
002680 214
001029 307
000574 31
000877 31
000672 28
000216 27
000129 265
001867 87
000028 28
000529 308
000196 67
002668 23
000793 67
000981 309
002899 238
000974 310
001711 4
001516 14
002316 87
000569 139
001831 6
001505 236
001972 27
000109 55
001182 4
000738 165
002945 311
001183 4
002133 37
000222 133
001312 33
001399 92
000854 312
000205 107
000461 25
000821 81
000489 255
002469 72
000180 51
001993 17
002968 313
002515 41
002742 83
000483 159
000902 314
002633 118
000150 3
001178 315
001569 247
001501 165
000487 316
000641 238
000299 107
000751 259
001994 317
002202 182
000374 303
002000 37
002005 51
001666 310
000508 51
000765 121
000426 318
002694 319
002666 212
002570 275
001756 139
000687 55
002536 14
002572 274
002778 68
000886 4
000032 67
001228 320
001349 321
001393 322
002950 130
002518 14
001301 19
000265 282
000240 323
001403 125
001175 95
000185 12
001193 102
001744 118
002332 4
001544 190
002928 324
000578 78
002192 255
000425 251
000846 158
002544 325
001047 28
000288 20
001318 326
002312 41
000199 327
001278 248
001084 87
002590 14
002952 165
001103 295
000701 165
001684 133
000534 318
000479 161
002843 264
001202 219
000941 4
001758 102
002879 125
001170 328
001827 55
001704 149
001636 27
000917 67
002948 125
001605 100
001820 190
000592 80
002716 78
000098 165
000358 229
001992 182
001124 87
002768 329
002807 148
001748 144
002130 330
000062 331
002188 7
002136 4
001712 4
002325 236
001039 100
002377 332
002667 44
002594 4
001709 229
001757 80
001038 333
001490 334
002707 335
002419 4
002762 67
001338 336
002372 296
000233 337
000681 72
001213 102
002236 143
000312 325
001655 11
002492 112
002881 225
002794 5
002589 185
000512 27
002917 53
000518 338
002723 157
000647 182
000380 146
000690 238
000198 300
001021 114
002810 339
002404 115
000726 87
002545 211
000264 340
001600 23
000664 149
002861 229
002886 20
002368 2
002614 82
000950 125
001344 100
001189 341
000514 7
001500 4
001313 126
002577 160
000017 265
002211 4
001624 25
001913 136
000918 11
002845 342
001639 4
000714 343
002019 296
001822 27
001675 44
001782 12
002876 344
001406 14
001678 115
002187 33
002427 4
000908 171
000929 249
001073 139
000572 33
002002 133
000407 160
000171 318
002363 13
002537 4
002012 121
002639 345
002473 28
000442 12
000982 78
001599 346
001503 158
001781 43
002320 49
000282 4
001656 221
000101 142
002712 23
001973 144
002765 31
000409 97
002153 347
000403 82
000994 87
001880 4
000044 348
002954 51
000140 236
001649 126
000249 14
002604 146
002391 31
002371 4
002994 14
002240 300
001603 125
000771 80
000562 167
001410 43
001724 87
001876 118
000519 102
000012 136
002863 132
001058 349
001457 4
000041 220
000284 115
001188 350
000709 300
001371 169
001118 68
000760 351
001530 352
000206 236
002230 353
002263 354
002688 249
000027 20
001589 310
000816 355
000086 68
002463 125
001508 136
002299 125
001294 356
000080 355
000876 3
000148 165
002259 3
001929 357
001477 68
000528 358
002635 359
001458 236
001773 13
000566 4
001214 164
001088 360
000311 167
002227 41
000382 4
002961 67
002875 17
002405 361
001302 362
000597 363
001086 20
000493 333
000579 364
001162 365
001778 118
002495 31
002543 68
002183 72
002152 119
002558 118
002663 14
001607 2
002097 366
002471 367
002508 63
001425 13
001803 121
002191 22
001209 171
002848 368
002487 207
002186 165
000921 158
001298 369
001968 236
001532 4
001694 11
001207 370
000434 133
002446 19
002484 12
002291 11
001671 51
000983 238
002576 55
001061 95
001729 81
001904 207
001225 182
002645 211
000207 331
002262 278
001770 23
000749 371
002091 225
000949 136
000928 220
001568 260
001594 372
002618 265
001800 138
000021 373
000869 78
002714 374
000122 360
000635 344
000200 37
002643 28
000704 4
001681 126
001673 201
000745 79
001574 31
000037 375
000305 274
001050 339
000522 229
000019 376
000665 12
001380 317
001590 377
001332 138
000047 378
001164 344
001146 149
002013 94
002672 81
002642 58
000486 17
002342 232
002315 136
002900 72
002436 49
000523 379
002709 87
001095 125
002200 102
002923 166
002032 131
002897 380
001199 138
002132 381
002504 27
001198 95
001947 51
002782 81
002382 382
002784 176
001848 383
000505 384
002030 385
002237 4
001224 386
002644 325
000543 20
002732 355
002867 133
000538 355
002086 85
002579 161
001556 118
000753 168
000244 112
002250 95
002540 4
002161 387
002120 296
001960 236
002884 283
001669 13
000289 80
000894 23
002916 377
002045 142
000003 157
002083 146
000568 143
001068 388
000400 67
000181 237
000147 161
000630 17
000761 4
000402 82
000414 232
001105 389
000860 4
000607 67
000173 238
000668 4
002054 138
000228 118
002119 288
000476 115
001513 33
000488 390
002028 14
000643 131
000576 167
002793 53
001970 25
002940 355
001005 224
000204 391
000412 185
000259 392
002803 393
001626 214
000792 394
000531 395
002607 386
002514 6
002430 396
001801 317
002524 100
000966 397
002340 28
000834 20
002960 13
001586 398
000551 274
002279 399
001578 165
001337 136
002693 44
002460 130
000804 3
001727 6
001987 220
002115 400
000388 224
001932 4
001396 126
001390 87
002696 38
002827 132
002384 130
002140 401
002433 55
002677 87
002285 38
002408 402
001352 256
001368 14
000703 403
001297 5
000780 404
000676 44
000422 391
002255 240
002467 118
002632 17
002014 2
000611 294
000038 80
000475 171
002684 405
002151 260
001465 406
001921 331
001885 5
000634 407
000145 55
002718 336
002850 12
002401 307
001844 232
000383 146
001074 317
002989 112
002992 92
001140 83
001809 51
002414 244
002592 4
001151 13
000770 102
000298 33
002588 234
001259 408
001442 66
001134 4
000005 409
002972 341
001840 355
001180 33
001143 169
000102 121
002047 107
001092 408
000610 123
001461 54
001310 121
001155 356
000732 31
001374 115
000735 28
002011 127
000468 410
001381 31
001016 121
001628 306
001080 360
001735 80
001111 33
002077 182
002199 31
002802 49
000671 310
002511 160
001222 82
001606 4
001959 68
001780 4
000757 411
000702 114
000285 105
000116 87
002549 4
002796 335
002700 238
002380 342
001497 37
000266 55
001910 87
000194 22
002317 82
002442 169
000783 334
001127 67
002300 14
000734 54
002977 100
000712 4
000947 355
002044 165
000812 19
000628 185
002828 301
002379 49
000123 237
002458 4
002252 4
002218 391
002628 12
001411 221
001645 97
001621 27
001957 37
000106 245
000182 212
002009 14
000875 278
001256 67
002738 92
001283 4
001378 412
000867 6
001549 7
002849 4
002336 38
000907 161
001415 118
000680 150
002491 413
001154 11
000960 132
002710 55
002745 55
002609 414
002182 236
002852 215
000964 27
002265 80
000272 4
000100 211
000170 329
001692 415
002331 67
001054 416
001328 2
000669 417
000510 418
002349 118
000248 14
000746 67
000700 419
000428 265
001814 13
000154 169
002114 420
002004 22
000011 307
002991 51
000826 100
001364 380
000808 232
000977 421
001775 422
000341 189
002920 4
000830 423
002142 377
002094 424
002411 4
000963 229
001258 167
000844 41
002424 14
000421 144
000499 118
000417 27
000621 87
002174 43
001808 425
000361 68
001014 426
002008 94
001522 41
002410 22
002345 95
000469 232
001539 83
000138 427
002551 12
001466 138
002271 143
000841 169
001699 136
001075 31
001541 92
000692 87
002346 247
001291 428
001492 102
000225 263
002659 323
002376 22
002975 236
001459 429
000996 211
002759 430
001891 431
001658 118
002053 432
000081 16
001176 165
000034 386
001356 23
001064 31
001241 433
002264 391
001616 51
001000 237
001864 27
001971 4
000805 169
000135 434
000325 435
002621 4
000880 95
000914 139
001113 136
002583 68
001408 95
002792 159
001453 4
002847 146
002190 149
001648 436
002416 437
001346 438
000864 14
000024 55
000149 125
001646 439
001892 440
002969 229
001416 441
002170 360
000931 20
002146 31
000280 442
002833 95
000077 377
001358 443
002646 102
002555 444
002640 406
002108 238
002103 4
001732 146
002321 442
000547 22
002063 12
000501 167
002587 3
002096 363
000506 51
002750 445
002281 260
002270 31
002435 13
001737 260
000958 446
002400 155
000166 265
001450 3
000202 433
001796 431
000239 100
001051 160
000986 447
000553 14
002217 31
002454 23
002159 51
001979 159
000990 448
002907 131
001196 2
001281 4
001400 4
000624 19
000049 171
001788 51
002464 391
002983 449
002829 450
002703 168
002573 43
000115 100
001768 38
001379 68
000791 144
002874 25
001935 118
000897 38
001097 451
002328 92
001194 19
000221 81
000515 51
000151 247
001432 212
000716 452
001484 112
002815 168
001129 72
001967 121
001779 11
001096 453
000954 136
000863 454
001747 3
002860 31
002387 455
001898 456
000189 155
001738 4
000924 11
001776 25
002903 334
002213 11
002727 16
001055 457
002701 334
002831 112
001956 20
000269 325
000309 303
002164 51
001942 49
002751 232
001243 126
001925 82
002116 458
001091 58
000822 159
002913 25
000108 55
002350 142
002955 38
001414 112
001257 238
002292 12
001365 80
002761 27
000458 296
001276 27
000759 53
000707 80
002743 307
001295 459
000093 121
000817 356
002872 22
000856 460
000870 4
001026 51
000143 461
002066 31
001483 462
001474 463
000163 4
002344 303
000862 4
002407 431
000617 464
001674 7
001428 17
002134 68
001451 51
001945 329
001810 465
000571 25
000711 27
002248 315
000932 315
000328 82
002926 344
000580 125
001402 448
001579 466
000858 467
001534 81
000926 167
002728 66
001002 219
000952 115
002554 302
000245 92
000322 435
000788 125
000855 315
001807 97
002824 4
001132 165
001452 238
002081 4
002415 165
002842 357
001125 44
000882 468
002882 469
001212 7
001632 60
001817 4
001031 158
002472 13
000885 16
001319 303
002873 356
000520 143
000057 470
001152 160
000845 169
002505 23
001914 185
000772 51
000256 67
001354 247
000236 344
002571 100
001841 136
002665 355
000344 386
000339 33
000697 11
000991 2
001429 471
002329 37
002148 100
000316 36
001976 472
001145 4
001326 473
000208 219
001443 126
002902 100
001067 265
000594 51
001652 2
000657 55
001382 38
001035 438
001554 125
002973 474
002373 475
002001 119
002118 317
000906 133
000797 107
001944 68
000179 17
001007 169
000536 212
001444 4
000609 82
001791 31
000002 13
000336 476
002352 477
002046 478
001641 51
001772 3
001423 23
001197 432
000649 165
000560 37
002497 479
001003 125
001920 318
000188 165
002836 431
000232 418
001311 41
002438 51
001613 82
000775 146
001273 14
000800 7
002215 72
002337 480
001625 331
000756 160
001717 7
002176 23
001250 300
000615 28
002189 164
002671 55
002251 392
001902 312
000387 481
000187 13
001834 14
002854 68
001339 478
001514 132
002877 49
000262 482
001680 483
000905 167
002254 100
000253 315
002253 51
001659 119
000679 28
000075 51
000599 182
001726 28
000317 17
000938 303
001469 360
001455 38
001148 67
001980 87
001307 166
002048 87
002080 7
002037 355
002978 119
002173 43
000636 51
001117 484
001268 79
001286 160
001473 31
002658 318
002034 4
001210 138
002528 165
000744 148
002623 51
000287 19
000956 68
000153 68
002995 4
002168 14
000762 435
000478 72
000985 4
002056 485
001812 390
000263 486
001082 360
000430 25
000250 51
002958 44
002801 11
000020 440
002510 11
002786 431
000659 126
002965 448
002040 422
000807 44
001510 446
002301 102
000922 87
000819 121
002652 27
000343 487
000354 100
000521 488
002866 167
000016 225
003000 489
000843 229
000565 438
002175 143
002982 127
000052 303
002381 155
002068 490
002819 7
002697 5
001595 115
001906 165
000395 212
002087 37
000832 207
000448 127
001324 5
000972 238
002201 386
002521 125
001856 11
000043 20
002777 148
001388 94
002736 87
001384 49
001377 81
002520 491
000431 158
000076 412
001252 201
000639 143
002420 72
001922 492
000156 55
001873 38
001177 260
000353 493
002581 155
002698 66
001372 221
001868 356
002542 51
000695 494
002981 249
000814 115
001498 160
002277 495
001794 66
000120 15
002650 112
001939 82
000159 41
000747 329
000190 496
002339 331
002298 37
000957 27
000852 126
002338 4
002734 133
002565 331
002121 58
001226 119
002314 136
002566 220
001843 126
002158 100
001915 166
000065 429
000850 497
002180 95
002893 201
001802 356
002207 344
000741 78
002753 13
000524 72
000955 3
002675 160
002224 79
001617 315
001215 150
002450 13
002139 20
001419 87
001385 498
002242 201
000887 168
001331 165
000840 32
001239 105
001821 211
002885 44
000588 499
000064 500
000297 44
002235 67
002939 2
001099 119
002721 249
001122 6
001308 201
000678 501
001022 79
001321 502
002798 331
002691 4
000451 6
000811 67
002268 185
002156 429
000443 4
001555 51
000164 11
001563 255
002308 503
001771 433
002591 115
001422 100
002208 335
001761 31
002412 4
001220 2
002409 185
001072 54
002445 504
000133 211
001572 505
002799 55
001609 260
001355 164
000144 142
001163 148
002223 167
002840 118
000303 125
002601 506
002812 312
000381 157
002481 435
000802 72
000315 51
002811 507
000360 391
001537 144
000255 165
002079 395
000847 95
000721 318
001279 232
000920 67
002564 100
000613 31
001018 23
002209 159
001638 87
001691 238
001754 130
000688 155
000008 94
000584 7
001878 49
000117 430
002304 22
001334 33
002795 165
000979 458
001571 413
000961 508
001263 2
000872 417
000079 15
001764 355
002575 25
001389 509
001141 72
000324 4
001683 212
001464 7
000549 510
000925 67
000174 17
000548 4
000736 511
001583 36
002951 207
000437 164
002767 79
002541 432
001690 164
002138 31
002889 31
001248 97
000238 512
002756 2
000748 68
000096 78
002522 7
000046 355
000728 127
002725 146
002007 133
002919 513
000898 247
000953 126
000818 229
000191 82
001752 23
001019 185
001705 126
001940 229
002273 87
001437 4
000763 72
000503 17
002455 7
000586 185
002757 514
002682 138
000424 212
002058 131
002934 515
002171 67
002649 37
002353 155
001267 158
002908 516
002006 355
002769 517
001475 31
001871 15
000540 303
001285 6
000946 518
000575 4
000119 176
000787 429
001227 44
002789 87
000110 519
002477 68
000784 520
001952 408
002578 521
002717 49
001119 15
002258 355
000215 19
000779 55
001551 212
000310 118
001161 4
002533 23
000219 67
000429 303
002622 49
000713 522
002141 130
002284 523
000009 36
002906 31
001662 524
001221 19
002179 31
000596 16
002857 160
001472 133
002296 525
002226 51
000517 12
001588 526
002016 527
002449 38
001663 121
001874 138
001217 169
001806 4
001333 356
000675 522
000820 164
000432 72
002746 127
001069 473
001774 488
000314 2
002303 236
002737 144
000061 528
001963 4
000683 118
001908 236
002766 459
001153 95
000890 51
000945 529
002057 356
001336 164
001862 169
000645 150
001887 530
000527 531
000507 220
001231 169
002927 15
000717 51
002024 380
001842 94
001017 125
001969 54
000055 171
000050 37
000767 80
002475 176
002157 440
000810 532
002071 533
000377 67
000737 534
002580 31
000595 14
000349 142
000094 87
001249 28
002788 20
002883 72
002567 201
002375 44
002509 535
001682 133
002962 473
000136 536
002465 201
000936 4
001715 380
002988 87
000778 44
001135 80
001679 144
001665 37
000708 537
000561 7
000654 25
001271 144
002808 12
000418 67
001879 310
000987 53
002538 4
000131 53
000848 126
001150 168
000025 211
001805 406
001890 538
001528 157
002204 13
002276 325
001023 229
000873 539
001567 142
000226 51
002023 25
001470 498
001462 28
001057 36
002432 236
002670 540
002228 31
000948 22
001909 325
002059 136
000355 118
000068 255
001698 14
000722 136
000146 236
000416 541
001531 95
002949 4
000172 38
000727 4
001896 31
000056 542
000139 377
002244 543
000450 67
001998 67
000989 23
000970 38
000137 417
001897 118
000175 537
001966 160
000386 63
001725 161
002741 17
000445 54
001102 31
002781 17
001828 409
002922 14
001884 127
001290 28
001582 544
000090 409
002451 68
001306 545
002101 2
002049 150
002178 136
001030 212
001330 236
000040 19
001013 546
000944 4
000666 95
002327 16
000453 148
000781 496
002987 547
001149 4
000178 155
002185 92
000337 82
001919 67
002167 433
002979 25
001557 125
002890 536
001601 440
001642 161
000352 548
000625 201
002241 5
002519 549
002478 394
001552 67
002184 68
002561 158
002090 229
000724 169
000699 391
000359 33
002868 7
001322 550
001614 409
002980 92
002563 161
001526 551
000619 355
000466 28
001435 97
002733 66
001420 49
002496 31
001703 67
002128 105
001988 331
000492 4
002869 176
001766 500
002474 138
002459 82
001789 413
002938 132
001482 207
002657 552
001136 7
001936 440
002378 553
001581 356
000480 315
002266 386
000103 315
001479 2
000743 554
002775 4
000054 118
000988 555
002619 315
000069 23
000718 182
001101 92
000334 80
002417 232
001392 66
001240 80
000785 119
001174 12
001159 87
001316 315
001138 13
000128 556
001584 429
001975 27
001262 212
002695 87
001107 229
000951 14
002123 126
001130 20
002898 431
001559 51
000462 38
000640 67
000758 2
002637 557
000930 219
000231 54
001320 155
000556 171
000544 409
002547 31
002488 221
002399 126
002486 4
000099 144
001431 431
001251 157
001888 68
001900 136
001006 355
001471 377
002061 558
002310 559
000295 247
002402 459
002674 176
002790 4
002354 127
000160 31
001237 55
000651 102
000910 100
002816 13
002620 143
001558 489
000321 4
000015 51
000976 265
002456 560
001447 7
000463 212
002944 143
001693 225
001720 136
000644 512
000620 317
000652 136
000254 201
001882 144
000874 31
000467 51
000754 82
002611 561
000942 72
000883 144
000292 118
000234 238
002943 356
001305 4
001767 562
001519 25
002272 150
002841 148
002098 51
002418 2
002026 470
001486 66
001242 95
000535 225
000526 31
001426 380
001081 238
002685 28
000590 159
000674 563
002678 3
002155 11
001347 407
001376 171
000836 440
000252 164
000667 55
002210 438
001872 32
000391 329
001468 127
002548 300
001363 22
000795 68
001985 67
001934 148
002105 529
000682 97
001206 55
001078 4
002895 169
002395 564
000152 532
001525 55
002771 139
000828 225
001255 81
000525 438
001266 31
002070 100
000406 565
000258 7
002838 66
002437 114
000186 158
002092 36
000474 54
000813 150
002389 33
001167 79
000365 25
002936 14
001859 27
001351 237
002364 51
000330 566
000513 7
000663 567
000346 529
001604 27
000833 377
000684 303
002629 143
001677 380
002947 51
000773 6
000067 496
001951 360
002706 169
001716 164
002421 37
000235 2
000646 4
002466 568
002348 136
001667 247
001823 497
002078 136
001139 67
000542 440
001314 569
002896 570
000201 571
001964 112
001296 5
002362 572
000307 79
001309 356
000130 229
000396 112
002864 55
001930 318
000327 81
000192 573
000723 11
001855 78
000308 574
001065 32
001398 107
000496 169
000385 221
000583 138
000398 127
002933 485
001630 164
000162 44
001335 139
002724 4
001104 23
000937 532
001040 355
001367 182
001275 82
002749 49
001927 51
001950 201
002069 63
000570 127
001160 377
001561 225
001592 225
001881 310
002530 38
002082 575
000048 49
000030 576
001596 356
001926 118
000502 148
001847 7
002502 100
002755 6
001186 38
001269 112
002559 100
001857 148
001863 102
001795 25
002648 82
002550 158
000433 17
002302 315
000997 577
002855 310
002791 95
000367 578
001077 579
001079 212
000261 303
002347 478
000557 23
002067 2
000573 114
002912 4
002274 532
000600 4
002661 165
002042 23
000420 55
002137 81
001303 580
001247 105
001233 356
001449 107
002267 532
002356 17
002205 144
001813 17
002220 78
001467 6
000276 238
000706 144
002335 2
000454 229
000114 488
000072 92
002029 31
002131 169
002935 581
002064 136
001826 55
002584 36
002290 67
000919 102
000452 44
002624 164
002453 247
001515 4
002393 7
001566 582
000740 55
002413 315
001654 105
000105 14
001858 583
002821 168
002887 55
002722 13
000242 4
002479 169
001989 584
001570 25
001620 585
000097 102
002516 2
001191 150
000085 4
001719 249
000010 25
000879 13
001340 158
000774 586
001386 587
000277 136
001409 532
001593 315
001373 12
000089 44
000091 161
000281 112
001907 36
001485 5
001824 67
001325 68
001427 303
000993 315
000366 67
002072 146
000677 31
002027 167
000999 265
001190 68
002359 238
001760 4
002289 167
001343 27
000095 310
001287 201
002147 49
000168 238
000497 144
001750 429
002324 440
000715 211
001540 4
000332 355
000220 160
002482 14
002937 168
002772 588
002535 125
001538 589
000532 41
001865 55
002797 118
002309 229
001981 164
000306 155
001650 529
000197 114
001165 7
001619 142
001147 130
000495 329
000111 229
001109 161
001270 49
002562 518
000370 590
000794 51
000927 13
002322 148
001816 17
000397 49
001179 4
001216 81
000798 591
001299 4
001063 157
000419 105
000376 105
002512 229
000471 534
001542 87
002608 4
002351 169
002631 559
002990 6
001762 310
000799 176
002060 315
001487 592
000539 4
002676 11
002330 20
000984 127
000481 168
001480 55
000224 7
000673 485
001394 94
002985 300
000995 7
000581 92
001046 6
000078 380
002596 118
002996 593
001759 594
000827 4
000126 595
001253 100
001961 53
002770 255
001597 185
000577 596
001576 38
000622 37
000768 597
001230 118
001341 138
000660 67
002853 478
002888 504
001518 13
002758 68
002974 4
002785 542
000260 300
000283 126
002683 513
001615 4
001185 391
001974 169
002523 598
000456 7
002369 529
000435 587
000300 593
001763 54
002485 125
002865 3
001933 238
000439 164
002374 532
002025 87
002452 148
002613 2
001627 599
000293 600
001838 100
000279 4
000656 14
001059 495
000733 143
000554 164
002143 11
002914 207
001901 500
002294 11
001192 23
001527 112
001996 601
001357 14
001695 11
000776 168
000427 14
001787 28
001187 67
002198 11
002275 118
000866 602
001710 440
001793 20
001246 431
000901 355
002748 176
001529 229
000602 603
001292 100
000218 4
002269 138
000214 7
000036 182
002443 144
000368 136
000013 598
000477 555
001721 247
002283 28
002744 438
001085 133
002904 604
001633 4
000014 138
002112 207
002783 155
001024 605
000965 121
000608 146
002062 247
000436 119
000018 49
002813 100
001783 58
001804 7
002397 598
002256 130
001115 51
002390 229
001954 16
000345 598
002844 481
002600 82
002647 14
001718 95
000033 138
000373 127
000658 80
002221 606
001087 386
002457 27
002929 149
002249 25
001317 148
000861 247
001608 23
000045 238
001535 143
002878 54
002971 219
000490 158
000504 511
002261 607
000134 136
002109 63
000691 608
002075 150
002149 609
000975 118
002999 167
000777 28
000789 3
002569 7
000364 610
002358 68
000796 143
001937 44
001629 512
001277 95
002593 28
000940 4
001506 611
002490 4
000648 14
001004 612
002525 2
002111 87
001173 126
000484 360
001811 51
000053 613
000243 532
002084 488
001986 329
001203 148
000739 17
002169 182
001300 138
001020 614
002093 211
000837 67
002125 377
001745 118
000369 4
000268 25
000729 126
002493 6
002552 553
001520 3
001034 55
001713 615
002334 221
000296 138
001849 131
000626 4
000278 82
000498 4
000485 265
001521 504
000183 182
000971 31
001852 232
002225 5
000685 176
001769 616
002976 219
002085 28
001181 409
002051 2
000755 17
000509 617
002546 68
002357 229
001982 168
001439 4
001446 618
000142 121
000865 164
002232 17
002323 586
001011 2
000849 68
002560 559
002780 143
001995 6
000888 31
000118 150
002162 168
000546 355
001790 12
002214 155
001977 344
002233 550
001984 159
001397 38
000275 619
000705 157
001025 620
001591 4
001565 211
001743 296
000384 536
001430 102
002610 27
002911 55
001830 201
000177 136
001360 17
002428 229
002568 211
000831 114
002556 68
001643 12
002462 621
001634 55
000623 132
002921 12
000859 229
000642 622
002307 537
000835 126
002711 211
001499 513
000338 2
002447 130
001448 236
002654 22
001965 41
001685 237
002529 623
001144 624
002966 17
001706 236
002924 315
001739 303
002708 255
000790 542
002305 165
000969 255
001668 31
001689 625
001899 4
