0 1.380446195602417
001292 1
000596 2
000237 3
002825 4
001291 5
001400 6
002517 7
000672 8
000333 9
002888 10
001436 11
002500 12
001396 13
001029 14
002146 6
000231 15
001802 16
002711 17
000143 18
002040 19
002945 20
002403 21
002492 22
001764 23
000982 24
001012 25
002698 26
001081 27
000172 28
000558 29
001227 30
002592 6
000339 31
002855 32
002320 33
001158 21
000650 34
000314 35
002732 23
002383 36
000550 37
001191 38
000632 39
000153 40
002129 41
000111 42
002938 43
002894 9
000730 44
001597 45
001872 46
002399 13
001103 47
001468 6
001410 48
002460 49
000108 50
000481 8
002902 1
001078 6
001564 51
001480 52
002019 53
002043 3
002672 54
001216 54
001369 55
001406 56
002617 57
001140 58
000528 59
002033 60
000266 50
002131 61
002300 62
002431 63
002695 12
002992 60
001853 64
000348 65
001487 66
000832 67
000241 68
002692 69
000356 70
000905 71
000521 72
001137 73
001734 74
001573 56
002110 1
002235 75
001738 41
001620 76
002703 8
002706 61
001051 77
000064 78
002954 79
000737 80
000867 81
002633 23
000577 68
002665 23
001849 82
001177 53
001314 83
000994 12
002137 54
000271 84
000369 41
000099 85
000597 86
002537 41
000016 87
001115 79
001882 88
002122 89
001333 16
000291 90
000789 91
002873 54
001888 40
001212 92
002002 93
001569 94
002115 95
000957 56
001108 34
000557 96
001753 21
002511 47
002494 97
000489 98
001326 99
001615 41
001428 100
001448 101
002531 102
000144 103
000524 3
001026 79
000530 104
001112 96
002737 85
000219 75
000612 24
002823 105
000740 50
000858 106
002374 107
001129 108
000123 109
001807 110
002375 30
001515 41
001203 21
002417 111
000281 22
001294 54
002748 112
002754 113
001873 51
002483 13
000600 41
000817 16
001557 60
002310 114
000782 115
002813 1
000717 79
001798 21
002578 116
001679 117
002486 6
002485 118
000113 110
000158 119
000495 120
002865 91
000682 110
000260 121
001249 35
002871 122
001805 123
001720 124
001988 125
002117 54
002401 14
002866 126
001090 82
002675 77
001355 6
000929 127
001195 26
002387 128
000028 8
002629 129
002721 130
001463 28
002133 127
000825 131
001276 56
000628 132
000069 133
001993 100
001013 134
002606 135
000516 26
001981 70
002204 136
001486 26
000102 93
001390 12
001495 35
002183 3
002101 35
001306 137
000500 79
000080 23
001736 21
000766 41
001654 131
002526 138
002333 100
002324 139
002767 140
002513 141
001509 135
002539 142
000342 8
001443 13
001577 93
002747 143
002845 144
001073 145
001688 22
002830 79
001847 92
000159 146
000055 87
002831 22
000063 112
000313 147
000959 43
000205 148
000132 149
002536 56
001984 69
002326 79
000337 135
000085 6
002465 150
000242 6
000791 85
001394 151
002026 152
001425 58
001467 81
001497 127
000077 153
002851 31
000094 154
001709 42
002708 155
000138 156
000843 42
002872 157
002412 6
002789 158
001821 17
001490 159
001345 131
002739 107
001062 160
001488 6
001860 161
001891 162
002013 151
000759 163
001149 41
001578 55
002712 37
000073 54
000228 23
002440 41
001493 164
002488 165
001007 61
000809 166
002506 155
001940 167
000130 167
000983 27
001102 6
000664 168
002505 37
001057 55
002305 55
001354 26
000222 93
002149 14
000693 169
002162 56
001461 15
000586 45
002937 8
000956 170
002838 26
000745 171
000733 129
000476 172
002870 85
000735 8
000005 173
000962 21
000660 75
002138 107
000070 25
001836 96
000921 34
002145 40
002859 29
001933 27
002094 174
002005 79
002263 175
000049 87
000254 150
000503 100
002849 6
000083 13
000734 15
002595 75
000061 176
000024 50
001634 50
000506 79
000522 42
000827 41
000970 28
002329 127
000924 177
001269 22
002781 100
002875 100
001600 96
001464 92
002551 21
002192 178
002489 23
001731 3
000585 179
001248 110
002166 26
002372 53
000477 180
002274 107
000799 112
000318 1
000469 60
000402 135
002946 181
001175 182
000104 55
000512 56
002575 160
001687 100
000997 183
001774 72
001482 67
001347 184
001592 185
001689 186
000620 187
002393 92
000185 21
000457 45
001831 81
002613 188
002582 131
001160 189
002051 35
000945 190
002939 168
001266 191
000103 55
000468 192
002278 142
001607 35
001322 193
001781 48
000131 105
002063 21
000828 87
001496 21
000587 194
001806 41
001627 195
002784 196
001692 197
000531 198
000264 199
002456 200
000777 8
001867 12
000141 79
000552 100
001730 201
001717 92
002191 157
001746 25
000787 87
002993 93
000763 3
000473 9
001920 202
001284 3
002410 157
001662 203
001004 204
002262 112
001209 87
000653 89
001614 12
001710 85
000785 109
002929 168
002815 8
000995 92
002025 154
000898 26
001647 126
000581 9
001551 10
002281 205
001819 34
002344 206
002953 1
001349 207
001776 208
002630 64
001941 58
000538 23
002436 33
000096 209
002959 210
000464 103
002014 168
001382 28
001156 211
000220 47
001747 91
002585 29
002546 40
000770 212
002907 82
001828 12
001727 81
002168 56
000329 213
002366 182
002037 23
000112 26
002529 214
000967 24
000432 3
002288 215
000149 60
000908 87
000261 206
000376 131
002520 216
000019 217
002969 42
002988 12
002663 218
001998 75
000274 146
002626 12
001128 40
001642 1
002139 57
001432 10
001237 50
002066 219
002125 189
001883 48
000269 220
001939 135
001650 12
001611 221
002962 99
001117 222
002000 127
001079 10
000364 223
002064 124
001711 41
000034 34
001726 8
002173 48
001537 117
001659 109
001305 41
001698 56
001735 224
001417 8
000279 6
001795 160
000935 100
001572 225
000363 172
001961 105
002568 226
001440 227
001424 23
002847 55
002395 228
002099 229
001565 17
000708 199
000386 230
002229 172
002024 231
002175 129
002400 172
002328 9
002075 232
000987 105
001678 172
000659 13
001568 205
000856 233
002118 187
001991 234
002213 235
002893 150
000527 236
001956 57
002077 70
001750 217
001596 16
002837 237
001904 67
000287 164
001835 21
000268 160
001874 142
002793 105
002425 121
001506 238
001788 79
000644 239
000647 70
002319 30
002342 111
002577 77
002165 240
002614 135
002768 241
001996 242
001919 75
000210 22
001264 243
002930 244
001331 55
000622 127
001265 41
002086 245
002116 246
000564 50
001966 77
000200 127
001437 41
000015 79
000209 232
002726 124
000834 57
001098 126
002337 247
000692 154
000684 206
002477 40
001119 248
000582 105
001721 249
002525 35
000120 250
002176 96
002227 146
001606 6
000295 26
002258 23
002985 70
002237 41
001449 251
001190 40
000009 55
000311 126
002370 41
001165 92
000478 3
001729 54
001066 252
002382 253
000505 254
002141 178
000355 23
001256 75
000038 224
001704 168
002790 6
002593 8
001748 117
001749 199
001258 126
002574 85
001146 255
002819 92
000941 6
002915 103
000640 75
001093 41
001070 145
001126 17
000656 56
002690 256
002354 257
000419 131
001231 258
001143 61
001172 179
002474 55
002224 259
002664 58
002089 79
002228 64
002661 260
002481 51
001719 127
000203 6
002679 6
000811 75
002981 127
002480 29
002631 114
000370 261
000195 41
002610 56
000502 21
001584 217
002484 21
000887 142
001768 28
002688 127
002702 27
000298 262
002058 82
002246 107
001107 263
002919 181
002041 138
002874 160
002475 112
000233 264
000930 265
002918 266
001147 178
002275 23
002567 28
002913 160
002579 1
001167 107
001978 81
002047 148
000643 82
002038 75
002911 50
002885 30
000736 267
000685 112
001591 41
001295 268
001715 231
001670 269
002004 157
002955 51
000808 111
001626 217
000991 35
000985 41
002668 37
000361 40
000330 270
001778 23
001476 50
000598 142
001700 64
002608 41
002496 219
001635 100
002549 6
002603 172
001042 271
002968 272
000109 50
002010 55
001544 161
001416 273
001232 146
000128 274
002434 107
002186 55
001552 75
001395 245
000616 6
002418 35
000661 1
000365 160
000965 93
000701 16
002416 275
002509 276
001368 56
000591 277
000504 267
000623 43
001325 40
002844 107
000157 150
002773 79
002749 33
002979 160
001005 278
000840 279
001399 9
001527 22
001420 33
002612 51
002912 41
000007 280
000869 24
002119 135
002109 281
000602 282
001289 3
002042 37
000595 56
001323 29
002571 1
002398 64
000892 283
000835 13
002364 79
000837 75
000739 100
001562 1
002462 284
002082 285
002081 6
001862 61
000774 286
002744 287
001096 288
000630 100
001559 79
001315 85
000216 56
001856 235
001556 237
002053 289
000292 23
002001 109
001530 290
002681 291
001902 255
000227 292
000542 85
000857 79
002090 42
001633 41
002522 92
000217 93
000720 293
000830 294
001977 24
001638 121
002242 28
000174 100
002927 295
001257 27
002135 25
002507 296
001293 103
002933 297
000322 28
000324 6
000270 160
001206 50
002285 51
000754 135
001159 121
000427 56
000004 35
002642 25
002006 23
002501 135
001471 153
000565 287
001517 33
000357 92
001999 298
000955 91
002381 172
001316 55
002421 299
002563 1
001925 135
002350 103
001197 289
000474 15
000247 96
000201 300
002883 3
002752 237
002203 58
000181 109
001668 107
000350 64
000875 153
001273 56
001618 301
000847 182
002007 93
001864 56
002479 61
001742 302
001358 303
002069 281
001757 224
000345 268
001383 140
001740 45
000731 100
002924 55
001763 304
000588 305
001380 187
000862 6
000177 124
000455 92
000373 257
002564 1
001105 306
002598 41
002148 147
002541 178
000961 307
001811 79
002775 6
000601 8
000317 100
002699 308
000783 159
001869 267
001843 13
001268 140
001348 9
000593 224
001262 10
002349 237
001344 1
002956 136
002922 56
002039 54
002743 14
000915 109
000283 13
000186 34
000453 21
001037 309
002622 33
001501 55
002307 199
001745 237
001477 40
002359 27
002504 56
000696 92
001168 310
002766 268
002365 6
000849 40
002323 286
001765 92
001936 85
001771 289
000548 6
001188 311
002114 312
001817 6
000607 75
000973 110
002674 112
001820 161
000814 313
001733 218
001303 314
000796 129
002487 89
001088 315
002247 9
002778 9
000511 166
002367 218
002982 257
001640 250
000288 57
000076 316
001023 42
001661 30
000100 17
000750 21
002396 1
001353 317
000306 172
000316 55
001793 57
000072 9
000309 206
002926 24
002560 114
001032 107
002296 318
001401 178
001313 13
001405 258
002899 27
000678 319
000826 1
000666 182
000335 55
000124 41
002449 28
001240 224
001267 34
001985 75
000366 75
000285 131
001381 64
000488 67
002787 6
001582 320
001871 250
000134 124
002756 168
001460 129
000958 155
002197 205
002841 21
002596 23
001967 93
001684 93
001895 92
002742 58
002550 34
002852 155
000037 99
000954 124
000118 232
002452 21
000392 111
001301 164
001135 224
002277 321
001124 12
000599 322
000492 6
000615 8
002801 323
000918 323
001478 53
000788 118
001716 6
001896 107
002439 55
001545 87
001224 324
001913 124
001854 325
000756 77
000841 61
000273 109
000572 31
002682 142
001230 23
001357 218
002251 326
000167 60
001909 220
001278 29
002691 327
001491 56
002272 232
002111 121
000540 206
001824 75
001162 328
001438 237
002084 72
001816 100
001064 64
001550 168
001690 6
001865 50
000910 147
001714 329
000062 330
000800 235
000780 8
001414 22
000689 33
002314 124
002463 60
002895 61
002521 118
001236 278
002380 331
002905 332
001707 75
001812 67
000579 333
000778 30
000293 334
000460 112
000035 58
002573 48
000543 57
001901 335
000998 55
000257 336
000371 268
000081 277
002420 337
000497 85
000729 13
001022 338
001641 79
000446 33
001696 41
002723 339
002659 153
001777 30
000517 21
001520 91
002994 218
001009 69
002177 27
000433 160
000276 27
001047 8
001724 154
000282 41
001885 29
001541 9
000646 41
001893 22
002161 340
002591 313
002220 24
001178 55
000039 50
000336 341
001125 30
000541 265
000943 79
000383 280
002384 178
000885 277
000240 153
002448 28
001675 30
001489 75
001388 151
001929 22
002725 280
002209 69
001163 21
002896 302
001288 111
001377 54
000243 219
002361 205
000569 342
002190 168
000218 41
000649 55
001937 30
002222 56
001299 41
002806 85
000757 343
000146 255
000289 224
002760 77
000560 127
000059 218
001625 330
001930 202
000221 54
000232 58
000926 126
003000 344
000147 1
001131 23
002357 42
000084 345
002185 9
001671 126
000244 22
000771 224
001077 346
001255 54
002476 41
001238 109
000182 93
000795 40
001182 41
001752 37
000576 126
001456 297
001458 347
001132 16
001946 348
002635 349
002394 157
002558 23
000304 131
001797 142
001261 217
001161 6
002556 40
000786 164
001818 70
000212 50
001282 350
001973 85
001952 351
002335 168
002502 147
001318 352
001455 28
000571 160
000465 40
001758 31
002810 353
002616 107
001421 354
002524 1
000117 355
000461 160
002451 40
000621 12
001528 356
002020 75
001270 33
000978 91
002221 357
001694 235
000712 41
000405 75
000430 160
001631 358
002694 359
000518 360
000769 6
002730 33
000046 23
001792 107
000467 79
001796 109
002347 361
002210 287
001655 235
000810 211
000690 27
001637 100
000758 35
001982 8
001446 362
000753 8
002261 363
000307 338
000482 56
000162 51
001254 338
000923 79
002917 105
000852 13
000449 323
002826 239
000652 124
001186 28
002248 55
002317 135
001989 364
001075 219
002995 6
001201 268
000609 135
002594 41
001309 70
000912 142
001581 16
001243 13
001055 365
002975 255
000040 164
000031 146
002590 218
002297 112
000732 257
002052 68
001931 34
002298 127
002250 85
002153 366
000388 278
002200 31
001067 205
002532 225
000377 75
001673 28
000249 56
002325 255
002833 85
002031 40
000044 367
001702 219
000456 92
002132 368
002719 323
001813 100
002055 34
000415 107
002073 8
001979 69
002223 126
000115 1
001080 315
001801 187
002255 69
002065 140
001848 369
002343 189
002700 27
002134 40
002750 370
000170 241
000749 371
002796 372
001441 329
000523 373
002605 278
001657 172
000713 374
001221 164
000917 75
000804 91
002011 257
000525 287
001965 146
000722 124
001866 117
000977 375
000746 75
001987 22
000471 376
000338 35
000567 148
001855 356
002619 55
001878 33
002280 377
002299 118
001024 378
002127 92
002792 69
000626 6
001605 1
000053 379
002740 23
002353 268
000196 75
000645 232
000066 25
001810 380
002910 157
000424 93
000399 381
000784 382
001887 383
000284 172
002714 384
001360 100
001253 1
002552 385
002618 205
001063 339
001686 168
001769 386
002253 79
002059 124
000904 56
002970 387
001142 109
002218 51
002812 255
001452 27
001772 91
001251 339
002680 217
000553 218
000829 60
000198 121
002023 160
002469 3
002036 388
001144 389
002686 277
002478 60
001166 142
001027 91
002249 160
002644 220
000603 23
000387 107
002799 50
002861 42
001336 6
002653 390
000805 61
000953 13
000493 391
000697 40
002032 82
002771 92
002832 392
000166 205
002646 212
001370 148
001576 28
000485 205
001744 23
002584 55
001423 96
000155 79
002358 40
000592 224
002142 153
001756 92
000379 12
001028 61
002828 199
002339 393
002689 394
000067 395
000119 112
000003 339
001518 396
002239 60
002113 6
002814 21
000412 45
002974 41
002252 41
000838 140
000250 126
002271 35
001505 255
000533 159
001976 397
000272 6
000344 34
000278 135
000466 8
001330 347
000574 64
000280 398
000368 124
000023 323
000760 399
002976 265
000836 85
000086 40
000845 61
001903 218
001975 56
002652 56
001538 400
001016 93
002856 339
001141 3
002231 323
001951 315
000353 401
002405 402
002923 388
000008 151
001522 146
002829 403
001560 8
002120 220
002234 257
002627 54
002717 33
000236 24
001651 131
001145 41
002611 404
000950 60
002304 157
002056 297
000539 6
001069 99
002701 159
002557 291
002497 17
001339 361
001639 41
002906 405
002705 109
002535 118
000764 338
001109 1
001247 131
001723 406
000202 111
000872 127
002404 172
002107 6
001554 60
001222 135
000976 205
000889 110
000952 313
002545 17
001153 182
002898 109
001949 160
000633 301
002645 17
002736 147
002746 257
000886 6
001099 72
002049 232
000142 93
001799 154
000816 23
001091 25
000082 407
000156 50
001041 376
002243 28
002003 258
002450 58
002150 408
002798 330
000184 148
000611 409
000618 22
000881 410
002219 411
001229 96
001986 241
000319 41
002169 70
000161 13
001636 56
000362 279
001076 412
001889 413
000095 56
002776 182
002921 21
001280 56
000334 224
002581 172
000459 178
002163 414
002709 12
002095 23
001321 415
000509 416
002181 142
000448 257
000447 417
000975 23
000779 50
001045 232
002544 220
002931 50
000347 6
000127 31
002091 87
000340 17
002021 145
001089 337
001465 237
001019 45
001470 418
000974 56
001039 1
002230 419
002466 420
000551 421
001052 40
000375 393
001851 15
000484 315
000888 64
000401 6
000263 422
002602 58
001783 25
000992 41
001773 136
000821 54
000472 126
002385 6
000944 41
000451 81
001643 21
002445 10
002632 100
001877 212
002044 55
001312 31
001531 182
001439 41
000394 423
002862 8
002881 87
001767 424
000676 30
000824 425
002977 1
001513 31
002027 126
001508 124
001703 75
000302 426
001151 58
002467 237
001630 70
002950 178
000480 55
001610 118
000561 92
002245 81
001761 219
002848 427
000773 81
002363 136
002157 85
001343 56
002621 41
002289 126
000842 164
001785 325
002685 8
001297 301
001210 218
002016 428
002731 23
002493 81
002415 55
000718 70
000041 22
002877 33
002160 6
000012 124
000663 429
002990 81
001015 64
001959 40
000584 92
002454 37
001960 347
002241 29
002199 405
002427 327
000359 31
002660 79
001870 430
000853 142
000105 218
000235 431
000695 432
000194 157
001561 87
000617 433
001879 56
001049 327
001056 178
001916 178
001157 323
000514 92
001595 313
000634 434
000385 435
001543 10
002604 280
000850 436
002295 29
000714 437
001542 258
002718 153
002311 75
001583 55
000090 12
002035 313
001837 23
000308 14
001311 146
002009 218
001935 91
001171 55
001363 157
000743 438
001590 153
000922 121
000211 439
002916 153
000384 70
000691 440
000709 147
000403 135
000702 178
002377 441
000999 205
002085 8
000544 12
001208 25
000404 136
002667 30
001083 129
002225 29
001945 241
000442 21
001524 342
002991 79
002196 442
002308 443
001934 21
001533 15
000559 75
000861 26
001134 41
001502 224
002824 6
001947 79
000087 277
000546 23
002785 26
000463 10
002512 42
000815 327
000854 255
002050 250
002158 147
001665 127
001006 23
000234 27
000395 10
001603 118
000189 172
002070 1
000614 30
000437 70
000164 323
001844 111
001219 151
001200 444
000820 327
001547 445
000515 79
000776 8
001469 103
002045 103
001963 327
000487 446
002625 231
000793 75
002508 138
000583 142
000578 24
001412 16
000748 40
001850 48
002206 205
001787 8
000566 41
002301 31
001838 121
002763 206
000580 118
002903 159
001290 8
001593 55
000803 356
000259 326
000458 205
000725 35
000116 12
002151 53
001104 96
002772 447
001842 151
001298 448
002345 182
000547 157
001755 40
002226 79
000418 75
000047 449
000310 23
000878 41
000721 202
002332 41
001525 50
002447 178
001728 277
000947 23
001808 450
002908 451
002901 140
000150 91
001213 31
000408 26
001340 34
002423 55
002607 324
000806 55
001454 3
000846 324
000625 452
002868 92
001880 41
002600 135
000193 56
000331 219
000122 315
002864 50
001384 33
000312 220
001082 315
002184 40
001043 212
000741 356
000883 85
002390 42
002647 218
001404 136
001858 453
001942 33
002498 70
000018 33
000354 147
000258 92
001263 35
000863 302
002468 250
002734 93
001529 42
000060 454
001612 172
001994 187
002623 79
001095 118
000519 212
000422 51
001570 160
000860 41
000013 268
001829 79
000372 23
000389 8
002470 41
000420 50
001494 313
001712 6
001800 142
002965 160
001567 103
002123 13
002046 361
000938 206
000494 356
002762 75
002839 1
000638 455
000428 205
002290 75
001308 452
002820 219
000305 421
002428 42
000909 456
000409 110
000716 457
000981 458
001442 26
000920 75
001307 388
000088 105
002533 96
001649 13
000513 92
000110 178
000680 232
002017 21
001725 1
002379 33
001894 459
001827 50
000398 219
001274 124
002967 41
002753 58
002172 323
000662 45
001185 30
002194 34
000797 148
002140 460
002878 15
001695 323
000738 280
002729 219
002836 109
001782 21
001462 8
002963 146
001453 327
002461 79
001926 23
000679 8
002949 6
001558 344
000822 69
001857 21
000042 237
002650 22
000213 41
000772 79
000323 218
002336 28
002376 157
000931 57
000979 461
000303 60
001992 70
001260 265
000092 28
001044 45
001365 224
001207 462
001622 53
000022 92
002889 219
000949 124
001106 205
002205 85
002426 212
000423 375
002126 160
000175 199
001287 150
000208 265
000499 237
002188 92
000071 81
002850 21
000635 24
002561 34
002887 50
002782 54
000021 463
001685 109
000925 75
001038 391
000613 219
001310 286
001356 37
000045 27
002759 355
002897 231
002707 372
002106 24
001971 6
000129 53
002530 28
001427 464
001621 56
000239 1
002327 147
002609 465
001604 466
001917 117
001743 205
001097 467
000665 21
000454 42
002777 21
002330 57
000687 50
001020 468
001003 118
001846 100
001516 218
000520 129
002392 75
000178 172
001918 31
001250 121
000204 51
002900 337
001337 124
001366 85
002980 9
001130 57
001713 296
000290 9
000048 33
000160 219
001521 10
002733 26
002651 69
002783 172
000933 124
001196 469
001018 96
001924 470
000068 471
001387 77
001133 8
002693 30
001059 321
002080 92
001598 472
001415 237
002360 31
002867 93
002464 51
000406 473
001304 205
000286 15
000707 224
000946 287
002909 79
001697 124
002096 118
001184 164
002321 398
002794 301
001154 323
002419 327
002313 335
002356 160
000667 50
000252 327
002195 54
001546 255
002510 323
000700 474
001285 81
001693 87
000604 475
000986 476
002755 414
000906 93
001669 136
002947 79
000526 219
001194 157
002232 100
002678 91
000545 64
001914 45
002957 477
002817 182
001834 218
002279 478
001908 479
002751 111
001653 107
002757 480
000706 117
001225 70
000673 297
000762 28
000378 25
002860 219
001852 111
001683 93
001372 435
000744 21
001068 481
002802 33
001861 431
002270 64
000654 160
002268 168
001826 50
002373 482
000868 483
002316 258
000848 13
002015 484
002028 56
001092 430
002971 485
002964 40
001444 327
002174 48
000139 189
001619 103
000326 31
000341 258
000554 70
001040 23
001183 41
002437 486
002797 237
000238 487
002519 488
002528 55
001279 111
001084 12
000648 218
001897 237
000253 55
001732 55
002935 489
000328 135
001434 33
001972 56
001539 58
001000 109
001418 91
002518 218
001164 24
000728 140
002932 490
001574 257
002941 79
002999 126
001928 55
000183 70
002067 168
001035 287
000790 26
000358 42
000942 3
000173 27
002720 168
000594 79
000470 64
002805 491
002362 268
002840 23
002435 136
001648 492
002722 58
000165 160
001485 29
002677 12
000251 35
001085 93
002657 493
000400 75
000802 494
001969 15
002572 421
002553 151
000029 409
000642 495
000927 58
002998 496
001061 182
000452 51
001957 127
002334 435
001932 41
001825 61
002414 377
000380 280
000536 10
001762 56
001575 327
001841 124
000352 497
000294 1
002391 64
001169 142
001116 498
002346 26
002072 280
002543 40
002458 41
000091 1
000960 499
000001 75
001646 500
000683 237
000382 41
002637 501
002523 268
001492 212
002178 124
001252 150
000627 502
000916 21
000705 339
002315 124
000619 23
001645 110
001510 155
001422 1
000320 435
000224 92
000214 92
000573 503
000078 231
002892 237
001413 1
000440 504
002217 107
000343 505
001033 255
002944 35
002676 323
001859 56
000491 42
002472 136
002628 21
000932 55
001921 330
000686 506
002727 277
000255 507
002639 508
002207 24
001875 15
002943 16
001223 37
000296 142
000710 27
002060 55
000641 27
001868 70
001334 31
002216 6
001737 53
001839 6
002008 151
002264 51
002312 146
002649 127
001352 79
001511 218
001602 135
000190 395
002424 218
001373 21
001296 29
000556 87
002713 377
001111 31
001189 114
001892 85
001121 112
000698 418
001218 56
001886 386
000988 470
000327 54
002960 136
001180 31
001708 79
001555 79
002155 323
000668 6
000874 64
000057 407
001054 509
001503 34
002858 21
000017 205
001435 110
002254 1
002124 43
000135 510
000002 136
000438 41
002827 499
002459 135
002809 511
002687 27
001346 287
000568 129
001192 37
002846 92
001087 324
000426 202
001114 91
002804 435
002745 50
001181 12
001466 142
001699 124
001536 257
001008 512
002987 513
001155 16
002978 109
002879 111
002433 50
000871 514
001498 77
001138 136
000866 515
000768 516
001954 147
001205 224
000180 79
002835 327
001122 81
001779 323
001962 33
002770 178
000864 218
002769 517
001617 55
000346 12
002368 168
001275 135
001320 172
000051 277
000969 178
000121 405
001317 21
002914 67
001968 255
001393 518
001217 61
000844 146
002284 511
001286 77
001995 414
000479 1
002658 202
001571 68
000075 79
001211 129
000575 327
001457 6
001804 92
001036 466
001790 21
001876 237
000964 218
000655 8
001021 503
002293 127
001234 219
001204 42
000902 218
000441 499
000984 257
001881 56
000206 430
002105 12
001409 64
000501 126
002062 26
000532 146
000742 111
002788 57
002673 81
001335 145
000590 69
002286 82
001905 48
001451 79
001174 21
000606 60
002882 519
000176 355
001214 70
001784 148
001481 30
002340 8
000413 34
001391 55
001342 235
002078 124
002890 121
002201 34
002936 218
002446 164
002764 40
000349 103
002514 81
002322 377
000884 520
002843 217
002891 15
000265 364
002786 109
001624 160
002587 91
001179 6
002098 79
002071 521
001563 178
000882 459
001431 377
001283 6
002276 220
002034 41
002934 522
002156 217
001389 523
001681 13
002984 160
001549 92
002079 118
000011 14
001629 160
000439 327
001367 70
000972 27
000711 218
001483 524
002371 6
000670 280
001193 212
000126 178
002306 172
002670 392
001927 79
001338 153
002012 93
001060 42
000199 189
000629 55
000410 33
002741 100
001741 470
002443 85
001199 142
002761 56
001202 265
001300 142
002765 405
000014 142
002951 67
002620 129
000657 50
000537 324
000968 142
002589 45
001666 56
001663 286
002402 79
002212 145
001136 92
001594 525
001459 217
000483 69
001245 526
002583 40
002179 219
002780 129
000694 100
002601 527
002074 47
002121 25
002547 64
001540 41
001579 528
002061 514
001472 93
002724 41
002455 92
002257 56
002352 529
001601 85
001534 54
001907 159
002389 31
000812 164
001371 61
000154 61
001329 112
000043 57
001241 289
001419 12
000879 58
001950 452
002559 1
001484 22
000360 30
000056 26
000880 182
001319 206
000027 57
000681 337
001239 131
001514 499
000136 121
001535 129
002259 91
001378 530
002989 22
002104 154
001001 41
001863 212
002265 224
001065 531
000397 33
002920 41
000054 23
002294 532
000179 100
000508 79
000301 91
001553 138
001664 452
002634 469
001002 265
000079 250
000996 17
000727 41
000229 257
000819 286
001398 148
000989 37
000030 533
001658 237
000562 126
000226 79
000006 212
001228 534
000445 15
000033 142
000966 535
001682 93
000894 37
000669 127
002211 327
001359 93
001407 536
002554 444
001397 28
000152 64
002669 91
000223 8
002490 41
000703 537
001667 26
002666 10
001445 538
000855 55
001833 280
001587 56
001526 539
000114 72
002097 313
002338 327
001101 9
000207 330
002534 126
001148 75
001822 56
001411 435
000890 79
002972 114
000900 33
000833 394
001246 109
002983 540
001242 85
001983 6
000870 6
001660 70
000674 541
002457 56
001375 157
001677 231
002599 136
000140 479
000490 324
000914 145
001616 79
001672 542
002214 268
001899 6
002562 287
000813 232
000215 164
001944 40
002180 182
000315 79
002187 31
000417 56
001030 10
002087 127
002102 377
000137 127
000747 241
001475 64
001123 168
000794 79
000036 70
000026 1
000658 224
001403 60
000450 75
001402 160
001259 430
002351 498
000752 6
001271 85
002958 51
001450 91
002422 543
001053 255
002438 79
000245 9
002152 109
000277 124
002442 498
002159 79
000589 121
002208 544
000971 64
001948 25
002570 172
002624 6
002388 507
002378 545
001760 6
002182 255
001324 29
000168 27
002273 121
000928 22
000025 17
000807 30
000444 79
001780 41
000151 26
002791 182
002143 205
000755 100
002266 34
002430 361
001048 50
000781 546
000901 23
000865 70
001953 145
002341 356
001198 85
000101 103
001050 547
001628 43
002444 127
002538 6
001272 548
001759 549
002684 550
001379 40
000767 224
000751 551
000963 42
002716 356
002291 323
000169 552
000074 109
002973 553
001884 405
002167 289
001139 75
002569 92
000993 55
002054 142
001500 41
002303 479
001906 507
001094 57
001385 554
002432 255
001739 206
002648 135
001504 26
002565 330
001632 53
002103 41
002516 35
000267 555
001034 50
001830 28
002586 556
001845 6
002108 27
002641 421
002215 3
000145 50
000332 23
001974 61
000248 218
000374 206
000381 339
002548 70
000321 41
002240 147
000637 41
001588 557
001332 142
002842 22
002638 12
002615 148
002283 8
001215 232
000431 34
001011 168
000192 558
002655 23
001176 55
000436 47
002735 217
001691 27
001943 255
001281 6
001900 124
001187 75
001017 60
002233 28
000688 172
001566 559
000639 129
000570 107
000934 41
001408 182
001170 560
001361 100
000534 202
002996 561
001823 436
002715 212
000197 503
002482 218
001803 286
000496 258
002640 14
000937 405
000980 327
002429 81
002076 142
001302 562
001814 58
001656 435
000396 22
002369 323
001706 479
000148 507
000798 563
001751 10
000624 164
002287 564
002029 64
001010 23
001519 160
000911 121
001623 91
000896 178
001474 565
002822 327
001362 327
000107 286
000351 87
001548 566
000651 212
000390 34
001473 257
001118 40
000555 268
000300 561
000171 202
001277 182
002355 567
000416 568
002966 100
000765 286
000429 206
000187 58
001840 23
001915 388
002318 70
001890 377
000631 48
000951 56
000163 41
000414 111
001074 187
002144 569
002147 33
002018 41
001031 34
000877 219
000818 42
000823 81
002256 178
000873 570
000246 160
000230 21
000907 1
002057 70
000897 28
002236 129
002884 297
001754 178
002925 520
002154 91
000792 118
002238 250
001911 571
001328 35
002309 42
002193 302
001652 35
000699 51
002491 68
000891 1
002643 8
001718 182
002580 219
000895 127
001152 77
001447 436
000058 160
001980 12
001923 50
001058 572
002331 75
002411 6
002292 21
000093 286
001235 148
002386 75
001014 573
001701 1
000948 157
001794 26
001110 8
000191 135
002088 100
001532 41
001997 28
002683 574
001955 278
000724 498
002112 67
002282 3
000677 219
000106 445
002948 118
001964 22
000903 575
002302 55
001433 218
002471 576
000775 280
001233 16
000859 42
001429 577
002030 578
002128 131
000990 160
000498 327
002942 6
001608 37
002136 6
001990 45
000065 217
002654 157
001815 168
000275 430
000726 258
001680 79
002597 235
001150 255
002202 70
002662 33
001364 231
000411 147
000831 486
000913 327
002566 22
002093 235
000391 241
002269 50
002189 70
001374 313
002406 157
000723 323
000262 579
000899 87
002244 580
002164 79
000719 50
002441 581
002068 582
002407 377
002876 24
000936 6
002803 583
000421 79
002198 323
000010 160
001938 45
001120 56
002928 584
000535 87
000549 168
001585 43
000299 148
002171 75
001386 581
002758 40
002863 499
002818 100
001676 10
001392 26
000089 30
001644 585
000098 16
002100 23
002397 172
000510 58
002260 232
000704 41
001970 160
002795 507
001046 81
001507 26
000940 41
001430 212
001809 79
001912 27
002940 23
000608 280
002886 57
002527 29
002540 41
001071 29
002413 55
000297 30
000050 127
001512 121
000225 546
001775 586
001244 100
001922 587
000851 588
001786 507
002696 28
001226 377
000563 507
002671 50
002853 361
000605 287
000443 327
002473 8
001599 231
001025 589
002588 121
002816 136
002811 590
002738 9
000188 55
000407 77
001173 13
002800 21
002961 75
000462 28
000671 56
002704 41
002834 160
001958 28
000715 17
001351 109
000425 6
002092 507
002710 50
000636 79
000529 591
002267 405
001766 151
002869 112
002997 6
002952 507
002904 592
001499 574
000610 444
000486 100
001479 35
001086 57
002130 593
001705 13
000325 28
000020 114
002503 1
000839 129
002022 138
002807 377
001674 92
001341 142
002083 280
002857 47
001791 64
001613 135
001523 79
000801 250
001580 53
000097 212
002495 107
000475 87
001789 68
000367 594
001898 595
001722 110
001910 154
002555 596
000761 6
000919 212
001426 231
002808 21
000393 507
001770 37
000507 22
000435 581
002697 301
002048 154
001832 388
001586 597
002986 598
000133 17
001589 56
002499 127
000032 75
002170 315
001376 87
001327 48
001113 124
001350 75
000256 75
000893 23
002408 599
000052 206
000876 91
000939 3
002821 56
001127 75
001220 35
002728 26
002854 40
000125 8
002453 26
002779 503
002880 87
001072 15
002774 12
002636 111
002656 224
000434 286
000675 586
002409 45
001100 70
002515 146
002348 124
001609 205
002542 79
002576 50
