0 1.4557127952575684
529082 1
039372 2
483257 3
011726 1
090178 1
005913 1
008685 2
076078 2
070505 1
406683 1
248792 1
061018 1
293673 1
002656 1
025820 2
110897 2
138134 2
132164 1
016053 2
387562 4
021279 1
039697 5
003121 2
076938 1
072611 2
053467 2
337035 1
459019 1
015414 2
069707 2
266108 2
200258 1
032422 4
112492 4
421086 4
071948 2
260986 1
318621 2
322337 1
138585 1
133591 4
010359 2
005876 4
009827 2
042034 4
014110 2
112965 4
043294 4
060733 1
258354 4
501957 1
026650 1
087439 4
047967 1
298195 1
210073 1
414291 4
011588 5
007312 2
025423 1
006721 2
004476 2
038939 2
244050 4
002559 4
025033 1
221428 4
052722 1
000037 1
460039 1
479568 4
023908 5
032831 4
001750 2
490961 4
153471 1
007168 5
010248 5
508330 1
298701 2
007754 2
046127 4
339018 5
391712 5
091206 5
386552 1
052733 2
093413 2
053167 5
447035 4
004264 2
060188 1
097466 1
046925 5
146730 5
421387 5
505417 1
000546 4
300537 4
063213 5
008801 2
066219 6
017942 4
435012 7
000031 4
445259 1
008461 5
152779 2
491986 1
026526 1
120358 4
484291 1
449745 4
260110 4
000032 4
006938 4
101433 4
033400 1
089059 1
322090 5
006577 2
126808 2
029716 5
423886 3
391333 1
360102 4
083010 2
001376 2
167136 4
296354 4
203014 8
512267 1
037759 5
136744 5
186380 5
116461 5
311477 4
331619 4
054749 2
003830 2
417647 1
159067 4
147919 5
108002 5
180558 9
370136 4
169526 10
218411 5
052345 2
007752 4
501775 1
159367 1
483690 1
336171 1
189337 5
024390 2
383777 1
035301 5
002025 1
261957 5
082276 5
298252 4
404891 2
407872 1
010161 5
309240 1
299197 4
123339 4
374550 1
137822 1
140233 5
254812 1
468755 2
006274 2
233314 4
277191 4
293304 5
008353 4
347358 4
344527 10
215846 1
002921 2
079182 4
377260 10
396316 1
043488 1
108442 4
444721 5
528360 4
501520 10
265037 1
258913 5
283725 10
147768 1
012851 5
060700 4
002711 10
014361 1
092977 2
025230 10
097182 10
105925 5
100968 2
322562 1
284959 10
027851 5
400286 3
102145 10
249733 4
023640 4
024118 2
066448 1
206197 5
471006 10
026126 10
121808 10
001287 5
010042 5
424501 2
181897 4
411665 1
005909 5
102049 5
000057 4
204801 1
521348 3
088834 4
348455 2
006806 1
155595 10
067303 5
407542 10
013748 2
402381 5
096246 2
054065 5
233989 10
114209 10
395731 10
116978 4
069505 5
139798 10
487439 10
184653 10
028559 5
085683 5
043132 10
418888 4
036860 1
326315 5
398639 5
337800 5
130317 10
358429 10
033156 10
152593 5
086762 10
135028 1
009661 4
346841 5
298328 10
017868 10
102445 2
010329 2
107700 10
004818 2
000642 2
247056 10
285934 1
034952 5
275377 1
223695 5
208900 4
278085 10
067102 10
002009 10
316638 1
444248 1
045220 10
024087 10
330882 10
195093 3
037078 5
426717 5
164720 1
060125 4
424810 10
182857 10
224423 10
327729 5
073603 3
167736 5
023717 1
114951 10
536662 3
485637 10
016346 5
065436 5
019981 1
045126 5
359423 4
036120 10
029357 10
486310 10
055585 10
176098 10
022286 10
121881 5
017754 10
285078 10
444513 3
065637 5
091844 5
048241 2
444630 10
217859 10
042973 10
441289 3
133649 3
048541 5
473220 10
002580 1
052876 10
006001 10
494812 1
408151 5
041597 5
005856 2
084243 10
047818 10
454316 10
004550 4
170385 4
385521 2
071816 10
022008 2
444855 5
183670 5
109744 4
343689 10
040653 5
531273 10
053535 4
105883 10
013756 5
120397 10
147552 3
059096 2
138556 10
132113 4
000027 10
034208 1
401567 5
079873 10
433157 10
041625 1
127016 2
023814 3
006552 1
000066 10
026184 3
062258 1
011264 10
514818 5
306889 10
088319 10
526276 10
318041 10
205500 5
183189 1
450453 5
481169 5
014362 1
047413 4
370536 5
335587 5
032924 2
049437 1
031712 5
103035 5
006801 10
101241 10
099661 5
480870 10
046567 5
191426 5
242863 10
024523 2
356984 5
043697 10
213898 5
005057 10
006070 4
236283 10
006727 5
009031 5
348600 5
146508 3
454365 4
087384 10
179928 5
386682 10
475340 10
111478 10
414345 5
210689 5
003939 10
121509 5
087803 2
366867 10
014772 3
088340 10
472806 5
276632 10
007708 5
376825 5
411799 10
409136 8
001347 2
429183 4
010588 3
067855 2
040982 5
016726 11
143461 8
493781 1
433612 10
006481 4
346269 5
212894 10
055843 2
002026 1
171822 4
169735 10
043721 2
069550 3
509958 5
008475 3
013880 2
085102 3
096383 3
207471 5
480893 5
089299 5
041484 10
017100 5
147657 10
057127 12
063552 1
178498 5
020127 5
291549 8
061323 8
054317 5
425819 8
293498 10
079431 8
008885 10
136896 5
115067 10
060263 10
080779 5
006805 1
025278 10
447494 3
052948 8
071740 8
036813 10
005094 4
408879 5
048103 4
273851 3
281964 10
001101 4
114861 4
074656 10
132545 5
035842 8
016474 4
020601 2
019789 3
199396 8
157488 5
074374 8
474746 10
059385 5
091364 5
049310 1
110929 10
064426 4
016520 5
444607 10
424203 10
002985 5
001214 1
081520 4
234882 4
009840 12
148251 10
503111 12
065381 12
020010 5
334398 3
062156 5
089196 2
181662 2
141595 5
093519 12
327561 1
016490 5
064429 2
052298 5
008154 12
146824 12
170110 5
060295 5
151871 5
156658 11
195469 5
071508 2
259740 4
009511 12
296476 13
455730 10
024437 5
287149 8
123090 12
015632 2
005556 5
410510 12
368538 12
102042 4
311141 5
009900 10
011881 2
082970 8
140857 12
226245 5
199582 12
012638 3
055735 8
261417 12
162765 5
267574 3
076432 12
049414 12
271912 12
127241 4
068539 5
109607 4
460777 12
472363 1
039070 5
420263 12
508890 10
060956 10
236000 12
443522 5
489621 4
111212 5
128534 5
459649 4
261395 12
378607 4
379520 8
090721 8
461220 12
029331 3
034756 5
468425 5
003506 5
378446 12
069205 4
059435 10
005723 5
104108 8
017506 3
012018 5
281126 12
058173 5
156449 12
498348 12
385210 10
082224 10
027003 12
092551 2
394027 5
026774 2
334400 5
000145 5
044877 10
022902 4
285666 10
010473 1
039890 12
074089 5
229179 5
401685 12
309423 8
017437 12
038315 3
219753 2
024142 5
049343 5
064848 12
017537 12
035314 12
264198 5
087130 4
156306 10
244927 5
004051 5
254402 8
024579 5
003596 5
286408 2
018420 1
372709 12
052638 10
288818 12
231061 5
237983 10
065109 5
161265 3
008037 5
426212 5
029055 12
041598 5
059997 1
023355 5
068870 2
469211 4
029715 5
205096 3
047507 5
306418 5
341311 2
362102 5
171706 12
216769 4
309691 9
252570 10
406599 2
003794 12
072576 9
039086 10
028639 3
118103 10
030130 1
060274 2
030047 12
048053 3
007707 5
100843 5
126090 5
011342 2
459322 9
082022 12
024792 4
390379 3
280380 5
439946 4
533849 4
014412 5
156491 1
285276 8
030681 5
003313 12
075014 2
056216 12
001717 5
459866 4
064335 5
024471 5
190018 9
024861 5
056331 2
041624 1
005912 1
007148 8
284989 12
130941 9
514588 8
060503 5
228382 8
072111 12
006802 12
042970 9
101414 2
004040 2
098263 12
007167 12
088556 5
270595 9
043784 12
018758 2
017160 5
123836 2
046881 8
030621 5
056215 12
526558 12
131177 8
026639 5
065295 9
003321 2
118673 9
467106 10
274808 12
021807 9
144599 8
381869 8
017711 1
166160 5
440909 10
024779 1
027911 11
360851 12
516745 8
296052 5
246663 14
433552 10
327321 4
272861 12
293825 12
109791 5
497100 9
353242 9
390651 10
036806 5
017905 10
114783 9
164702 5
099421 12
331390 5
028133 5
019199 5
506194 10
300681 8
068126 2
114956 10
075736 8
126970 5
011434 4
127922 1
012303 4
147756 5
036093 10
377061 9
006313 2
227601 12
013430 9
470852 5
108894 10
055070 2
089547 4
093146 4
473176 12
378300 5
124039 10
029614 5
031406 2
317600 10
032317 5
001527 5
018753 5
077350 9
148400 8
063316 2
043745 3
050183 12
141679 12
050258 9
010215 9
099106 9
009873 12
009007 5
366388 5
091066 5
071509 2
408881 5
004037 9
041864 9
350717 10
047020 3
260919 10
040091 5
247014 10
214925 10
493392 10
063934 1
196098 12
277841 5
463165 8
051528 4
340344 9
505493 12
034603 9
191163 9
074745 10
004017 2
533905 4
072573 5
093729 9
126503 12
065294 3
009899 12
028132 10
069079 9
015745 9
021492 11
067403 12
127387 10
053434 2
367599 12
011392 2
192400 9
082486 10
254892 4
360166 11
096474 10
002439 9
240504 9
484722 5
004951 3
029152 2
266164 3
005663 2
213006 12
068820 10
014850 2
023639 4
499024 2
000433 8
087132 1
269000 9
262108 8
405895 10
072620 5
069356 8
006069 9
470245 12
261961 12
015183 12
136663 10
003938 5
137286 12
183913 12
327014 5
001842 9
033043 5
056665 8
263164 10
099326 10
010563 9
169491 12
100941 5
007800 12
114834 10
362009 9
093397 5
149924 12
049788 12
321320 10
448255 9
007311 2
090564 9
174203 11
026435 10
243522 9
005855 8
023593 5
016199 9
001183 1
095193 12
039795 2
084697 10
109656 12
021273 10
075889 3
004052 9
004475 3
005272 5
007529 2
100827 9
339610 4
010311 9
155498 9
381107 12
140309 5
030056 2
005450 2
010796 12
045213 4
024473 5
107727 3
245727 2
254282 5
297398 8
020383 12
039796 2
480335 11
340735 10
393798 5
305640 9
070360 12
177774 5
070278 1
310641 3
278219 12
068962 12
204524 9
144396 9
170776 12
445312 8
477463 5
133063 10
011708 9
124717 12
135299 10
171971 12
266590 5
053120 2
215435 8
021548 2
061999 3
218360 5
164217 12
009171 12
110798 8
232936 12
010565 2
259519 8
098264 12
056862 9
365504 10
214006 5
051836 12
057725 12
035933 12
134655 5
218260 12
062741 2
376093 9
069708 3
167858 9
318703 10
344026 5
024297 12
009830 5
014111 2
004944 13
080309 10
067767 13
036801 11
014767 4
377887 8
517038 2
077671 5
000643 2
021876 9
416536 10
359982 1
410785 10
318547 10
062335 4
064362 11
175152 10
322185 9
245279 4
085811 2
517839 3
352698 5
084740 13
033412 3
283672 2
045157 12
065116 9
004018 2
073544 5
005122 4
056424 4
006171 9
023310 9
029994 10
286019 8
145013 10
000547 5
115207 13
002323 9
486307 11
005724 9
094135 10
035123 9
129972 1
023070 13
176811 12
007059 13
029359 9
057440 10
140200 10
125673 9
000759 10
007522 8
082962 10
161981 12
029148 12
111105 12
078703 12
466878 1
080722 5
012259 2
046731 5
105997 10
010234 5
399919 12
032233 4
012191 10
536363 2
031224 9
460674 5
022048 8
467579 4
169012 5
042016 2
088874 8
366772 9
141142 8
017308 9
050259 8
311255 3
054267 2
499633 4
047573 8
291688 1
015413 5
365708 10
053296 9
006749 9
000691 12
001375 2
203329 9
010251 9
007060 8
006937 4
180722 10
038211 9
207801 10
025933 2
004351 5
035921 8
295096 5
025672 5
105596 8
116503 10
388362 1
382758 12
082222 9
034942 9
352783 8
000038 3
181439 12
013749 2
390259 12
111008 5
018053 2
004352 9
264666 5
302973 12
333741 10
008041 9
069862 2
249718 8
180592 5
163368 12
325088 8
323037 12
235566 12
174014 10
150541 1
218253 12
008578 4
111722 12
011263 9
399261 12
046902 9
008066 9
004506 12
431686 9
415932 8
145012 1
043544 10
081682 5
113823 12
024486 5
156299 9
452219 5
263212 9
165873 1
006080 4
012717 10
380815 5
372487 5
207541 12
174191 10
068431 9
031295 8
015547 12
069108 9
000188 10
396879 5
106677 1
010312 9
181996 4
065326 5
490362 12
027359 5
034816 10
081242 9
370677 3
010562 9
448309 8
097123 8
315658 3
024942 12
006100 12
036296 1
010495 5
175350 3
489593 8
054064 3
355594 12
208313 12
026596 10
045090 1
392368 12
396092 12
071825 4
151828 12
394580 5
245078 12
312757 8
132426 12
317782 8
411882 10
176263 10
127449 12
076936 1
035032 5
005938 5
071446 10
037921 9
029949 12
311795 8
231298 5
221251 12
001348 2
002264 9
020190 2
073163 1
053000 5
085684 5
024472 8
333249 1
263546 12
121442 8
022218 12
519878 10
019546 9
163439 10
161207 8
023071 1
105306 4
012217 10
021770 1
425373 9
477303 3
121567 8
211842 3
429395 4
009849 1
208799 1
002930 9
041576 8
168505 10
014129 2
118283 12
191965 10
005058 3
006800 9
020201 12
251640 4
121510 8
030696 10
240454 12
045561 10
168575 5
021374 3
218851 3
010437 2
093475 5
055048 12
075894 2
212909 5
224152 8
017110 5
035003 12
102249 4
029987 3
515651 10
268447 5
213254 10
049864 8
397061 5
393308 9
065098 9
096805 9
093414 9
207342 5
001977 12
452739 10
206183 8
013144 12
100431 4
047414 4
175596 9
064694 12
299143 8
172432 10
427115 10
477852 12
088399 9
165711 9
117230 10
163938 9
070221 10
470052 4
008509 2
090513 4
061377 2
055922 4
242875 9
362507 3
079206 5
400841 3
375177 5
243075 8
044269 5
144711 5
137217 12
067393 2
042621 12
173869 12
020660 9
083500 12
140190 10
039651 9
359613 5
083048 12
029501 9
266130 2
450531 9
062742 2
440457 2
068558 10
096028 12
012718 5
399334 12
300954 5
331289 5
299713 10
015277 12
129985 8
407860 5
003829 2
135874 9
030400 8
498120 5
536364 12
193781 10
282739 8
318368 10
120229 4
014297 1
233443 9
004367 2
008800 2
003260 9
004950 3
163624 12
235090 10
479544 12
066920 12
118125 12
117686 5
059015 12
119685 5
288609 10
456251 9
268145 10
453479 4
318938 9
018052 2
034554 2
067545 3
171713 12
420406 12
061559 3
012442 12
017811 3
152925 10
502394 10
015631 2
405877 2
003350 8
025231 12
019842 9
020012 3
511837 10
013689 5
070263 9
407143 9
311758 12
456765 10
371495 12
044317 5
336255 5
027499 10
027083 5
486718 5
277501 9
085165 5
006380 12
228378 9
049323 12
006079 4
202974 8
093170 1
007842 9
097567 12
432027 3
033833 2
151533 10
006748 9
232604 9
519743 3
112586 9
018277 3
115180 12
161827 12
204525 9
482477 10
018629 3
001886 9
312532 10
536744 12
407036 12
255764 8
040230 1
440101 10
037698 3
026264 12
343231 8
281025 10
338414 5
095224 5
014695 9
527040 1
263283 9
081385 4
356365 12
002322 5
093145 4
123128 10
053243 5
080440 5
161554 2
272394 3
463990 10
400627 12
000146 9
011167 2
016524 8
121937 12
275782 2
000209 9
396342 12
005123 4
407087 12
235089 1
182935 12
446982 12
454955 8
029377 12
105251 8
159596 2
022214 12
189031 5
356763 5
121337 5
353071 5
123169 10
061254 4
353380 12
157977 5
035894 10
463432 5
445473 3
300205 4
134237 12
018355 10
261713 8
521537 12
514716 10
132696 10
094018 10
025673 9
004039 2
011435 4
057489 9
067460 8
038502 4
230643 10
399900 3
253369 5
055974 9
024862 9
475504 5
221762 5
253241 9
048102 4
076565 8
278687 10
491765 10
001358 3
373030 1
423800 9
130011 12
374525 12
048856 10
489644 5
275889 8
021712 3
259973 5
439871 10
099507 12
321207 5
297672 9
114669 2
448032 12
531698 12
246597 5
068515 5
148385 8
018917 3
231140 10
051786 1
446658 12
408330 12
042615 2
014696 9
267209 10
097562 10
086109 2
023786 2
065784 12
400679 9
302975 5
180857 10
395135 12
028645 12
207285 9
123592 2
048801 10
117128 10
025066 5
358965 4
395452 9
152406 5
046592 10
062858 3
055782 5
264646 9
314803 12
023868 9
062336 4
122595 8
011877 12
007918 9
006551 3
083195 4
324876 10
284437 10
346310 10
203857 9
099593 10
074023 3
020128 3
011476 12
063073 12
458475 12
222125 12
492085 5
087547 12
000078 5
069864 4
407273 10
362592 1
041575 10
269286 9
005883 5
418953 9
032423 4
175720 12
159150 1
078819 12
178751 4
039774 12
091205 2
124262 1
100703 5
370065 12
032509 4
421719 12
368672 12
002032 12
086097 12
162836 5
474271 10
074017 10
405648 5
212350 1
258009 12
184303 4
083976 4
233333 1
276150 1
185861 10
201408 12
225059 9
053870 12
016519 5
080914 5
195942 10
329417 9
190330 12
201049 4
111301 12
013779 2
054786 1
052949 1
319557 12
477551 12
314002 5
107492 5
047968 10
017159 5
010011 9
012241 4
500841 10
020550 5
284036 10
318399 12
092097 5
222885 12
091951 10
390906 2
022509 2
339057 12
078586 2
024204 4
205836 12
011091 12
042108 1
236710 12
170967 10
081588 4
033069 1
040059 4
467044 9
452992 9
091007 12
395028 10
063168 4
145010 1
089595 12
037916 5
055530 9
303774 12
216730 9
217566 2
205083 12
505727 12
074655 12
025984 5
140581 4
032837 1
042294 9
078084 4
005908 9
361605 12
229696 12
033359 5
313091 4
111905 9
317260 9
055435 9
105882 5
035211 12
403933 5
157187 9
519858 12
052284 9
324676 10
023718 1
016764 5
379074 10
330848 10
101696 12
001749 2
020342 4
403369 10
316157 1
037213 5
457215 10
390419 5
163635 1
017854 1
046237 12
017535 9
109124 10
170275 9
185774 2
207363 9
438595 5
191934 5
252821 5
055061 5
010958 1
277944 12
026054 1
137496 5
153694 1
524812 1
170295 2
382662 5
258509 9
130752 9
048242 1
022873 1
381703 10
050535 2
017057 2
010472 1
155826 9
001039 12
012639 1
080454 1
356859 12
023147 2
142423 10
053632 5
064428 2
003595 5
471929 12
002712 10
009848 1
047300 5
164703 5
062000 1
020420 2
051649 12
316417 12
071981 9
178595 12
242206 9
014287 5
381165 1
057933 5
094946 9
296876 12
451754 15
320530 12
152612 10
096787 10
014927 5
339260 12
134780 10
025000 10
033339 4
018953 9
332421 12
529996 5
226178 9
402157 5
004914 12
184297 9
010433 9
034839 12
241938 5
017595 5
537585 5
243441 12
029874 4
011477 5
476242 12
191820 1
074131 10
012214 9
504192 12
203596 9
504225 5
010012 10
109071 4
356139 12
528473 10
007975 5
010307 12
219729 1
024260 5
449648 5
109728 1
242154 4
277308 5
008510 2
480004 9
060557 5
474371 4
001718 12
397468 12
165755 9
052933 4
121847 10
009006 5
068332 12
181129 5
040173 2
246772 5
017259 1
135164 9
044474 9
004893 9
318651 10
001810 2
002892 2
025987 4
342116 9
426676 5
011393 2
040251 10
003544 2
106091 4
167907 4
532438 1
002265 5
124131 1
066256 5
009132 9
121060 4
012304 4
002067 4
367398 2
413955 12
035414 5
001646 10
014930 2
334070 1
069872 9
226927 12
123848 9
012397 5
039445 9
227177 12
021858 5
165146 12
468186 1
005375 9
489379 12
030554 9
006312 2
485928 10
008428 2
532481 2
043898 12
011804 9
051617 9
093237 9
014670 5
119370 10
176094 9
010321 5
502444 4
311303 10
496461 5
418783 12
089160 9
333813 4
007530 2
158787 12
506673 12
051663 5
184792 1
326823 2
029993 9
337158 5
020672 5
079614 12
022064 5
024735 5
297489 12
041716 9
030835 5
002561 12
080153 5
443795 1
027636 5
005092 12
130795 9
217650 12
146342 10
043626 10
066915 1
216590 12
010523 1
061483 2
001357 1
011373 12
143048 10
024734 9
005359 10
061179 5
290887 1
017491 4
396310 9
020607 9
323656 1
269551 12
188516 10
007445 5
170194 10
057359 5
006614 5
065980 4
235961 12
457660 5
312582 10
093901 10
372092 4
026363 10
013216 2
328300 12
296710 10
002893 2
081027 9
020105 9
015139 12
021549 2
463850 1
032200 1
066604 12
478186 12
184310 9
266389 12
043097 4
234555 12
310373 5
028415 5
193031 9
102117 12
006099 9
343082 10
281287 12
042223 12
023148 2
076575 5
178158 10
174579 10
001062 1
001100 4
226647 9
013049 5
174567 12
002986 5
088971 9
454600 5
006480 4
259511 2
136377 12
032957 4
328819 12
036057 1
222720 9
106451 4
142825 9
027906 12
011709 9
267940 12
017109 5
020307 4
025937 10
078382 2
491525 12
167940 5
187145 12
029413 2
192869 1
120668 12
199664 5
035043 5
367361 1
108830 12
077764 1
244763 10
039332 1
037175 5
026185 1
048346 2
007801 10
172042 12
132275 4
421073 12
463093 9
032854 5
069665 12
020096 1
047194 9
483757 12
491709 9
044686 4
030647 9
363093 12
034616 12
086369 10
065850 5
139755 9
035932 5
333812 10
092553 9
358160 12
262969 12
247066 1
104593 10
002374 1
301597 12
038557 12
228919 10
261365 10
055033 9
107900 1
150483 12
091414 2
001215 1
399856 10
008577 4
189796 4
037657 10
358637 12
005449 2
295282 5
049639 5
223714 10
037130 5
138910 5
001772 9
018066 1
337520 12
015784 2
018711 12
019500 9
028429 2
182640 12
029737 12
030580 12
221936 1
084698 10
164809 12
410768 12
375342 5
479713 12
159405 9
331120 5
331482 10
021693 5
025032 1
023975 12
320977 10
109453 12
004415 5
002566 10
022630 5
003261 9
043605 9
055923 4
081383 10
446842 12
209897 1
059242 9
171655 12
463789 9
242113 1
294669 10
129216 10
220694 5
217163 1
018001 9
180066 12
040060 4
019329 9
036620 2
228674 1
139754 5
047808 5
240163 5
049696 10
005715 9
118351 4
446491 10
017651 5
195244 12
312726 12
076452 10
105595 10
310176 10
438404 5
051939 10
132922 4
000876 2
025695 1
316103 9
090589 2
493693 12
476214 10
065743 5
006613 9
067903 12
383803 5
028736 1
320680 12
057405 5
122241 12
134878 12
477152 10
128406 12
006275 2
028885 2
189702 9
356840 9
241940 5
209789 9
309186 12
014931 2
024438 5
123507 12
066399 10
107811 10
113387 5
020628 5
104923 5
455052 10
044318 5
040238 4
227959 12
088743 12
032694 5
017761 5
482700 12
012441 12
051489 1
213325 1
143273 1
025318 2
083273 10
014142 1
030048 4
061147 5
384311 10
176498 12
013778 2
075955 9
033176 4
115459 9
190630 2
391332 9
236937 10
234219 2
063768 12
126974 5
361334 9
052182 12
095273 10
103452 5
278381 12
496165 5
074326 1
158918 1
253211 5
197922 5
082818 5
176151 12
198114 12
391690 12
089358 10
396641 5
025815 2
214487 5
314941 1
083628 5
036777 12
059991 9
008839 12
375473 9
066853 5
441491 12
049591 10
006799 9
241311 12
054010 9
085451 2
004407 1
016814 9
414750 10
078623 12
325877 10
013373 2
077287 4
012852 9
064674 5
192828 4
288682 10
040096 2
007751 4
328149 16
279554 12
334979 5
033070 1
126186 1
079339 5
482190 10
385938 12
399425 10
173312 10
063207 2
150162 10
328805 10
004848 4
004446 9
125452 12
074097 2
467989 5
203087 9
152806 10
119464 5
433311 10
191586 12
387897 10
231724 4
260106 4
454491 5
050123 4
373542 9
069074 4
004044 9
098452 5
004251 2
235235 10
488996 9
048082 9
058067 12
091886 9
032645 12
035679 5
133426 12
408967 5
330065 12
035498 1
122390 9
344960 10
473438 12
028280 10
019621 1
000526 4
393365 12
229261 10
485287 10
189819 2
086522 5
046919 5
528506 12
039850 9
434016 10
358720 12
213248 9
051057 9
215410 12
334420 12
005664 2
066410 10
115123 2
240469 2
334839 12
282690 10
419366 12
351619 5
384013 5
510223 1
412281 5
244491 2
281245 4
170676 4
005358 12
026997 10
062873 9
461944 10
145110 1
065311 5
231428 10
278711 5
027004 12
226732 5
051475 12
054444 9
215236 5
056037 10
125972 12
024580 9
508539 5
294482 10
381253 4
078383 4
476681 5
080301 9
261512 12
234592 12
075768 10
004408 1
027517 1
184711 10
447128 12
364017 10
022036 1
011521 5
040946 1
502376 9
066929 9
355604 1
532677 12
010957 1
298116 12
282919 9
060504 9
389697 5
028236 1
257314 12
492917 4
017258 1
069278 4
088660 1
395344 5
239980 12
508922 10
287657 1
008040 9
197280 5
359110 12
018091 12
421717 9
470634 5
141382 12
429999 2
049438 1
254281 5
077345 12
003795 12
058035 12
092809 12
048521 9
082121 10
050806 4
496689 12
148008 9
050523 12
272327 9
281055 10
416081 1
059095 2
430520 9
386010 9
000817 12
458019 5
076618 1
176844 10
239402 9
284256 2
008867 5
004038 10
043043 2
024163 10
217862 9
137401 10
181747 9
197559 4
019200 9
019399 12
341650 10
053415 4
291511 12
230250 10
107923 12
421783 12
011397 9
149859 2
296461 5
388724 4
019487 9
273511 10
005042 1
503489 9
001962 1
280385 12
038362 10
002010 1
010436 2
322296 12
512458 10
080285 9
000966 5
040229 1
067768 9
124799 9
111699 5
414085 9
037037 2
045289 5
021713 1
106002 10
413863 9
095432 9
075916 2
153445 12
075290 1
002509 2
286726 9
026614 5
295167 10
488828 10
405831 5
242155 4
441628 9
329193 1
276557 5
034937 5
471559 12
003750 1
231403 4
181725 9
295891 10
004507 9
001063 4
450320 1
027618 2
169806 1
021634 12
020472 2
071913 9
095300 5
143261 1
472549 4
031868 1
322668 10
047330 12
002581 1
017456 10
423077 9
077430 1
072463 12
005555 5
056303 1
474663 4
410236 9
092311 10
056078 4
247869 10
049732 10
440799 12
052522 4
115793 1
061027 12
209298 4
005718 10
335824 10
506935 10
264427 10
042587 12
254916 10
339191 5
026773 2
504042 12
091744 5
046667 9
138120 2
015140 5
018759 2
156737 5
013690 9
064334 5
014490 2
007019 12
047195 12
015115 12
390331 12
124988 9
028174 12
033093 4
253411 9
013889 1
079487 5
093588 10
182152 9
333006 4
318193 10
034819 10
006437 9
009172 5
191409 5
489211 9
050805 4
504479 12
036835 4
035930 4
005877 9
372316 10
446933 12
007016 9
159734 10
240539 1
009036 12
136042 5
338492 5
234122 9
298111 10
014221 9
040373 9
010249 4
085510 12
054287 1
009588 4
027082 5
481785 5
287715 5
332145 9
016783 9
009874 12
177432 10
011168 2
039690 5
271428 12
139308 10
005745 1
275565 10
462051 12
433431 1
014999 5
479278 12
039426 10
001809 12
235492 12
345488 12
132172 2
022217 10
016782 5
250573 4
005514 9
077414 12
003982 12
454993 12
345782 2
343912 12
067597 2
398413 12
009826 5
178157 10
155087 12
370509 12
283864 2
004250 2
005434 10
018954 5
498166 9
263379 12
167854 5
026053 1
205939 17
268897 10
010859 9
021009 9
007446 10
391598 4
015954 2
491809 9
239977 5
344782 18
346313 1
108004 1
028430 2
017490 4
429047 12
000525 4
384266 10
310418 12
015732 1
067236 1
328231 12
271197 12
005882 5
014288 5
281772 12
290085 5
003507 12
015596 1
145125 2
407565 12
001286 9
360637 5
344489 10
046983 12
221900 4
024203 4
038296 5
017507 1
003062 1
002567 12
140488 4
024261 10
050856 1
106024 4
234924 4
197387 5
045091 12
077258 12
420321 9
039980 5
149383 4
007753 2
334363 12
120042 9
237833 10
049440 5
001933 5
299213 5
030971 9
056302 1
461041 5
424690 1
040724 2
126142 12
218188 9
223210 12
339417 12
004447 9
004416 10
009037 12
145833 1
118192 10
397469 12
000077 5
091321 12
068398 5
028713 4
106997 12
321175 10
011396 9
019547 1
468275 5
026104 10
034776 9
145914 5
066152 2
040092 5
153802 9
318197 10
015766 4
066930 5
216720 10
148917 12
003749 4
024989 10
025765 5
024272 2
022729 2
067435 12
226812 9
022508 2
311271 12
386248 10
466790 5
089123 12
069277 1
069839 5
047181 2
326766 12
026259 12
169427 9
014071 4
012252 9
018429 12
018419 1
029885 10
067788 12
057736 12
386325 5
344315 2
505131 2
403898 9
056644 10
453424 12
034135 5
229868 1
140021 12
288398 12
381854 10
310711 12
029425 12
103047 9
300045 9
464321 5
205806 12
382258 9
117143 10
078187 12
045623 2
011882 2
482487 10
245580 4
095743 10
114998 12
366277 10
152583 12
006438 9
066465 5
009632 2
078693 12
121220 10
051605 12
017812 1
015309 2
176268 1
164707 9
520948 12
028721 10
242167 1
525213 1
534668 10
047724 5
114804 12
056321 12
054116 2
089546 1
245761 1
145489 5
026645 1
024296 5
066484 12
001885 10
011343 2
059367 1
024793 4
316394 10
474323 12
019254 12
427048 9
138229 9
036847 2
445581 12
041760 9
144701 5
037620 5
049184 1
130098 2
077734 12
018172 10
024723 9
128488 9
159296 5
012544 4
011092 5
474272 10
042620 12
322130 10
006502 9
158845 5
370382 5
037617 4
010370 2
083629 10
175518 12
102677 2
076902 12
535850 12
420275 5
029169 5
356643 9
039387 10
005041 1
002920 2
037006 5
015733 4
002066 4
037340 1
033031 10
020826 5
042586 12
064935 10
361364 10
030055 2
439867 9
054190 12
306677 10
009662 4
138230 12
437543 12
198910 12
024572 5
051527 9
288519 10
002438 9
397712 10
186212 5
130137 4
506404 5
456263 12
180644 12
313838 10
371608 9
011797 5
039755 9
020126 9
256399 12
098357 5
081601 4
515697 12
023367 12
482014 1
180240 10
107152 5
053868 5
256931 10
153031 1
351244 10
193898 9
311564 10
032295 4
173547 9
306463 5
361963 4
030340 12
007976 5
018194 1
194015 1
142602 10
010322 9
477290 12
346800 12
019980 4
035931 9
152628 2
102320 12
066854 12
187610 5
017135 5
000877 2
069258 4
152058 12
471785 12
355363 1
184850 10
330767 10
001182 1
027331 5
409664 9
107901 1
189329 1
008838 12
026613 12
372576 10
273850 1
244954 10
356165 10
017171 4
114169 5
073336 5
389359 5
202305 2
020169 10
239480 10
003349 1
050006 4
136860 10
184562 1
075209 12
074665 2
045974 12
004265 2
001978 12
438932 12
065284 12
155441 12
268654 10
002375 1
020827 9
045891 19
399645 12
116044 12
049460 5
059802 12
033427 5
164404 12
025911 9
043413 1
044331 1
365967 4
036152 5
005656 5
195943 10
043700 5
465692 10
485009 12
346892 12
531500 12
124127 9
123316 2
260444 5
167444 5
071756 2
487312 10
312790 4
171256 5
014442 9
050265 5
460160 2
004368 2
070739 5
105454 9
040046 5
428063 4
008462 5
053892 1
056332 2
497733 12
001934 9
068871 2
367829 5
308316 12
007919 9
108633 4
142409 9
080913 5
154637 9
118873 5
532042 9
482987 10
289243 10
407025 10
025023 10
365925 12
224541 9
180521 2
238437 12
107021 10
377262 10
383762 5
480704 5
163592 5
067852 5
036836 4
474694 12
182874 5
353847 5
055955 10
001961 1
387500 5
237296 9
034522 10
026856 12
461713 5
039092 12
070277 1
036297 12
288546 12
320035 10
010524 1
034936 5
435450 12
184278 4
002508 2
013088 1
008067 9
298974 10
082345 1
014926 12
020542 9
517656 10
537334 10
284553 10
113162 9
374098 12
038984 5
392252 12
334285 5
032032 1
197017 5
182601 10
047485 1
208934 4
041016 5
027127 1
106087 10
024715 12
068373 4
061315 5
471288 12
075917 10
041669 12
465120 12
302477 12
013113 9
128068 12
069337 20
109436 12
036435 5
355382 2
270976 12
015953 2
422197 12
018918 5
054840 1
458478 9
497810 12
405974 4
421100 9
417490 5
000967 5
419918 4
297580 5
461513 12
005746 1
127166 9
049715 5
489838 9
461731 12
078670 2
516686 5
014958 5
178244 10
414584 12
179782 12
028722 9
018296 1
142484 1
025422 1
046047 2
215185 5
010564 2
143295 9
457493 10
010371 2
216192 5
030030 12
178992 12
113767 12
162078 12
023803 12
108858 10
029453 9
039225 2
133135 12
369018 1
241356 5
277847 1
299458 1
066734 9
003061 4
061318 12
243413 1
396075 10
478880 9
018276 1
434502 12
486011 10
019396 2
276985 10
249792 10
035033 9
030021 12
002929 5
051558 12
339502 1
024960 4
013650 1
011796 5
233784 2
