0 1.4538209438323975
010251 1
001357 1
105997 2
207285 3
395028 4
195469 5
396075 4
011264 2
014930 2
529996 3
426212 3
355363 6
041864 3
027003 4
344527 2
065436 3
054840 7
091066 3
010958 1
201049 4
387500 3
285934 2
199664 1
028721 4
002322 3
102042 1
207801 4
053535 2
089196 3
029715 3
176811 4
403369 2
005663 2
452992 3
492917 2
157977 1
295282 3
270976 2
167940 3
290085 1
082022 4
026614 3
047414 2
070277 2
337800 3
318621 3
230250 2
244763 2
111905 3
016053 3
299213 3
157488 3
001348 2
184310 3
458475 4
491986 1
036860 1
372709 1
389697 3
005909 3
090564 2
395344 3
213254 4
050523 4
474663 3
034942 3
298111 4
379074 4
473220 4
159150 2
008801 2
120397 4
242155 2
029148 6
125673 3
027499 4
158787 2
399900 7
402157 3
018277 1
346892 4
074326 6
027082 3
283725 6
083628 3
006275 2
028885 2
105306 1
113387 3
298974 2
499633 2
267574 3
498120 3
045891 8
348600 3
477290 6
014767 2
043413 2
334285 3
007311 2
029331 7
334070 7
010796 4
244927 5
331289 3
109124 4
489211 3
093397 3
278687 7
245727 2
010563 4
006721 2
097567 4
464321 7
297580 3
218253 6
252821 1
092553 3
083629 6
027331 3
053167 3
118192 4
218188 3
323656 5
480893 3
410236 3
055048 4
040724 2
130098 2
012241 2
471288 4
003321 2
343231 6
011091 4
045220 6
068332 6
137286 6
088340 4
351619 3
198910 6
061377 2
158845 3
051786 2
066854 4
313091 5
091844 1
056302 6
300045 4
011804 3
023070 1
316417 6
014362 2
149383 1
089123 6
356763 3
457660 3
019396 2
311303 4
007148 6
148385 5
072611 3
152612 6
502444 1
228919 6
066256 3
030681 3
293825 4
263379 6
025695 6
286726 3
268897 4
408967 7
156449 6
109744 4
064426 4
155595 4
006438 3
014361 2
020105 3
045561 4
039697 3
008800 2
376825 3
133063 6
311795 7
446982 6
024942 6
092311 4
397469 6
429047 6
006805 6
154637 3
353071 3
075917 4
105596 6
006502 3
107900 7
277847 9
528473 4
418953 1
324876 4
081027 3
244954 4
006069 3
025231 4
095193 4
007167 4
400679 3
014958 1
089358 4
280385 4
531500 10
002930 1
005434 4
091364 3
247056 4
102249 1
062258 4
031712 3
006614 3
012217 4
088660 1
088556 3
059802 6
206197 3
107923 6
449745 4
452739 4
260986 7
021858 3
048053 7
448255 1
042294 3
072463 6
051649 4
020827 3
123090 6
030580 7
370136 6
003260 3
306889 6
385210 4
367398 2
040092 3
013880 2
026054 1
048346 2
470634 3
046983 6
100827 3
039774 4
066929 3
461713 3
017711 6
022286 6
106087 4
108858 4
117143 4
082222 3
105251 7
145012 5
488828 7
024297 4
360166 2
468186 6
058173 3
115123 2
405648 3
034616 6
311255 7
095743 4
318547 6
156299 3
377260 4
233784 2
009031 3
068962 6
474694 6
382258 3
021712 7
009848 6
001842 6
467989 3
001101 6
009661 4
294482 7
399645 4
517839 7
006551 7
024579 3
467106 4
184850 4
035033 3
033833 2
013373 2
020628 3
142484 6
025815 2
081383 6
474746 6
069205 4
288398 6
214006 3
093237 3
159734 4
008066 3
080309 4
000037 7
153445 6
027618 2
022729 2
017171 6
176151 6
018419 5
126808 7
006552 7
001215 1
281055 4
075916 6
132172 11
044317 3
381854 4
028415 3
127449 4
446842 4
214925 2
532438 9
268447 3
002375 7
197922 1
512267 6
100843 1
069356 6
146342 4
228378 3
005724 3
197280 3
068871 2
041597 3
004446 3
011373 4
460039 6
049732 4
085683 3
400841 7
092809 4
143048 4
068558 4
361605 4
095273 4
186212 3
493392 6
044686 6
005094 4
182640 6
508890 1
030621 3
057440 9
004507 3
037620 1
053120 2
020672 3
510223 5
012544 6
009006 3
060504 3
051527 5
306463 3
072620 3
043132 4
063073 9
214487 3
137401 9
397061 3
024862 3
281126 9
010859 3
007842 3
173547 3
112492 4
126974 3
171971 4
062873 3
022508 2
288546 6
266108 3
181662 2
021009 3
471785 4
423800 3
461513 9
172432 4
035933 4
299143 9
019500 3
417490 3
088834 6
266590 3
474371 6
359110 4
169012 3
017258 7
009172 3
423886 7
004408 7
026596 4
024472 6
021876 3
168505 4
084740 7
215846 9
039980 9
047300 3
223210 4
024989 4
050806 4
221251 4
046592 4
382758 9
218411 3
035498 7
007019 4
161207 6
018172 4
501775 4
278381 2
040982 3
519743 7
005092 4
123836 3
454365 4
014221 3
272394 7
446933 4
426676 7
034208 7
340344 3
211842 7
069505 3
124262 7
071913 2
039070 3
128406 9
067545 7
296876 9
018954 3
446491 4
189819 2
448309 4
035842 6
130137 4
012303 4
241311 4
141679 9
484291 6
029993 3
496461 7
291549 4
083048 6
463093 3
145110 5
308316 1
298328 4
528360 6
065326 3
051489 5
046047 2
179928 3
059242 3
047181 2
004550 4
012717 4
278219 4
178157 4
291688 6
065784 2
431686 3
496689 4
011588 3
033043 3
063207 2
320977 2
219729 7
456263 4
046881 9
042973 6
111722 9
373030 9
038315 7
015183 4
192400 3
034816 4
480870 4
103452 3
309423 9
006099 3
020201 4
025937 4
270595 6
084698 4
300205 9
237833 4
183189 6
390259 6
367361 1
501520 4
057127 6
375342 3
065850 1
221762 4
056216 4
164404 6
059367 7
124717 6
277501 3
156737 3
145833 1
093901 9
346313 6
316157 1
407273 4
064335 3
075894 2
309691 3
181129 3
109607 6
410510 6
320035 4
236283 4
035414 3
407087 6
015732 5
047330 6
024118 2
247014 4
102049 3
300537 1
222720 3
055530 3
225059 1
046667 3
320680 4
091951 6
456251 3
395452 3
017595 3
152628 5
037698 7
353380 4
072576 3
339260 4
342116 3
399261 9
007918 3
017456 4
387897 4
407872 4
132545 3
113823 6
099326 4
494812 9
159596 9
068539 3
006748 3
104593 4
147919 3
425373 1
114804 4
000691 4
140857 4
288609 9
042034 4
063213 3
024142 3
076938 4
085510 6
065295 1
203087 3
012304 4
002986 3
298252 9
140488 6
020010 3
082121 4
062000 7
027636 3
377887 9
445581 1
023355 3
028645 4
414291 4
429395 4
014297 1
457493 4
477303 7
299713 4
255764 1
036296 5
005058 1
057405 3
328805 4
052298 3
156491 6
397468 6
026650 6
032837 7
034937 1
094135 4
077345 6
285078 3
012718 3
503111 6
234882 5
453424 9
195942 4
263546 4
040946 6
094946 3
043488 5
059015 6
035032 3
460777 9
006080 6
011521 3
040173 2
010011 3
069708 1
124988 3
322337 4
053434 2
028133 3
001347 2
079873 4
372316 4
190630 2
182874 3
085684 3
414750 4
339417 6
148008 3
278711 3
112586 3
407025 4
030647 3
268654 4
241938 3
038939 5
016524 6
050258 3
121881 3
059997 5
491525 9
025066 3
106997 4
024087 9
258509 3
391598 1
025820 3
150162 4
244050 9
009588 5
226732 3
500841 4
020420 5
067903 1
045623 2
002580 1
093729 3
120229 6
419366 4
310711 6
226245 3
083273 9
012397 3
171706 4
432027 7
015547 4
042621 6
502394 4
346269 3
005855 6
016783 3
180521 2
126970 3
421717 3
188516 9
260106 5
472549 1
025933 2
463850 9
035043 1
144396 3
265037 7
077430 6
003938 3
356840 3
165711 3
021693 3
322185 1
271912 9
074089 3
187145 4
293498 4
212894 4
014772 7
178244 4
081520 5
173869 4
488996 3
213006 9
249718 4
254281 3
071981 3
421387 7
026526 6
483257 7
042016 2
123316 9
039795 2
068870 2
002508 2
012638 7
125452 4
399856 4
107811 4
140581 6
006613 3
020342 4
482014 7
193898 3
496165 3
222125 5
231061 9
136860 4
047413 5
004037 3
151871 3
278085 4
074745 4
519878 4
399334 4
083010 2
037130 3
038557 6
000188 4
010370 2
143295 3
440799 1
047194 3
090721 6
297489 4
102145 4
062742 2
040230 5
107727 7
026774 2
067597 2
489621 1
205836 9
423077 3
141382 4
350717 4
331619 4
079206 3
028722 3
039445 3
381869 1
172042 4
011709 3
378446 6
362102 3
049440 3
000031 6
471006 1
036813 4
360102 4
234592 4
030056 2
022509 2
019254 6
086369 4
126142 4
302973 4
227601 4
053632 3
071508 2
375473 3
411665 6
236710 4
001375 2
143261 1
069074 5
091886 3
311564 4
167136 6
130795 3
006274 2
240163 3
010524 5
051528 6
178158 4
241356 3
173312 4
007445 3
153471 2
169491 4
317260 3
088743 4
505727 4
197017 1
197559 1
009037 4
502376 3
036120 4
018711 4
078623 6
441628 4
114998 4
269000 3
309186 9
061999 7
074656 4
050805 4
027359 1
322130 4
236937 4
439946 9
016520 3
128488 3
047808 3
039332 1
446658 4
180722 4
011708 3
024486 5
371495 4
372487 3
428063 5
181897 9
325088 6
353847 3
039426 4
486307 3
091744 3
067303 3
298195 4
346800 6
051836 4
052284 3
037916 3
000078 3
014288 1
407860 1
114956 4
001376 2
029737 6
009132 3
074017 4
002929 1
114861 4
377061 3
048541 3
010371 2
089059 7
019487 3
528506 4
111212 3
080285 3
235961 4
055070 2
205806 4
399919 4
130752 9
243413 5
010588 7
087439 4
401685 6
061147 3
010359 2
013778 2
004017 2
028132 4
181996 2
099421 4
406599 11
075736 4
312726 4
421783 6
082224 4
068373 6
052949 6
210073 4
006577 5
047724 1
376093 3
075955 3
207541 4
053243 3
069707 1
007976 3
259973 3
396310 3
026856 6
000038 7
066399 9
112965 4
006938 9
444248 6
461944 4
022217 6
064935 4
010311 3
516745 1
330882 4
013430 3
470852 3
020660 3
177432 4
029055 4
005057 6
013690 3
391712 3
076078 3
065381 4
114834 4
248792 7
161554 2
052933 1
060188 7
015954 2
025987 4
242863 9
152583 1
023803 4
010307 6
035211 6
109436 4
213898 3
152806 4
001286 3
011434 6
033093 4
024261 4
016474 5
509958 3
136663 5
027911 5
022630 3
004893 3
074097 2
000027 4
002009 4
476242 4
485009 6
115180 4
067767 6
020307 5
331390 3
009007 3
240454 4
516686 3
107700 6
164217 4
108002 7
012018 3
030971 3
026104 4
217862 3
001885 4
105882 1
054444 3
182935 6
008838 6
486011 2
106091 6
364017 4
137217 6
023640 4
026363 4
008578 5
386248 4
046902 3
130941 3
224152 6
139308 4
226927 4
121567 6
284959 4
076432 6
276557 3
491765 4
010957 7
018420 5
026259 6
003544 2
068398 3
014931 2
261512 4
243075 4
017160 3
414345 3
208934 9
116044 4
298701 5
005375 9
203596 1
037617 6
152779 3
003829 2
035679 3
384311 4
493693 4
000525 4
087130 5
153031 5
243441 4
105883 1
375177 3
020472 2
015139 1
057489 3
240504 3
065109 3
457215 9
358160 9
356139 4
176498 4
239480 4
118673 6
433612 4
482487 4
123507 4
016519 3
072111 6
007754 2
069079 3
023718 5
491809 6
018296 7
130317 4
040060 5
080779 1
029994 4
107492 1
039690 3
037175 3
010564 2
028429 2
497810 9
096383 7
424810 4
140200 4
159296 3
087384 4
007752 5
331482 9
504192 9
077764 6
505131 9
091206 1
060956 4
458478 3
334398 5
086109 2
227177 6
312532 4
031224 3
000433 1
120358 9
119464 3
076902 11
109791 3
021374 7
059385 3
042108 7
025033 6
000526 4
059096 2
297398 4
036152 1
051663 1
477551 6
275377 6
049343 3
070360 6
017754 4
073163 6
159405 3
006070 3
051558 4
282739 6
093588 9
006171 3
508330 4
027517 7
029453 3
033069 6
036435 3
332145 3
003982 4
441491 4
118103 4
054065 1
194015 5
005272 3
180644 9
019199 3
048103 1
317782 5
390651 4
008461 3
121509 3
006313 2
483690 11
253369 3
120668 4
408151 3
010321 3
017308 3
066920 4
013113 3
089546 5
005882 1
481785 3
240539 11
356984 1
024437 3
011882 2
024204 6
069665 6
029377 4
189329 7
467579 5
013748 2
408330 4
465120 6
503489 11
123128 4
005856 6
103035 3
536662 11
045974 4
178498 3
005912 5
044877 4
007975 3
036093 12
143273 7
385521 11
004914 4
481169 3
258009 4
055735 6
189796 1
055843 2
454993 4
391332 6
114951 4
468275 3
361364 4
015115 1
008428 2
283864 5
007168 3
369018 11
443795 7
087547 6
004367 2
257314 11
326766 5
055923 4
013049 3
098263 4
152058 9
239402 3
254282 3
070278 5
032295 6
003121 2
218360 3
508539 3
041016 3
192828 1
052876 9
078819 11
095224 3
018053 2
066219 13
047818 4
318193 4
145125 2
000966 1
026645 7
052345 2
049437 1
191426 3
462051 4
033176 4
061559 11
085165 3
011393 2
223714 4
009036 4
098264 4
050265 3
096246 7
447035 4
002566 4
392368 4
049184 11
062335 5
078383 5
352783 5
186380 3
439867 1
405831 3
032509 5
067852 3
054786 5
053296 3
472806 9
175152 4
028236 7
184653 4
116503 4
110798 5
114209 4
189702 3
005664 2
282919 3
006800 3
433552 4
020826 3
505417 4
418888 4
471559 4
388724 5
477152 4
004251 2
176098 4
170676 5
029614 3
118283 6
170776 11
284437 4
124039 4
020169 4
192869 11
506404 11
079487 1
012214 3
334979 3
142602 4
536364 4
262108 6
138120 5
030400 5
001646 4
398639 1
069550 7
386552 5
235090 4
433311 4
148917 4
531698 4
216590 4
012191 4
275782 2
000642 2
145489 3
316103 3
042586 4
266389 6
145914 3
130011 4
005359 4
068431 3
468755 3
007529 2
245761 11
002438 3
311477 6
497100 3
150483 4
252570 4
170385 5
386010 3
189031 3
533849 5
013779 2
461220 9
009826 3
174567 9
514716 4
063552 11
032317 3
348455 2
330065 4
057736 4
002066 5
029501 1
004264 2
049639 3
217566 2
324676 4
490362 11
284036 7
045126 3
184278 5
047195 4
081242 3
138556 4
164720 11
004848 3
007446 5
051605 4
472363 5
486718 3
155826 3
506935 4
461041 3
454491 3
314803 4
035930 4
067393 2
197387 3
514818 3
014442 3
021770 6
004506 4
068515 3
174191 4
006001 11
056215 4
381253 4
355382 2
092551 2
038502 6
254402 6
263283 9
199396 11
171655 6
024792 4
014287 1
089547 5
040046 3
466878 9
065284 4
077258 4
450453 3
311758 4
379520 4
365504 9
023071 5
361334 3
246772 3
089299 3
022064 3
053870 4
050006 4
056321 1
017651 3
007753 2
071825 4
234555 9
491709 3
404891 3
026773 2
333006 5
049696 4
114783 3
333249 5
185861 4
170275 1
014490 2
514588 11
229868 11
029169 1
036847 2
148400 11
152593 3
082345 7
075768 4
005745 11
140021 4
052522 4
030340 4
184303 4
028639 7
080153 3
022008 2
277944 4
024438 3
098357 3
038296 3
085451 2
007016 3
101241 9
296710 4
018001 3
133649 7
035921 1
293673 2
008154 4
515697 4
043294 4
055435 3
034839 4
233314 11
051617 3
497733 4
473176 9
060733 11
036620 9
295891 9
403933 7
290887 7
011796 1
071740 11
061018 7
082818 3
033427 3
285276 6
234924 5
029413 2
259519 3
394027 11
276985 4
071816 4
017491 5
067788 11
022048 11
210689 11
258913 1
004352 3
463432 3
323037 4
091321 4
026184 7
008067 3
069864 5
401567 3
506673 4
007800 4
102445 2
022873 7
032957 5
062156 3
004950 7
212350 11
414085 3
136896 1
144599 6
356643 7
079431 4
010329 3
090178 6
133591 4
031868 7
182601 4
105595 6
041716 3
041625 5
015953 2
029874 1
175720 5
239980 4
021273 4
372092 4
249792 4
007919 3
132113 11
023367 6
019789 7
365925 4
002559 4
079339 7
092977 2
008475 7
033339 4
075209 4
032423 5
039755 11
133135 11
229179 3
016764 7
040373 3
229696 4
011396 3
334363 6
010436 2
318938 11
115207 6
247869 4
018066 9
007059 1
034819 4
010562 3
023639 4
106451 5
002264 3
031406 2
237983 4
036801 5
249733 5
138134 3
325877 4
003750 1
406683 4
011092 3
213248 3
069277 11
069839 3
056331 2
018753 3
049310 5
535850 4
176844 4
015784 2
008040 3
199582 4
053415 4
043097 4
030696 4
043605 3
346841 3
190330 4
030048 4
196098 4
022218 6
078382 2
193781 4
043745 7
460160 2
183670 3
409136 4
288519 4
108633 4
453479 5
438932 11
420321 2
180592 9
005913 5
034603 3
246663 9
232604 11
006481 4
030554 3
065311 3
032694 3
233989 4
077350 3
017535 3
053467 3
018918 1
132696 4
203014 4
480004 3
027004 4
035314 9
009827 3
419918 4
526558 4
026126 4
093519 4
471929 4
421086 4
056862 1
479568 4
256931 4
046919 1
161827 9
532677 4
236000 4
036057 11
400286 7
273851 7
409664 3
489379 4
024572 1
189337 1
140309 3
117230 4
106677 6
018917 1
217859 4
012441 4
115067 9
044269 3
044474 3
121060 5
134878 4
226647 3
531273 4
056303 11
368672 9
027127 11
231298 1
005123 4
139754 3
334420 4
002581 11
070739 3
002985 3
271428 5
310176 4
504042 4
311141 3
009830 1
018052 2
078187 11
025422 11
048242 11
416536 4
231403 5
099593 4
477463 3
000546 4
170967 4
480335 5
135874 3
078693 11
014850 2
195093 7
334400 3
005358 4
346310 4
078703 6
171822 4
136042 3
396342 6
044318 3
033400 4
005723 3
004039 2
455052 4
028736 11
107152 3
002323 3
003507 4
001886 3
534668 4
004250 2
226178 9
014412 3
028430 2
003939 4
370677 11
005908 3
238437 4
245078 6
013749 2
356165 4
362009 1
345488 4
329417 3
097123 6
421719 4
060125 1
023975 4
011168 2
312757 6
267940 4
101433 4
026613 4
049460 1
000066 4
063168 5
261961 4
012252 3
358965 6
449648 3
076575 3
174579 9
524812 5
060274 2
007312 2
095300 3
011342 2
487312 4
093413 3
027083 3
046237 4
164809 4
140233 3
028280 4
052182 4
175596 3
024473 3
036835 6
183913 4
391690 6
216730 3
015745 3
034952 3
006480 4
152925 4
060263 4
014110 2
179782 4
440457 2
153802 3
310418 4
184711 4
138229 3
339018 3
536744 9
033156 6
004951 7
195244 4
096787 7
378607 4
043721 2
006749 3
149924 4
039086 4
054064 1
046567 3
061179 3
408881 3
136377 6
005938 3
069278 9
020127 3
070263 3
040238 4
003749 1
358637 4
012442 4
009899 4
260919 4
366867 4
147768 6
066734 3
454955 11
047968 4
131177 1
170194 4
424501 3
013689 3
137496 3
162836 3
001039 11
134655 3
104923 3
264646 3
327729 3
118125 4
020126 3
212909 3
465692 4
417647 4
025423 11
012851 3
040229 5
209897 6
281772 4
026185 7
017854 7
285666 4
015309 2
234219 2
002920 2
504225 3
075290 6
261417 5
026264 4
027906 11
297672 2
019981 5
010312 3
147756 3
474271 4
090589 2
384013 3
125972 4
384266 4
042615 2
156658 5
059435 4
393308 11
037921 3
062858 1
011263 3
440909 4
007060 1
001100 5
065098 3
014670 3
081588 5
000759 4
111301 4
169427 3
310373 3
013088 11
085102 3
425819 11
385938 4
208900 7
004040 2
025672 3
420275 3
370536 3
015733 5
333813 5
473438 4
259740 5
059991 3
055585 4
504479 9
004447 3
055061 3
113162 3
064334 3
023593 5
005883 1
405974 5
008885 4
405877 5
015277 4
362592 7
074665 2
003596 3
037657 4
318399 4
052638 4
191820 11
299197 4
075014 2
076452 4
454600 3
003313 4
313838 4
114669 2
018091 6
360851 4
146730 3
266130 2
113767 4
114169 3
068126 2
381703 4
340735 11
111105 9
339057 11
478880 9
048856 4
536363 5
208313 4
032422 5
038984 3
056037 5
083500 4
388362 5
052722 11
318703 4
064694 4
002921 2
240469 2
424690 7
359982 9
001063 1
169806 11
264198 3
485637 5
229261 4
045213 5
004475 1
153694 7
081385 5
245279 6
008577 5
132426 6
014696 3
012639 7
180857 9
182857 4
109656 4
537334 4
003062 1
269286 3
017110 3
055974 1
191586 4
024723 3
138230 9
407036 4
448032 4
251640 5
450531 3
025023 4
123169 9
073544 3
000146 3
085811 2
155087 9
208799 6
002892 2
086097 5
061323 11
207342 3
499024 2
261395 4
014927 3
220694 3
247066 6
184562 7
049438 6
482987 7
470245 9
161265 7
110929 4
233443 3
013650 11
065637 3
002439 3
126090 3
254892 5
038362 4
004368 2
029359 3
437543 4
191934 1
014071 4
161981 9
015632 2
405895 4
140190 4
067855 2
135299 11
321320 4
396092 4
489593 1
020190 2
250573 6
007530 2
052948 6
043898 4
011726 4
043697 4
253411 9
316638 6
016199 3
057933 3
040059 5
470052 9
034554 2
456765 9
008041 3
263164 4
010495 3
176094 3
032831 4
242113 7
036777 4
134780 4
411882 4
367829 1
422197 11
009900 4
019980 5
034756 1
007522 6
380815 3
049414 9
023786 2
102117 4
006727 3
000032 5
326315 3
365708 9
337520 4
003794 4
007801 4
521348 11
312582 9
051475 4
067768 3
321175 4
361963 4
066410 4
054267 9
377262 4
024960 5
012259 11
123339 4
037759 1
099661 3
327561 5
368538 4
056665 11
276632 4
474272 4
089160 3
111478 4
077734 11
317600 4
226812 9
224423 5
166160 3
071948 2
041624 5
006380 4
001287 3
345782 2
479713 6
420406 11
413955 4
482190 4
065116 3
014926 4
100941 3
253241 7
370509 9
000547 3
167444 3
100968 3
016726 5
019399 1
176263 4
032200 7
000817 5
387562 4
318368 4
032645 4
260110 4
111008 3
339610 5
002712 4
122241 11
076936 5
009171 4
062741 2
010473 11
024296 3
083976 5
137822 4
133426 4
383762 3
253211 1
434502 4
015631 2
020096 7
096028 4
061318 6
262969 11
256399 9
107021 9
347358 4
215236 3
392252 11
066465 3
533905 5
145010 5
013756 3
037340 5
460674 3
359423 3
022036 7
082962 4
421100 1
005122 4
084243 4
093145 5
003261 3
018276 7
002067 6
017057 2
002032 6
065980 4
032032 7
075889 7
099106 3
151828 4
469211 4
267209 4
049591 4
003795 4
037006 3
167736 3
024861 3
204525 3
309240 4
080454 5
083195 5
289243 4
336171 9
280380 3
008685 3
170295 2
017259 7
433157 11
004052 3
005656 1
286408 3
063768 4
441289 11
330767 4
474323 4
034135 3
010248 3
175350 1
451754 14
034776 3
070505 5
093414 3
318041 4
066484 4
134237 4
228382 11
095432 3
424203 4
141595 11
004415 3
305640 3
011476 4
527040 11
025318 2
005718 9
023868 3
231140 9
343912 4
138585 4
344489 4
009662 4
001933 3
024272 2
232936 4
024735 3
459649 5
300954 3
205500 3
162078 6
008509 2
054116 2
283672 11
071756 2
180066 4
228674 7
039890 4
311271 4
005514 3
084697 4
061027 4
215185 3
532481 5
064429 2
046925 3
037078 3
018953 3
216192 3
008037 3
439871 4
040091 3
383803 3
097182 4
480704 3
108830 4
006312 2
030835 3
033412 7
066604 4
023147 2
334839 4
087803 3
378300 3
029987 7
328231 4
328149 15
069872 3
284553 9
337035 9
009511 4
058035 4
296476 11
069108 3
021634 4
302477 9
073336 3
043784 4
202974 9
039225 2
007707 3
021492 4
030130 5
019546 11
101414 2
281287 4
040653 11
039850 3
322562 7
004351 3
288818 4
463990 4
106002 4
028713 1
050856 7
026639 3
035003 4
408879 3
068820 4
069862 2
102677 2
057725 9
242875 1
004051 3
165873 5
279554 6
106024 5
427115 4
312790 5
261957 3
024715 4
060557 1
018194 11
163439 4
074655 4
021807 3
005877 3
426717 3
415932 11
016814 11
427048 3
382662 3
395135 4
005042 7
445473 7
000077 3
191409 3
282690 4
365967 9
016346 3
274808 4
202305 2
001961 11
014111 2
400627 4
039651 3
026053 7
053868 3
344315 2
359613 3
009840 9
396316 4
014142 11
146824 4
360637 7
093475 3
118351 4
390419 3
048521 3
017942 4
021548 2
001214 1
205096 1
393798 3
159067 4
135028 9
020601 2
025911 3
372576 4
235089 11
022214 4
080914 3
147657 4
117128 4
115459 3
010234 3
010215 3
207471 3
103047 3
025673 3
042970 3
475340 4
024203 5
001717 1
001183 11
277308 3
081682 3
167907 5
017135 3
145013 4
013144 4
397712 4
001750 2
096474 4
506194 4
017109 3
215410 4
010472 11
019200 3
056424 3
322090 9
515651 4
054749 7
117686 3
281245 11
444607 4
327321 5
007708 3
275889 11
057359 3
109071 4
163635 11
319557 4
056078 5
016782 3
264427 6
058067 11
017490 5
390331 4
115793 7
234122 3
520948 5
339502 5
064362 5
344960 2
287715 7
005746 11
175518 6
358429 9
006079 6
322668 4
337158 3
067460 11
017437 4
055033 3
444855 3
293304 3
006100 4
445259 9
203329 9
204801 7
118873 11
150541 11
356365 4
332421 4
287149 4
198114 9
263212 3
268145 4
002025 5
091007 9
088319 4
081601 5
066930 3
062336 5
344026 3
310641 7
049864 11
176268 5
003350 11
205083 6
127166 3
136744 3
178992 11
010042 3
314002 7
185774 2
041576 1
001062 1
294669 4
316394 4
271197 4
080301 3
517656 9
004476 1
468425 3
366388 3
143461 6
505493 9
181725 3
043700 3
041575 9
054287 11
525213 1
355604 9
221936 7
049788 6
217163 5
023908 3
139798 4
329193 7
098452 1
020012 7
169526 11
055955 9
336255 3
005556 3
174203 2
478186 4
026997 4
144711 3
119685 3
148251 4
026435 4
402381 3
165755 3
073603 7
174014 4
482477 4
213325 9
121808 4
155498 3
221428 4
008462 3
042223 4
019547 11
170110 3
015766 4
438404 1
051939 4
107901 7
054190 4
483757 4
277841 3
139755 3
004044 3
011797 1
124131 9
017761 3
067403 4
082276 3
315658 5
010012 4
019842 2
435450 11
060295 3
463165 6
155441 4
000145 3
370065 4
393365 4
023717 6
008353 4
061483 2
011435 5
485287 9
004038 4
078586 2
019621 7
276150 11
079614 4
017905 4
021549 2
129216 4
475504 3
011167 2
064848 6
018429 4
146508 7
013216 2
035932 3
178751 11
047507 3
017812 7
086522 3
204524 3
167858 3
219753 2
000057 4
097562 4
082970 1
003061 1
120042 3
158918 7
277191 4
344782 16
218260 4
127016 2
320530 4
004265 2
242206 3
041598 3
242167 7
031295 11
111699 11
027851 4
352698 3
159367 4
055782 3
015140 1
116461 3
010161 11
005876 3
015413 3
532042 3
074374 6
235235 4
447494 5
036297 5
216720 4
010565 2
003349 11
467044 3
386682 9
079182 11
180240 4
171256 1
163368 4
001962 11
126503 9
040251 4
399425 4
216769 9
023148 2
034522 1
032924 2
235492 6
459322 3
477852 6
239977 5
030030 9
024523 2
014999 1
184792 11
407143 9
105925 3
371608 3
020128 7
024580 3
045289 3
394580 3
032854 3
004407 7
041760 3
014695 3
048102 5
019329 3
000967 1
025765 3
035894 4
076618 11
445312 11
195943 4
303774 9
005449 2
200258 4
314941 7
164707 11
230643 4
001978 4
526276 11
066853 3
246597 3
284256 2
254916 4
362507 7
035301 3
493781 6
163624 4
391333 4
231724 9
054010 3
327014 3
396641 3
511837 9
157187 9
093170 5
001358 7
209298 7
046127 5
009849 5
005041 7
038211 3
209789 3
030055 2
141142 4
306418 3
002893 2
009632 2
476214 4
421073 6
011397 3
050259 11
010437 2
339191 3
333812 4
326823 2
001182 11
001934 3
039387 5
333741 4
163592 5
264666 3
489644 3
017868 4
184297 4
091205 2
242154 5
012852 3
151533 4
390906 7
009874 4
017159 3
053892 7
056644 4
452219 3
017537 4
053000 3
014129 11
168575 3
498166 3
182152 3
235566 4
061254 1
355594 4
537585 7
039092 6
121937 4
191163 3
074131 4
092097 3
206183 6
108004 11
036836 6
017507 7
492085 3
482700 4
489838 3
261365 5
090513 5
069258 5
030021 4
093146 5
300681 6
028174 4
066152 11
233333 6
121220 4
048082 3
330848 9
015414 3
108894 4
025000 5
138910 3
381165 7
050183 4
272861 4
041669 4
002561 4
025032 11
063934 11
374525 4
061315 1
018355 4
356859 6
241940 3
029425 6
412281 3
082486 4
162765 1
164702 1
037037 9
000877 2
077671 3
063316 2
024779 11
129972 5
128534 3
006937 5
049715 3
065294 1
065743 3
001527 4
273850 6
072573 1
177774 3
363093 4
169735 4
338414 3
006806 11
003506 3
023814 7
286019 6
147552 2
025278 4
108442 9
000876 2
135164 3
171713 4
091414 2
028559 3
413863 3
127922 5
067102 4
335587 3
024471 3
132275 5
056332 2
318197 4
041484 4
275565 9
123592 2
508922 4
007751 5
002374 7
433431 11
036806 1
121442 6
407565 4
035123 3
064674 1
258354 5
033070 11
152406 3
037213 3
016490 3
420263 4
080722 1
017100 3
018758 2
430520 11
403898 3
086762 4
273511 4
025230 4
020607 3
006437 3
044331 7
017506 7
298116 4
281025 9
190018 9
005715 3
011392 2
009873 4
221900 5
116978 3
025984 3
018759 2
055922 4
030047 4
099507 9
071509 2
123848 9
102320 6
444721 5
343082 4
373542 3
060503 3
223695 7
512458 1
124127 3
396879 3
335824 9
383777 4
024734 3
287657 7
001772 3
071446 4
142409 3
201408 11
001977 4
341311 2
328300 11
005555 3
105454 9
501957 4
331120 1
217650 9
416081 11
259511 5
013889 11
407542 4
101696 6
121510 4
386325 11
077414 4
429999 2
018629 7
043544 4
039372 3
295167 9
033031 4
281964 4
050123 11
008839 6
218851 7
434016 4
010249 4
011343 2
458019 3
296461 3
003830 2
410785 4
104108 4
029949 9
002026 5
207363 5
000643 2
269551 9
097466 4
187610 3
015596 5
078670 2
338492 3
459019 5
165146 4
322296 6
078084 4
353242 3
261713 1
024260 3
029716 1
069337 17
479278 11
087132 5
020383 4
479544 4
498348 4
042620 4
244491 2
077287 5
129985 6
389359 3
064428 2
459866 5
343689 4
178595 4
366277 4
010523 5
001718 1
011881 2
302975 3
096805 1
066915 11
429183 7
043626 4
191965 4
484722 3
003595 3
122390 3
010433 3
374098 11
109453 4
156306 4
002509 2
438595 3
047967 6
149859 11
054317 3
008510 2
443522 3
004944 6
132164 7
288682 4
067236 7
088399 1
047573 4
109728 6
181747 3
059095 2
022902 5
390379 7
076565 11
490961 1
004018 2
476681 3
020550 1
039796 2
418783 4
002567 4
301597 9
070221 2
381107 9
215435 6
052733 2
237296 3
486310 5
450320 7
032233 4
000209 3
045091 6
011877 4
410768 6
004818 2
306677 4
463789 3
519858 11
024793 4
110897 3
119370 1
002656 1
299458 7
366772 3
049323 9
033359 3
066448 5
089595 6
205939 18
042587 4
318651 4
435012 9
124799 3
260444 3
048241 2
045090 5
002265 3
128068 4
444630 4
047485 7
088874 1
180558 4
040096 4
529082 4
035931 3
351244 4
074023 9
370382 3
296354 4
047020 7
001810 2
008867 3
181439 6
045157 4
021279 4
321207 3
245580 5
521537 9
080913 3
046731 3
414584 9
050535 2
121847 4
231428 4
010322 3
001749 2
144701 3
001809 4
291511 6
023310 3
440101 4
024163 4
127241 5
284989 4
203857 3
461731 4
029885 4
017811 7
121337 3
034936 1
094018 4
142825 3
193031 3
024390 2
266164 7
122595 11
328819 4
167854 3
005450 2
006801 4
224541 3
227959 4
006799 4
341650 4
004416 4
100703 3
060700 9
296052 3
163938 3
164703 3
243522 3
011477 3
222885 11
067435 4
021713 7
454316 4
374550 4
048801 4
100431 5
367599 4
002711 4
051057 3
272327 3
080440 1
002010 6
132922 5
411799 9
254812 5
088971 3
455730 9
517038 9
029152 2
127387 4
444513 7
142423 4
029357 4
295096 3
447128 4
126186 7
043043 2
006802 4
466790 3
020542 3
395731 9
485928 4
487439 4
398413 4
358720 4
