0 1.4673457145690918
046592 1
024861 2
373542 2
476242 1
136896 3
024723 2
008577 1
124039 1
088834 1
066410 1
313838 1
128068 1
182874 2
444248 1
449648 2
454955 1
066219 4
067102 1
399645 1
473220 1
391598 5
366277 5
002559 1
005042 3
003795 1
039372 2
147919 2
007446 1
001717 2
508330 1
112586 6
117230 1
102145 1
343082 1
405895 1
056332 1
515697 1
082022 1
328805 5
068373 1
014772 3
121567 3
001977 1
529082 1
467106 1
034952 2
180240 2
053296 2
019789 3
056665 1
048801 1
153802 2
387897 1
298974 1
027499 5
040092 2
089059 3
156737 2
096383 3
062742 1
033176 5
082345 3
008885 2
358429 2
501957 1
005555 2
519878 1
091886 2
041484 1
012639 3
004352 2
171706 1
040251 1
500841 5
365925 1
163635 7
022064 2
182640 1
264646 2
443795 3
161981 1
260110 5
050805 5
018277 3
152612 2
105596 1
051786 1
050523 1
066854 1
243413 1
081242 2
460674 2
087384 1
025673 2
335824 1
008037 2
043721 1
075916 1
462051 1
126186 3
113387 2
403933 3
400679 2
439946 1
176098 1
264427 5
418783 1
129972 1
338492 2
483257 3
028132 5
381165 3
036836 1
087130 5
318197 1
079873 1
014670 2
407025 5
039890 1
014930 1
477152 5
333249 5
140233 2
508922 5
345782 5
176151 1
533905 5
003830 1
122595 1
223714 5
482700 1
499633 1
401567 2
060125 2
039755 2
051489 1
528506 1
322185 5
015309 1
029885 1
295891 1
433552 5
081027 2
273850 3
189031 2
057359 2
050183 1
042620 1
032233 5
006748 2
029501 3
105997 1
355363 1
030056 1
023367 1
253241 3
153471 1
444513 3
493392 1
169427 2
152058 1
433157 1
273851 5
356984 5
159367 1
502376 2
300045 2
261713 5
223210 1
000967 3
171655 1
072463 3
000817 5
033031 5
282739 1
033339 5
029169 3
056216 1
504042 1
059802 1
365708 1
128406 1
035211 1
006805 1
000433 2
013880 1
210689 2
010524 1
322090 5
042294 2
277944 1
071740 1
334400 2
370536 2
004039 1
260986 3
472363 1
276985 1
050806 5
102042 2
076452 5
145110 1
240469 1
471785 1
339502 1
339191 2
001101 1
179782 1
032032 3
138120 3
167136 5
152628 5
001809 1
110929 5
491765 1
011588 2
083010 1
346841 2
087439 1
351619 2
068820 1
028430 1
120397 1
011476 2
084697 1
037620 3
067393 1
134655 2
434016 1
490961 2
104593 1
395135 1
075889 3
277308 2
374525 1
026650 1
058067 1
216590 1
038211 2
021858 2
537334 5
293673 1
116503 1
180722 1
283725 1
016764 3
488828 5
180644 1
386325 2
013049 2
089160 2
228674 3
042034 6
182601 5
005449 1
102049 2
091321 1
421719 1
446491 1
006312 1
001214 2
044877 1
198114 1
001062 2
145833 3
281245 5
065295 3
470852 2
012018 2
138134 2
136042 2
021770 1
078382 1
312757 6
070263 2
001978 1
101414 1
239980 1
135874 2
081682 2
005912 1
029152 1
227601 1
308316 6
017160 2
049437 2
064848 1
384013 2
249733 1
011881 1
146342 1
024261 1
032831 1
035314 6
039795 1
002374 3
092977 1
331390 2
009662 5
248792 6
026613 1
330767 1
121442 6
029715 2
091364 2
006799 5
069079 2
051605 6
090721 6
295096 6
067303 2
041576 6
031712 2
244763 1
345488 6
003982 1
016474 5
002509 1
030554 2
480704 2
081588 1
290085 2
027127 6
243522 2
057736 6
091744 2
010565 1
021693 2
025230 1
217163 5
093729 2
114834 6
367599 1
477551 1
165711 5
512458 5
381107 1
375177 2
299458 3
055070 1
068962 6
029994 1
156658 3
316157 3
368672 1
108633 6
348455 1
021279 1
015414 2
391333 6
186380 2
280380 2
086522 2
053632 2
028415 2
003939 1
528360 1
327729 2
298116 6
191820 6
479278 6
020012 5
052949 6
052722 6
103035 2
205083 1
053467 2
130098 1
109656 1
077258 6
059991 2
451754 8
318938 5
433311 1
007975 2
094946 2
014361 1
496165 2
322296 6
033359 2
014695 2
212894 1
016199 2
009006 2
016346 2
061254 2
014288 3
027082 2
216769 1
023786 1
001772 2
024472 6
018172 1
019546 2
241938 2
079614 1
406683 1
377260 5
174014 1
070278 5
100827 2
319557 1
040096 5
066915 6
429183 5
003750 6
009899 1
394580 2
092311 1
050258 2
276150 6
424810 6
024579 2
249718 6
413863 2
288818 1
132172 9
012217 1
327014 2
190018 2
029874 6
023718 1
356859 6
356165 1
245727 1
085684 2
521348 6
111699 2
025423 1
272394 3
000691 1
156299 2
532042 2
012851 2
452739 5
373030 1
034603 6
421073 6
347358 6
193781 1
076936 5
039070 2
536364 1
285934 1
202974 6
279554 1
036093 10
025033 1
048346 1
015784 1
426717 2
101241 3
010234 2
421100 6
333812 1
005746 5
032295 5
042615 1
059367 3
207285 2
531698 1
142423 5
360102 1
236937 1
071981 2
028280 1
141679 6
021876 2
003506 6
049864 6
004367 1
007919 2
180558 11
093414 2
009840 1
041575 1
391712 2
311564 1
049715 2
180066 6
240539 6
404891 2
479544 1
314002 3
375342 2
005856 1
066484 1
067435 1
352698 2
264666 2
489621 6
179928 2
010011 2
008838 6
046919 3
002032 4
009830 3
021374 3
000526 5
032423 1
009037 1
045213 6
018629 3
033043 2
117686 2
017159 2
055922 5
039980 2
410768 1
010436 1
417490 2
077764 1
037213 2
100843 3
229696 1
065098 2
026259 6
505131 1
011092 2
214006 3
253411 5
077287 1
023639 5
114951 5
223695 3
310176 1
186212 2
090564 1
092551 1
037657 5
418953 2
111905 2
298701 5
428063 5
516745 6
309691 11
454600 2
123592 1
231298 3
011393 5
064694 5
051057 6
252570 1
009031 2
044686 5
175596 11
039086 1
437543 6
203087 2
019254 1
474272 1
163439 5
284959 1
197559 5
145013 1
175152 1
447128 6
008041 6
328231 5
017905 1
162836 2
174567 2
022873 3
463789 2
486307 2
477463 2
419918 5
000038 3
471288 1
333741 5
009900 1
396092 1
114669 1
134237 1
036801 9
340344 2
065381 1
036777 1
167907 5
118103 5
047808 2
261957 2
061147 2
199582 9
360851 9
049343 2
143295 2
298111 1
067236 11
161827 1
281287 9
144701 2
130011 9
020169 1
422197 9
163938 2
162078 9
014958 3
110897 2
013430 2
017811 3
133135 9
023814 3
499024 1
185861 11
063207 1
042621 9
123090 9
075955 11
083628 3
005908 6
017942 1
184653 5
182857 11
367398 1
482487 1
132922 5
311141 2
086762 9
424501 2
460777 9
054317 2
042016 1
222125 9
130137 5
016782 2
158918 3
156306 1
006552 3
228919 1
489838 11
140581 5
381703 1
163368 9
010321 2
019200 2
408967 2
277191 5
187145 1
372092 11
121337 11
030696 1
039651 2
175720 9
093413 2
244050 1
407542 9
006001 9
049184 6
414085 11
018759 1
004265 5
056302 6
503489 2
008040 2
173869 9
105306 6
229261 9
172042 9
312582 11
536662 11
213898 2
456765 9
310418 9
030580 11
104108 5
022036 3
071825 5
261417 9
054287 6
510223 11
120668 9
006577 2
025695 6
221900 5
007708 2
064429 1
007530 1
055843 1
426212 2
002438 2
029737 9
005556 2
316394 1
456251 5
320530 9
170110 2
486310 9
478880 2
380815 2
188516 9
297672 5
088399 5
337800 2
004447 2
024793 5
408330 9
433431 6
056215 9
004475 3
113823 6
090513 9
064674 3
470052 11
015733 5
235961 9
012252 2
230643 1
233784 1
195093 3
118283 9
001933 2
030130 1
058035 9
294482 11
284437 5
286019 9
312790 9
402157 2
041625 5
155441 9
181747 11
295282 2
218360 2
025672 2
416536 1
029425 9
007751 5
053868 2
343231 6
189329 11
068515 2
060733 11
168505 6
396075 5
069505 2
092553 2
379520 2
012441 1
433612 1
378300 2
009874 1
296476 1
048103 6
189819 1
080779 3
306463 2
048053 3
040173 1
031406 1
224423 2
536363 2
027331 2
050123 5
002986 2
459322 11
024471 2
030048 5
011521 2
035301 2
008685 2
007522 6
206197 2
048541 2
478186 9
130941 2
247869 1
245279 1
088743 9
027636 2
005913 1
033412 3
005877 6
088660 3
126974 2
047414 1
101696 6
065109 2
000145 2
022902 5
020542 2
007753 1
124988 2
040060 1
006438 2
239480 1
157977 3
339260 6
291511 1
019621 3
191163 2
240454 9
034819 5
035679 2
263546 9
133063 9
033156 6
019399 6
023803 1
381854 5
468275 2
034816 9
000759 9
007842 2
242875 6
177432 5
170275 6
314803 9
027003 1
028639 3
011392 1
011264 1
011709 2
014927 2
026596 1
107900 3
001810 1
063552 1
265037 3
006480 5
064334 2
152806 1
056331 1
270595 6
191934 3
176263 5
027517 3
173547 2
152593 2
215236 2
081520 5
024204 5
068126 1
387500 2
024296 2
324876 11
069205 9
438932 6
151871 2
358965 5
026054 3
008428 1
022218 6
011091 1
014442 2
026053 3
095193 9
178244 1
395731 9
030971 2
098452 3
017135 2
334070 3
013689 2
109791 6
410236 2
099421 9
015745 2
023147 1
008510 1
242154 5
059435 5
020383 9
066152 1
309423 6
214925 5
355604 11
078586 1
080722 3
021807 2
239402 2
031295 9
231724 11
017651 2
038362 1
470634 2
336171 9
330882 1
010329 2
021713 3
204524 2
124262 6
135028 9
480004 2
145010 11
486011 11
006079 5
051663 3
035894 1
012544 5
010859 2
176268 5
361334 2
366867 6
488996 11
438595 2
014110 1
095273 1
074023 9
118125 6
237983 5
458478 2
029055 1
258009 9
284553 11
185774 1
208934 9
015631 1
472806 2
321207 2
001348 1
012638 3
108002 3
065294 3
080914 2
175518 6
004476 3
035032 2
454993 9
282690 1
006937 5
299197 5
503111 9
075209 9
000642 1
458019 2
461220 9
112965 1
050006 5
151533 1
059095 1
018276 3
485637 9
137217 1
494812 6
023310 2
195942 5
121847 5
020472 1
191586 1
165146 9
310373 2
471559 9
018753 2
534668 5
370677 3
078383 9
360166 11
353847 2
000146 2
318547 9
207342 2
326315 2
420275 2
178992 6
508890 6
045623 1
067403 1
137496 2
123848 5
026185 3
078819 6
199664 3
246663 1
006727 2
525213 11
060504 2
061559 3
254282 2
140200 5
017456 1
034135 2
018053 1
197387 2
001183 6
391332 6
069864 9
029716 3
062156 2
009172 2
143048 9
020628 2
263283 11
237296 2
118351 5
099326 9
033427 2
130752 11
007707 2
018052 1
498166 2
109436 9
132545 2
069862 1
120042 2
337158 2
276557 2
046902 2
051649 6
067788 9
000546 9
213254 1
235235 1
275377 9
111105 9
484722 2
379074 1
407087 6
371608 2
531273 1
047181 1
075917 1
020827 2
003544 1
480893 2
045090 5
033070 6
471929 9
464321 11
010042 2
383803 2
089595 6
013749 1
002322 2
205939 12
408879 2
172432 5
492917 5
086109 1
108442 9
001182 6
467989 2
143273 3
366388 2
055061 2
189702 2
003507 9
093397 2
465692 5
004251 1
334285 2
023148 1
015277 9
418888 9
231403 9
318041 5
310641 3
504192 1
330848 1
095300 2
089546 5
047507 2
458475 9
334398 9
475340 5
062858 3
106677 13
288682 1
331120 3
207471 2
189337 3
217566 1
007976 2
002323 2
042223 9
035123 2
024438 2
036813 1
001750 1
049310 1
532438 1
258509 11
017761 2
222885 6
105595 6
085451 1
358160 9
077350 2
170385 5
148385 6
006614 2
002010 13
091414 1
435450 6
017754 1
312726 9
008801 1
465120 6
467579 9
196098 9
138229 2
109071 5
010311 2
057405 2
414291 9
005718 1
444630 5
092809 9
034839 9
147552 11
097567 9
050535 1
089547 1
016519 2
003829 1
356840 2
094018 5
424203 9
247056 11
246597 2
123128 5
431686 2
423800 2
116461 2
029949 9
152925 9
117143 9
363093 13
215846 9
161207 13
026126 5
064935 5
421387 11
044317 2
005938 2
159067 13
295167 11
326766 9
081385 5
043043 1
520948 9
025066 2
390906 13
066920 13
033833 1
358720 13
004052 2
397468 9
395452 2
041624 5
144599 5
015413 2
007019 13
341650 13
386552 5
325877 13
014696 2
046127 5
047330 6
139798 13
184278 5
013088 6
025023 1
037130 2
324676 13
040229 5
407036 9
024142 2
071446 6
004018 1
287149 13
505417 13
027618 1
359423 11
001885 13
055585 13
001934 2
041597 2
178157 13
065637 2
052284 2
033400 13
025000 5
358637 13
013756 2
043488 5
382258 2
474663 9
169491 13
046731 6
407872 13
232936 13
135299 13
296876 13
148917 13
115207 6
037921 2
282919 2
233314 11
466878 11
061323 6
080301 2
029614 2
082224 13
326823 1
101433 13
450531 2
032837 3
359110 6
262108 11
034937 3
097466 13
299713 5
076432 6
355382 11
018296 3
167940 2
134780 5
067545 3
140857 13
083273 13
362102 2
000966 3
013113 2
114209 5
450320 3
120358 13
036620 11
121060 9
102320 6
012259 1
005272 2
082970 6
455052 5
391690 6
049696 13
127241 13
060557 3
014926 13
080454 5
016520 2
253369 2
039445 2
005450 1
020672 2
044331 3
001376 1
007060 6
026856 6
017057 1
028713 6
168575 2
009661 5
038557 9
017171 5
032694 2
002009 13
387562 5
015547 13
029377 13
072576 11
476681 2
215435 9
047413 13
067855 1
014490 1
006749 2
122390 2
463850 1
060503 2
017258 3
104923 2
344960 5
476214 13
334979 2
361364 13
000057 13
056078 5
012304 5
322562 11
164703 2
176844 13
077734 6
001842 13
321320 13
263164 5
491986 3
145489 2
083048 9
468755 2
055048 13
005664 1
441289 6
041864 2
005434 13
119370 11
106024 9
297398 5
266130 13
365967 11
167736 2
178158 13
272327 2
009511 9
107811 13
041598 2
236000 13
057489 2
006481 5
011263 2
142602 5
132696 13
288519 13
448309 13
132113 11
012718 2
142825 2
017868 13
046567 2
213248 2
216192 2
227177 13
025422 6
030021 13
480335 9
138230 9
397469 9
164809 13
059096 1
017506 3
463165 6
399900 3
159150 6
070221 13
474323 13
403369 13
018918 3
029993 2
025820 2
318651 13
195943 5
023593 2
011168 1
126808 3
216720 13
430520 11
004351 2
001347 1
002930 3
432027 3
318368 5
080913 2
159734 5
155087 9
000077 2
028236 3
178595 13
018419 5
316103 2
021009 2
000027 13
035921 6
039387 13
012214 2
057127 6
039225 1
046667 2
226647 2
100941 2
088874 6
003321 1
007800 13
429395 5
115067 13
209789 2
054065 3
001886 2
074097 1
054064 3
293498 13
235090 13
030400 6
118673 6
105251 6
242155 13
328819 13
002581 6
096246 3
254916 13
019487 2
254812 5
125673 11
069356 6
065311 2
055923 5
047968 13
453479 9
008462 2
006069 2
234555 9
052638 13
149383 6
141595 2
229868 11
486718 2
037078 2
447494 9
459649 13
184562 3
286408 11
011343 1
024437 2
078703 6
039332 6
285078 2
260444 2
203329 5
060295 2
029331 3
263212 2
512267 9
424690 3
030047 13
242113 3
003596 2
287657 3
000032 5
305640 2
296354 13
415932 6
470245 11
157187 11
217862 2
024203 5
393365 13
005745 6
076078 2
069550 3
169012 2
217650 9
035003 13
124127 11
003061 6
076565 6
399919 13
028174 13
068431 2
067768 2
333813 5
025278 13
019547 6
259973 2
260106 11
002025 5
362009 6
011434 5
498348 9
025933 1
005359 13
306677 13
009171 13
061483 11
071508 1
056321 3
446842 13
416081 11
012852 2
040946 6
025911 2
021634 9
010433 2
055974 6
020128 3
007168 2
339610 9
131177 6
077430 6
121510 13
328149 14
497733 9
382758 9
069278 13
053120 1
392252 6
058173 2
361605 6
427048 2
148400 6
018420 5
382662 2
002566 5
312532 13
140488 5
228382 11
395028 5
343912 9
004818 1
159296 2
359982 11
067852 2
329193 3
475504 2
086097 9
474694 9
178751 5
049440 2
107492 3
061315 3
084698 9
208799 6
000525 5
438404 6
069872 2
235492 9
066465 2
371495 13
261395 13
024792 5
004051 2
010322 2
479568 13
011797 3
032924 1
100431 5
169526 3
128534 2
533849 11
048856 13
093901 13
029453 2
267209 5
125452 13
024715 13
014142 6
005724 2
059242 2
527040 11
021492 13
291688 13
213006 13
454316 13
001063 6
344527 13
080153 2
388724 13
145012 5
181897 13
311758 13
167854 2
338414 2
261365 9
206183 9
262969 6
102117 13
020127 2
299143 6
017109 2
067460 6
049414 13
068871 1
398639 2
034208 11
370509 9
469211 13
029987 9
009007 2
410510 9
450453 2
164707 9
026184 3
041016 2
049438 6
014767 5
054267 1
035930 5
311271 13
044474 2
362507 3
192869 3
015596 5
496461 3
057933 2
412281 2
195469 2
127922 5
268447 2
399261 13
411882 13
386682 13
473176 9
348600 2
491809 6
079487 3
024087 9
184297 13
022286 13
020420 9
171822 13
071509 1
013650 6
320035 5
099661 2
008461 2
024473 2
030055 1
456263 13
113162 2
277841 2
005092 13
014362 13
164217 9
359613 2
028722 2
105882 3
090589 1
241311 5
479713 13
006502 2
266164 3
011342 1
498120 2
049732 13
071913 11
195244 13
300537 6
439871 13
032509 5
394027 3
385210 13
225059 11
038315 3
025987 5
096805 6
027906 6
226812 11
405831 2
269000 2
288609 13
041716 2
083500 13
226245 2
036860 6
309186 9
472549 6
240504 2
069074 9
259511 3
153694 3
517656 13
149924 13
244954 13
021712 3
019980 5
401685 9
126970 2
013889 6
030681 2
405648 2
024118 1
171256 3
158845 2
010958 3
042973 13
344026 2
275565 13
006437 2
211842 9
037916 2
191965 13
002985 2
440101 13
137286 9
001646 5
444607 13
245078 13
330065 9
189796 6
062336 13
050265 2
018953 2
107021 11
242863 11
004951 3
445312 6
148251 13
023070 6
121808 13
006313 1
455730 13
021549 1
032957 5
344782 15
066853 2
006274 1
224152 6
027851 13
089123 13
267940 13
013748 1
506935 13
141382 13
489379 13
138910 2
042108 3
006100 13
275889 6
323656 5
092097 2
396310 2
005715 2
046925 2
036152 3
124131 11
118192 13
014071 5
026639 2
341311 1
007016 2
142484 6
276632 9
002921 1
002711 13
474746 13
011796 3
297489 13
034776 2
244927 2
140021 13
005663 1
040046 2
035043 3
269551 9
460039 13
009132 2
052933 6
075768 13
061018 3
045220 9
017110 2
448255 11
389697 2
006800 2
065980 5
383777 13
043700 2
035842 9
093145 5
506673 13
053892 3
016726 3
471006 6
247014 13
024960 5
146730 2
184792 6
004038 13
006551 3
010248 2
111008 2
062335 13
203857 2
165873 5
059385 2
482477 5
208900 11
497810 6
461041 2
089299 2
061999 3
036435 2
019199 2
071816 13
029359 2
221251 13
048241 1
340735 11
121509 2
346310 5
526276 5
461731 13
002026 5
446658 13
015139 3
069258 9
298252 13
317782 1
010957 3
084740 6
028645 13
140190 13
008578 5
343689 13
366772 2
243075 13
234592 13
038502 5
018758 1
111478 5
517038 11
017491 9
315658 9
140309 2
001718 13
069337 16
006275 1
057725 9
061318 13
164720 6
390259 9
032422 5
115459 2
023640 5
300205 13
010371 1
004040 1
183913 9
055735 6
074374 6
105454 11
405974 9
296052 2
176094 2
298328 13
191409 2
237833 13
047020 3
103452 2
080285 2
235089 11
407565 13
147657 13
118873 6
036057 6
253211 3
065116 2
393308 11
017595 2
000037 3
070277 5
392368 13
463093 2
001287 2
156491 6
144396 2
234924 5
123507 13
043605 2
017854 3
098263 13
036847 1
314941 11
386248 5
001749 1
051475 13
322668 5
015732 5
085102 2
201049 5
005041 3
300954 2
339018 2
005723 2
018429 13
018001 2
005514 2
010312 2
028885 1
429047 13
297580 2
483690 13
115123 1
197017 3
109607 9
020660 2
080440 3
018711 13
043626 13
059015 13
060700 13
078187 6
235566 13
007312 1
045289 2
074326 6
010562 2
093170 13
066930 2
115793 3
176498 13
378446 13
015766 5
126090 2
070360 9
356643 11
281772 13
093588 13
278219 13
002561 13
005057 6
344489 5
063316 1
039690 2
519858 6
015953 1
502444 6
109124 13
055435 2
334363 9
207801 5
482190 5
334839 13
398413 13
334420 9
268654 5
006938 5
274808 13
364017 13
429999 13
023355 2
318703 13
015183 9
003260 2
004407 3
069108 2
491709 2
110798 6
040724 1
085165 2
010161 6
125972 9
074131 13
026997 13
002656 6
457215 11
129985 6
111212 2
076575 3
403898 2
078084 5
099593 5
407143 11
222720 2
054840 3
097182 13
234219 1
003313 13
061377 1
036120 13
154637 11
190630 11
360637 3
041669 13
021273 5
219729 3
051939 13
355594 13
236710 13
106997 13
425373 6
004037 2
082276 2
095743 13
346269 2
051836 13
043413 5
045091 9
267574 9
288546 9
090178 6
528473 13
344315 1
259740 9
001286 2
028429 1
018066 11
249792 5
116044 9
460160 1
030647 2
167444 2
356365 13
066448 5
463990 13
046237 13
293304 2
329417 2
053243 2
119464 2
205500 2
493781 6
526558 13
034616 9
088971 2
466790 2
029357 13
409136 13
011477 2
164404 13
254402 6
487439 13
353071 2
198910 6
006070 9
506404 2
151828 13
264198 2
174203 1
155826 2
233333 6
148008 2
083195 5
105925 2
124799 2
139755 2
183189 6
040091 2
268145 5
011708 2
260919 5
434502 13
005883 3
114956 5
085811 1
040059 5
159405 2
411665 13
241940 2
444721 5
000877 1
051617 2
044269 2
150483 13
015115 6
285276 6
087803 2
020550 3
169806 6
117128 5
002929 3
474271 13
008067 2
129216 5
028721 5
051527 3
332421 13
008154 13
240163 2
413955 13
068558 13
149859 6
073544 2
001375 1
069707 3
005855 6
078693 6
505493 9
027083 2
449745 5
074017 13
153031 5
281055 13
132426 13
005094 9
133426 13
020307 5
440457 1
018954 2
302973 13
003121 1
037340 5
073163 5
024486 2
226732 2
014221 2
014287 3
009873 13
043544 5
069665 9
069277 6
231428 3
184850 13
209298 9
076938 13
024989 13
197922 3
073603 3
008066 2
166160 2
068398 2
002066 2
150162 5
150541 11
443522 2
337035 9
514716 13
027911 5
170194 5
317260 11
146824 13
041760 2
115180 13
037617 5
321175 13
034756 3
010215 2
333006 5
047300 2
176811 13
311255 3
074665 1
082121 5
004264 1
385521 13
156449 13
290887 11
062000 3
457493 13
014999 3
002264 2
426676 11
012442 13
045974 13
405877 9
091844 3
017100 2
181996 9
012191 13
094135 13
372576 13
005058 9
022048 6
218411 2
275782 1
055955 13
001357 3
284989 9
402381 2
010307 9
040238 5
007752 5
108894 13
400286 3
509958 2
221936 3
353380 9
020601 1
266590 2
083629 13
006802 13
052182 13
046047 1
079431 13
259519 6
043132 13
270976 6
182152 2
313091 11
228378 2
216730 2
025318 1
317600 13
210073 13
004950 3
036297 13
022508 1
099507 9
199396 13
350717 5
032317 2
049639 2
055530 2
004416 5
028133 2
143261 6
268897 13
181129 2
136377 13
164702 3
289243 13
306889 13
011877 13
091205 1
067903 6
421086 5
095224 2
444855 2
020826 2
007311 1
201408 6
047194 2
064362 5
024297 13
376825 2
056424 2
322130 13
310711 13
356763 2
399856 5
097562 13
480870 13
010012 13
461713 2
003595 2
421717 2
065784 13
072111 13
106091 5
109744 9
174579 11
064335 2
009827 2
000547 2
200258 13
227959 13
003749 6
271428 5
035414 2
163592 9
035933 13
032200 3
087132 5
009849 13
311795 6
273511 13
369018 3
280385 13
204801 3
013690 2
025984 2
425819 6
017812 3
514818 2
069839 2
339057 9
025815 1
537585 3
127166 2
414750 5
077414 13
414345 2
004848 2
077345 13
034554 1
501520 5
145914 2
194015 5
016490 2
420321 11
038984 2
089196 2
011167 1
226927 13
004044 2
002712 13
302975 2
076618 6
496689 13
013216 1
011373 13
032854 2
096028 13
003062 6
063213 2
075894 1
318399 13
294669 13
167858 2
013373 1
400841 3
291549 9
010588 3
056644 5
096787 13
485009 6
014850 1
283864 1
062258 6
102249 6
133591 13
138585 13
024580 2
184303 5
054786 6
007167 13
043745 3
033093 5
482987 11
004017 1
011397 2
445473 3
009848 5
015632 1
017308 2
039774 13
068539 2
452219 2
136860 5
293825 13
390331 13
213325 1
320977 6
070505 5
020126 2
134878 13
383762 2
174191 13
026526 13
285666 5
448032 13
086369 13
008839 13
024734 2
056303 6
212909 2
461513 9
501775 13
489593 6
114998 13
055782 2
024735 2
030340 13
102677 1
043697 13
074745 13
074089 2
017535 2
187610 2
024942 9
026363 13
045157 13
181439 13
372316 13
427115 13
193031 2
230250 13
063073 13
309240 13
023908 2
207541 13
396641 2
439867 6
027004 13
009632 1
181662 5
414584 9
044318 2
377061 2
011435 5
040653 6
497100 2
025231 13
024572 3
005876 2
011396 2
311303 13
047573 13
136663 9
040982 2
327321 9
173312 13
078623 9
202305 1
254281 2
491525 13
296710 13
205806 13
158787 13
009588 6
020607 2
385938 13
020190 1
212350 6
381869 6
047485 3
006080 5
047818 13
023868 2
002580 6
065436 2
048521 2
043784 13
014412 2
144711 2
517839 11
157488 2
064426 5
006721 1
445259 11
454491 2
218188 2
082486 5
524812 5
505727 13
026435 13
263379 13
014297 6
049788 13
066399 13
234882 9
322337 13
043898 13
046881 9
036806 3
105883 3
435012 2
181725 2
056037 9
048082 2
085510 6
102445 1
423886 6
328300 13
063168 5
061027 13
361963 5
446982 13
007918 2
024862 2
009036 13
002375 3
252821 3
050856 3
508539 2
241356 2
082818 2
002067 5
002920 1
000031 5
060274 1
108830 13
367361 6
232604 11
132275 13
005375 11
516686 2
055033 11
123316 11
108858 13
531500 13
079182 6
047967 13
037759 3
224541 2
053535 5
532677 13
054749 3
001962 6
368538 13
106002 13
214487 3
374550 13
038296 2
007801 13
003794 13
052876 9
299213 2
064428 1
184310 2
121220 5
396342 13
011882 1
022630 2
097123 6
096474 13
039697 2
051528 5
005909 2
356139 13
346313 11
127016 1
147768 9
065284 13
019500 2
481785 2
042586 13
266108 2
487312 9
367829 3
147756 2
153445 6
083976 9
013778 1
370382 2
074656 13
024523 1
221428 13
012397 2
068870 1
234122 2
532481 9
351244 5
107727 3
003938 2
362592 3
018917 3
093475 2
161265 3
003349 6
020010 2
277847 1
399425 5
123339 13
093519 13
026773 1
043294 13
477290 6
139308 13
441628 11
139754 2
031224 2
535850 13
485928 5
242167 3
001527 5
017490 9
017537 13
022509 1
489211 2
051558 13
027359 3
296461 2
073336 2
099106 2
052345 1
352783 5
035033 2
000876 1
209897 6
390651 5
039850 2
063934 6
010523 5
311477 5
005358 13
023717 13
146508 3
169735 13
048242 6
060263 13
075014 1
130795 2
203014 9
191426 2
515651 5
165755 2
061179 2
006806 6
010473 6
081601 9
390419 2
231061 2
136744 2
054190 13
325088 6
024779 6
171971 13
070739 2
137401 13
397712 13
220694 2
423077 11
052948 13
035932 2
091951 6
208313 13
059997 6
370136 11
481169 2
377262 13
098264 13
085683 2
483757 13
388362 13
370065 13
221762 13
121937 13
026104 13
091206 3
410785 13
072620 2
452992 9
141142 6
024390 1
005882 3
006099 2
004550 5
192828 5
012241 5
084243 9
283672 1
399334 13
057440 9
066256 2
339417 6
440799 6
111301 13
278687 13
461944 13
323037 13
207363 6
255764 6
008867 2
337520 13
180857 13
170776 13
076902 3
082222 11
060956 5
071948 1
004914 13
002439 2
015140 3
015954 1
335587 2
029148 9
256399 9
025937 13
100968 2
246772 2
473438 13
006801 13
005656 3
054010 2
127387 13
457660 2
281126 11
077671 2
011804 2
000209 2
088556 2
005123 5
026264 13
411799 13
251640 5
049591 13
017711 6
372487 2
447035 5
440909 13
045891 3
034936 2
108004 6
026614 2
066929 2
278711 2
109453 13
107901 3
001039 6
331619 13
004944 6
284256 1
506194 13
378607 13
302477 9
109728 6
004415 2
007148 6
155498 2
037006 2
152779 2
482014 3
247066 6
014129 6
004893 2
095432 2
010249 5
233989 13
004250 1
036296 5
421783 13
511837 11
256931 5
056862 6
229179 2
269286 2
281025 13
001358 3
037175 2
320680 13
107923 13
035931 2
119685 2
093146 5
012303 5
177774 2
080309 13
408881 2
258913 6
133649 3
010472 6
243441 13
137822 13
396879 2
089358 13
161554 1
192400 2
072573 3
052298 2
122241 13
120229 5
020105 2
318621 2
463432 2
087547 13
030030 9
016524 6
048102 6
017259 3
287715 3
493693 13
008353 5
017437 13
034942 2
028559 2
441491 13
047195 13
053434 1
012717 13
261961 13
007529 1
170967 5
271912 13
303774 11
038939 9
217859 13
175350 6
004507 2
066604 13
346892 6
029413 1
215185 2
254892 13
013144 13
372709 6
395344 2
008509 1
006380 13
106087 13
477303 3
123836 2
446933 13
039796 1
071756 1
107700 13
065743 2
489644 2
004446 2
003350 6
284036 11
124717 13
396316 13
016053 2
010796 13
365504 13
114804 13
014111 1
014931 1
024163 13
001215 6
049323 9
529996 2
114783 2
132164 11
514588 6
000066 13
008800 1
010359 1
281964 13
068332 9
018091 13
300681 6
231140 13
170676 13
135164 2
100703 2
258354 5
346800 9
155595 13
045561 13
127449 13
088319 13
316417 13
454365 5
182935 9
112492 13
474371 11
007754 1
536744 9
065850 3
069708 3
010495 2
022729 1
062741 1
306418 2
393798 2
130317 13
485287 9
018194 6
278085 13
159596 1
261512 13
114169 2
036835 13
007445 2
184711 13
162765 3
374098 6
419366 13
001961 6
278381 13
060188 3
467044 2
050259 2
072611 2
384266 13
010370 1
010251 2
033069 6
459866 5
054116 1
019329 2
271197 13
022008 1
001100 5
030621 2
377887 6
272861 13
079206 2
204525 2
245580 9
126142 9
143461 6
218851 3
316638 6
386010 2
002508 1
052733 1
215410 13
018355 5
019981 5
286726 2
190330 13
103047 2
390379 3
116978 11
218253 13
504225 2
400627 13
039426 13
193898 2
417647 9
075290 6
142409 2
219753 1
407860 3
025765 2
257314 6
074655 13
126503 9
519743 3
381253 5
205096 3
023975 13
459019 5
002892 1
019842 13
113767 13
032645 13
034522 6
006613 2
026645 11
067767 6
000188 5
107152 2
236283 5
288398 9
106451 6
082962 13
004408 3
053167 2
053000 2
020201 13
053870 13
022217 6
332145 2
091007 9
152406 2
453424 13
002567 13
342116 2
242206 2
020096 3
035498 3
445581 6
203596 2
002265 2
053415 5
114861 6
009826 2
006171 2
384311 5
079339 3
019396 1
067597 1
008475 3
468425 2
004368 1
389359 2
026774 1
111722 9
075736 5
010563 2
037698 3
010564 1
409664 2
045126 2
331482 13
017507 3
250573 13
063768 13
030835 2
331289 2
013779 1
052522 5
078670 1
023071 6
011726 13
005122 5
163624 13
420406 13
238437 13
016783 2
138556 13
098357 2
226178 11
016814 6
062873 9
002893 1
007059 6
484291 6
408151 2
318193 13
180592 2
145125 1
031868 3
010437 1
327561 11
376093 2
025032 6
047724 3
152583 6
336255 2
022214 13
043097 5
054444 2
093237 2
049460 3
042970 2
477852 13
375473 2
037037 11
046983 13
218260 13
024260 2
024272 1
042587 13
180521 1
407273 5
233443 2
028736 6
301597 9
121881 2
502394 13
492085 2
000078 2
490362 13
504479 9
277501 2
244491 1
178498 2
183670 2
205836 13
197280 9
020342 5
040373 2
000643 1
170295 1
406599 11
040230 5
091066 2
521537 9
245761 6
066734 2
088340 6
353242 2
266389 6
123169 13
065326 2
004506 13
420263 13
171713 13
298195 13
039092 6
468186 6
003261 2
081383 11
021548 1
128488 2
397061 2
239977 2
