0 1.1587207317352295
001958 1
002088 2
001395 3
001521 4
001099 5
000394 6
000029 7
000100 8
000352 9
002021 10
001353 11
001145 12
002856 13
001226 14
000298 15
001786 16
000127 17
002758 18
001597 19
002028 20
002997 21
000682 22
000046 23
001437 24
002748 25
000302 26
002649 27
001608 28
000637 29
000548 30
001266 31
001271 32
000679 33
002613 34
002157 35
000706 36
001509 37
000111 38
002354 39
002178 40
002049 41
000283 42
001101 43
000561 44
000564 45
000578 46
001820 47
001951 48
001560 49
000300 50
001923 51
001066 52
002039 53
000535 54
002924 55
002766 56
002227 57
000274 58
000395 59
000193 30
000099 60
001202 61
002631 62
002246 63
001229 64
000541 65
002389 66
000042 67
000956 68
002329 69
002621 70
001136 25
001598 71
000206 72
002260 73
000004 11
000621 74
000536 75
002361 76
001491 77
000293 78
000928 79
002301 80
001661 81
000433 82
000749 83
000608 84
000614 85
000789 86
001989 59
000784 87
001793 88
002030 89
002472 90
000797 91
002186 9
001673 92
000714 93
002213 94
001966 95
000528 96
001637 25
000051 97
002816 98
000292 99
001431 100
000221 4
001824 101
002460 102
001552 103
002161 104
002546 105
002767 106
002964 107
001154 108
000814 109
001947 95
001590 110
002699 111
002673 112
002365 113
000005 114
000726 115
002456 116
001948 117
002681 118
000007 119
001105 120
001293 121
002710 122
001630 123
002849 124
000526 125
001927 126
000912 127
002097 128
001855 25
000774 129
000590 11
000903 130
002600 129
001968 9
002930 131
001684 15
002704 14
001847 132
002583 133
001662 134
000307 135
000517 95
001614 136
001587 137
003000 138
002572 139
000041 140
000367 141
001652 142
000589 143
000011 144
002687 145
001239 146
002337 147
002689 148
002342 46
002338 149
002657 150
001827 14
002947 151
001376 152
002797 153
001219 79
001127 154
001987 155
000322 129
002923 156
001407 157
001563 158
000397 159
001434 160
002146 161
002191 95
000772 162
001242 45
002739 95
002770 163
001146 164
001656 165
001754 166
000112 167
001698 168
002668 169
002535 170
002692 171
001525 172
000331 173
002697 174
000256 70
000158 175
000319 176
000631 177
002207 178
000315 179
001826 180
002960 129
001545 181
000855 36
002016 182
002398 143
000347 183
000599 184
000856 185
000443 95
002333 186
002001 187
002848 183
001534 95
000762 188
002012 189
002901 190
001358 191
001638 192
001078 193
001991 194
000966 195
002276 196
002195 197
000587 198
000066 199
000937 46
002485 200
000731 201
001235 202
001132 203
001472 191
002317 204
000757 205
002027 117
002250 149
002515 149
002256 206
002953 156
001594 83
001609 207
002052 208
000798 209
001269 210
001774 211
000249 212
000108 213
002419 214
002750 215
002129 9
001901 197
002891 216
002763 217
001505 218
002318 219
001393 59
000228 199
002602 220
002037 221
002684 129
000976 222
000886 223
002596 224
000225 87
000917 225
002183 127
002403 95
002625 95
001675 226
002238 227
002046 228
001527 229
002287 79
000488 9
002783 230
001733 231
001326 129
001768 232
002778 233
002035 234
002628 235
002804 236
002253 54
000559 10
001696 179
002426 32
001653 237
001454 238
002455 239
002677 240
001065 241
002616 242
001261 243
001992 244
000871 245
000231 246
000018 247
002552 248
001574 249
000955 25
001072 64
002527 42
000305 117
001702 95
000791 250
002610 251
001929 252
001256 253
002779 254
000665 255
000219 11
000188 256
002961 25
002990 257
002066 258
001932 188
001538 259
000601 17
002617 102
000930 95
002210 260
001166 261
002768 59
002357 77
000522 52
000304 11
002067 262
000758 263
002170 264
000261 265
002299 266
001952 267
002497 268
000368 4
002071 269
001643 270
001679 271
002189 131
000988 25
002427 272
001081 273
000910 274
001164 275
002033 95
001302 276
000383 277
001769 278
000611 279
001381 194
002281 280
002107 281
001172 282
002998 135
000082 283
000152 284
002429 285
000962 188
002785 286
000202 287
001306 288
000672 114
002023 9
000055 95
000439 228
002438 289
002391 290
001422 291
001537 129
000166 292
002502 293
001129 294
001005 295
002839 296
002029 69
000914 149
000482 244
000500 297
001797 298
000919 95
001903 299
001194 300
002962 301
002151 117
000162 302
002926 303
000813 84
001238 304
002733 305
001405 306
000076 307
001163 308
002075 25
002794 309
001488 310
002703 311
001398 312
002025 313
001777 314
002288 315
002983 316
001876 317
001834 318
001909 319
002705 320
000404 68
000232 321
001334 193
002332 9
001042 17
001448 322
002590 323
001914 201
000606 324
001249 129
002821 325
002445 326
001143 327
002441 328
002922 58
000204 284
000785 329
002373 330
000014 331
002208 332
002905 333
000676 334
002885 335
002603 336
000465 337
000775 338
001935 339
000496 315
000803 340
000170 341
002449 342
002169 25
000959 343
002965 344
000446 345
001457 346
002002 49
001423 252
000896 82
000429 347
002658 348
001735 36
000196 11
002556 95
000547 349
001828 350
002897 170
001585 351
001567 352
002549 353
002746 354
000088 109
000633 82
001959 355
000583 356
000257 357
001090 358
001814 359
001411 360
000048 361
001651 362
001530 363
001248 364
001503 365
000059 366
002731 367
002683 368
000073 14
001811 369
000474 240
002577 370
001382 60
000124 95
001217 194
000881 371
001336 4
002399 372
001148 373
001354 189
000336 183
001495 341
002230 345
001917 374
002486 97
000181 375
001451 376
002543 95
000617 11
000121 95
000109 1
002790 183
001962 101
001579 17
001704 77
000750 11
000684 377
001724 378
002545 241
000172 59
000103 119
002458 379
000773 249
002232 380
000416 381
000491 225
001165 382
001141 383
002769 384
001329 385
001378 135
001399 386
001612 299
001400 54
000830 95
001308 4
001352 387
001602 388
002728 389
000182 390
001681 391
001688 392
000178 393
000694 394
002400 45
002678 395
001012 396
001916 397
000286 292
000899 244
000894 398
002086 389
002913 338
001851 399
000701 307
001455 400
001404 401
001187 402
002235 151
001224 403
002096 404
002608 405
002083 95
001919 300
002175 406
002915 9
001142 407
002630 54
002966 408
002372 409
000276 410
001297 411
002171 412
001562 413
001843 129
001408 157
001645 414
001971 415
001593 102
001370 416
001323 417
001605 361
000867 418
000946 319
001300 392
000980 419
001856 1
000222 420
001994 25
000922 421
001433 422
001074 109
001895 234
002393 14
000138 188
002578 423
001364 137
002831 424
002504 425
001029 426
000603 408
002701 427
000837 399
001837 284
001001 316
001818 428
002100 429
002184 251
001040 284
000440 430
002496 319
000095 431
002743 432
002000 433
001179 434
000269 435
000033 436
000200 437
001489 307
000229 438
001139 439
001610 9
000303 440
001550 441
001938 442
002665 188
000135 443
002799 444
000809 445
000680 389
001957 1
000841 446
000481 341
002379 447
001708 448
002749 149
002544 449
000689 450
001604 451
000686 452
001436 453
000288 95
000703 454
000502 455
000120 456
000365 196
002435 457
000558 458
001317 459
000562 460
002143 461
001152 351
001556 380
001978 462
002599 463
002229 464
002280 465
002307 466
000667 170
002793 467
000725 195
000574 468
002806 469
001121 470
000234 471
000907 472
000342 473
001189 474
000083 59
002777 475
000189 476
001672 477
000550 478
000805 319
002397 11
002553 137
002203 479
002792 480
000544 481
000478 97
002304 482
000817 483
002753 195
000398 484
000935 119
000655 485
002269 486
000708 487
001010 188
002018 488
000251 489
000974 490
001225 491
000786 129
000281 492
002857 14
001478 493
002974 494
000792 495
002346 45
000778 496
000675 497
001790 498
001218 272
000938 291
000430 499
001013 500
001654 501
001711 502
000556 503
000187 504
000167 17
000995 505
001237 119
000477 506
001027 507
001761 137
001808 508
000057 509
000209 510
002511 511
002380 512
002506 513
001498 514
000426 515
002645 516
001559 517
000242 518
002757 4
001570 519
000570 520
001267 427
002194 444
002247 471
002048 521
002881 522
002532 523
001174 524
002283 525
001557 526
001178 299
002619 527
002654 528
001930 529
000651 231
002634 530
001518 531
001017 301
001501 532
001460 533
001231 109
000560 364
001409 284
001974 534
000738 109
002564 480
001745 535
001295 536
000826 272
000624 9
000220 25
000258 188
001282 537
002775 523
000926 538
000217 539
000511 540
002367 541
001588 542
000593 543
000493 544
000332 95
002829 319
002216 545
000415 229
002132 546
001045 114
001908 284
000645 211
001823 194
001039 547
001508 42
002271 291
000639 548
000944 549
002615 319
002585 550
000195 551
000575 514
002362 281
000818 11
000958 552
002765 10
002711 553
000897 184
002772 554
000840 555
001396 157
001862 556
000636 557
000721 558
000255 559
002118 149
002005 560
001731 561
000192 562
001773 54
001484 10
002989 563
001206 343
001819 242
002951 127
002862 564
001504 307
001420 364
000453 565
001418 566
000197 567
002918 568
002457 569
000534 570
000878 513
001037 25
000460 571
000487 572
001892 102
000681 573
002453 574
000419 575
001350 561
000877 389
001650 576
001900 109
002330 427
001709 577
002105 247
000454 578
001414 183
002876 579
000580 95
000125 557
001898 580
000339 581
001416 309
002858 582
000090 583
000447 490
002106 584
001893 585
001150 586
001925 307
001848 325
001918 307
000997 304
000734 573
000628 587
002609 345
002512 588
001939 589
001240 54
000330 183
001428 590
001469 591
002388 592
001578 593
002626 594
000545 595
002693 307
002614 14
000369 596
002642 251
002802 11
001222 597
002396 79
002991 598
000994 255
000458 599
002402 600
001337 356
001443 189
000737 601
001564 602
002601 45
002061 603
002986 604
000736 95
001442 605
000933 606
001021 607
001993 608
000661 188
001033 609
000423 610
002450 611
002805 84
001061 612
001044 613
000289 614
000471 615
002326 234
002174 168
001088 616
001907 617
001912 618
002877 619
000227 620
000761 621
000577 114
000092 622
000515 623
002364 624
000271 129
000518 625
002384 626
002202 627
001046 410
002718 628
002836 185
002914 629
000960 194
001388 599
002482 630
000769 95
002371 128
002520 631
001860 84
001228 54
000985 601
001813 36
001402 189
002295 632
002871 429
000847 101
001961 633
002900 634
001160 635
001806 25
000469 636
002940 250
000969 184
001197 637
001792 638
001967 132
000341 639
002298 640
002315 9
000900 641
001069 419
001186 95
001343 9
001576 642
000693 195
000588 643
002254 644
000131 435
002423 645
001397 646
000554 205
002323 408
000656 244
000445 647
002650 648
001483 649
000094 64
001157 465
000768 650
001386 651
002937 14
000134 652
002931 295
001051 653
001721 4
002854 654
001566 150
000859 461
000552 287
001543 655
002376 656
002302 657
001490 269
000609 658
000349 196
002297 659
001700 174
001622 660
000613 434
002488 661
001833 662
001717 410
000710 58
000573 663
002869 303
000744 664
000704 229
000925 59
000183 95
002788 665
000243 651
002807 666
000371 667
002076 334
000441 327
000654 668
002709 669
000709 84
001383 59
000024 670
002141 671
001118 11
000934 443
000858 672
001227 520
000509 673
001003 674
002274 675
002723 676
002300 590
002470 677
002909 678
002999 9
002392 679
002131 680
001782 681
002009 129
002032 682
000765 683
001669 322
000486 684
000237 45
001211 84
002349 685
001071 686
000713 36
002461 687
000646 189
002932 688
002906 689
001458 690
001692 168
000616 691
000671 692
002671 316
002791 693
002185 694
000901 513
002789 695
000986 696
002110 697
001392 307
002969 698
000207 699
002313 700
000031 403
000259 701
001265 702
000174 4
001283 703
001292 704
000860 168
001170 705
001618 706
000444 117
002698 707
000808 680
001180 244
001016 247
002774 708
000494 709
001195 710
001931 324
001857 64
002410 343
001467 95
001216 30
001309 307
000973 711
001766 712
000442 9
001659 170
001444 109
000690 713
000764 714
001272 715
002522 95
002444 716
001133 272
000017 568
001232 717
001439 252
001660 718
002069 231
001247 719
001906 720
002257 721
002934 408
001115 594
000615 281
002125 132
000422 722
001788 59
000918 723
000586 9
001144 724
002663 725
002745 726
000077 336
000191 727
001234 728
002165 729
002007 730
001345 586
002167 696
001549 731
000002 623
000640 732
000376 733
001697 345
002479 568
001936 734
002478 735
000746 736
002666 737
000643 738
000190 137
002109 739
002309 740
000012 11
000354 129
002622 741
002529 742
001360 184
000201 743
001611 744
001686 281
002667 745
000448 746
002014 25
001934 343
001514 196
001988 747
000882 183
001190 748
001059 749
001762 750
002980 680
000116 751
001385 465
001926 752
001867 753
000407 754
002995 755
001366 756
001028 84
002840 757
002102 758
001945 45
001502 54
002889 77
001625 54
002464 9
002316 759
001933 345
000326 760
000941 761
001298 191
002643 336
001095 102
002471 762
001805 335
000853 763
001920 764
001103 52
000779 765
001130 465
002725 478
002569 25
002089 95
000141 766
002239 54
001749 143
000390 95
000821 291
002612 199
000698 557
002846 95
001209 585
000485 767
001137 337
001736 768
002036 769
001331 770
002985 771
002439 632
002344 9
001606 36
000025 723
001356 772
000102 272
000629 773
001730 83
000993 774
002719 775
002407 776
000009 777
001067 52
000364 284
002887 778
001014 4
000401 390
002197 655
002865 779
002054 117
000039 151
002112 517
000865 748
000346 59
002115 780
000386 250
002868 135
000788 781
000208 782
001054 351
002101 659
001737 783
001335 784
000049 785
002019 509
000670 786
001689 296
002623 787
001829 788
002164 789
000294 32
002707 790
000895 405
002513 699
002103 189
000984 341
001113 251
000632 791
001547 792
000213 793
002063 794
001781 795
002459 796
002214 797
001676 798
001476 183
002160 517
001832 799
001809 251
001924 54
000224 314
002641 800
000524 801
000230 9
002124 802
002159 668
002744 803
002781 768
001714 804
002251 211
000584 805
002547 806
001124 95
000829 807
002038 808
002010 298
002982 809
000822 810
001250 465
001205 811
001779 281
001727 444
000399 9
002140 812
002782 434
000892 813
000748 814
001464 815
001897 816
000038 313
002912 601
001510 586
001849 425
002237 117
001649 631
002566 407
000373 817
001162 748
002311 419
002700 818
001738 819
002065 820
002385 821
001288 691
001092 822
001147 323
000295 77
001743 54
000978 823
000260 824
000159 825
001153 826
000971 827
002796 828
002662 343
001671 829
000846 307
002286 473
002819 471
001540 174
002116 830
002837 831
002079 832
002044 833
002163 42
000514 301
000068 834
000538 835
001706 10
001852 330
002917 836
000310 109
000801 837
002508 838
002911 490
001084 839
002533 479
000126 840
000069 244
001535 841
001245 842
001760 843
000150 129
001755 844
002180 705
002646 45
001387 9
001864 845
000921 58
002780 291
002431 244
000437 465
002218 129
002568 846
000852 11
000673 356
000061 392
002853 748
000265 782
002713 771
001324 847
000457 848
000597 345
002047 392
000983 425
002716 849
000210 850
001767 129
002929 851
000203 628
000348 298
001871 196
001785 298
001085 296
002352 852
001110 853
000702 573
001541 201
001838 854
000635 855
001449 11
000835 473
001674 699
000268 856
001858 443
002494 857
002147 858
002640 859
000810 560
001123 860
001646 861
002861 633
001207 862
002156 477
000982 628
001035 101
002558 863
001771 864
000052 865
000306 866
001647 601
001555 633
001954 199
001038 699
000727 605
000370 867
002648 296
001221 25
002413 868
001363 201
000105 95
001678 680
001286 869
002452 284
001720 870
001728 871
000576 304
001497 25
001996 9
001995 326
002127 872
002375 9
001580 873
001355 874
001685 102
001094 875
001874 876
001158 9
001403 59
001109 244
002987 877
001726 529
001116 635
000436 119
001815 878
001499 54
002353 879
002467 880
002495 319
001036 881
000211 882
000054 568
000780 883
002587 884
000387 83
002422 132
002992 885
000147 471
000499 886
000620 887
000996 888
001795 889
001861 95
000794 350
000510 135
002137 199
001854 890
000168 324
001883 891
001607 36
001866 410
002655 892
001453 843
001759 893
002882 894
000759 381
002114 199
002727 272
002057 304
002952 895
002498 896
000662 95
002561 188
002605 189
002152 897
002686 898
001294 899
000663 25
002523 109
000530 596
001273 4
001946 419
000060 900
000949 901
001648 205
001682 325
000282 568
001184 902
002988 887
002606 795
002244 101
002205 903
001536 633
002176 904
002825 9
002822 905
001327 906
001571 490
002484 907
000854 908
001904 14
001277 337
001284 54
000519 9
001526 909
000806 910
002680 520
002637 911
000711 370
001722 912
000050 653
000644 633
001007 913
000802 914
002133 865
002055 314
001311 915
001791 916
000850 52
000425 917
000417 633
000001 191
001482 129
001410 918
002773 919
001830 920
001270 95
000177 706
002404 842
001565 316
000513 168
000537 921
001287 841
000920 922
001463 923
000362 924
002243 841
001140 925
001655 188
001658 926
000337 927
000767 928
001349 929
000435 775
001863 930
001055 931
001533 102
002660 932
002720 933
002759 272
000408 486
001263 934
002541 935
002872 284
002898 313
001318 936
001330 937
002437 550
000381 938
001553 852
002113 408
002580 939
001956 632
002358 149
000579 30
000479 940
001748 941
002308 101
001783 942
002040 774
000420 744
000626 943
000040 944
001168 84
001481 945
002448 322
001060 343
000081 483
000947 946
000074 947
001126 948
000557 343
002041 949
002795 950
001253 653
001725 951
001632 699
001589 191
001596 465
002291 480
000542 935
001462 743
000508 952
001182 953
002462 307
000489 572
001125 10
002242 272
001542 728
000389 954
000218 193
001018 662
001246 183
002855 309
001629 955
001291 774
000463 956
002518 9
002473 427
000862 117
000527 351
002351 957
001963 183
000284 473
002306 334
001471 776
001087 612
000873 958
000591 45
002382 959
001577 960
000065 961
001083 962
002551 199
001280 9
000605 792
002737 963
000730 429
002006 964
000353 965
000954 866
001401 127
002627 119
002182 966
001922 782
001380 330
002714 334
000035 967
002776 117
001406 868
002240 968
002386 52
000020 351
000623 119
002592 842
002099 969
002355 129
002314 83
001275 508
001784 272
001082 325
000164 970
001703 971
001177 972
002814 9
000199 101
001233 9
002928 779
001516 973
001882 623
000409 696
000143 32
000023 284
000205 974
001213 14
001365 975
001006 976
000642 129
001699 345
002688 977
001344 612
000385 978
000889 84
002729 632
001086 979
000173 980
000532 792
002812 981
001340 381
001106 307
000400 982
002735 963
000641 699
002880 68
000720 983
000391 69
000936 979
002363 984
000139 985
001149 906
000787 986
001586 987
001119 988
002874 989
002845 330
002374 299
002434 990
001374 991
002490 992
000953 11
002638 183
001196 993
002574 887
002436 994
001575 995
002669 996
002754 77
001290 471
000129 997
002425 998
002867 999
001332 1000
000161 11
000932 1001
001389 1002
002888 568
002085 900
001853 1003
002335 1004
001379 979
000421 419
002405 1005
002480 1006
000287 623
002432 1007
001865 151
001041 301
000133 307
002787 804
001894 831
002565 343
001080 1008
002994 731
002111 109
002390 797
000136 1009
001214 1010
002895 795
002721 4
000212 1011
002296 1012
002139 9
000275 835
002050 323
000089 102
000751 83
002293 1013
000299 1014
002950 95
000568 1015
001627 1016
000262 1017
001729 83
002724 296
000316 1018
002130 304
000104 335
001615 109
002024 1019
001070 119
002584 1020
000927 319
002369 234
002454 405
000366 341
002588 1021
000529 866
000045 9
000309 1022
001506 694
001551 234
000449 979
001375 480
000572 335
001135 728
001204 1023
002263 1024
001173 1025
001319 32
000600 1026
002148 334
001960 109
000834 1027
000942 653
000063 1028
001683 188
000987 1029
002134 335
000333 45
002633 1030
002264 1031
001896 1032
002236 291
001167 95
000630 1033
001885 699
002539 1034
002136 32
002708 127
002272 797
002415 595
000824 1035
001223 101
002348 1036
000461 59
001859 1037
000160 590
000740 129
000008 191
002162 878
000372 1009
002696 109
002080 135
000084 1038
001873 36
002417 1039
002907 30
001507 694
002817 1040
000428 1041
000290 390
002695 250
001554 1042
000240 183
001944 1043
001198 1044
000770 249
001624 1045
000402 1046
001664 1047
000155 633
000619 567
002571 529
001091 95
000296 1048
000431 1049
000280 189
002020 1050
000582 1051
002815 1052
002933 1053
002331 1054
002595 1055
002068 1056
000719 184
001657 1057
000723 1058
002920 751
000596 1059
000970 10
001600 1060
000699 17
000977 188
001104 137
002717 188
001339 201
001817 174
000951 835
001212 17
001429 199
001670 410
000427 471
002908 1061
000176 183
000080 189
000594 1062
001348 109
001515 1063
001546 135
002847 211
002150 1064
000492 635
000989 101
001447 1065
001975 189
000755 1066
000825 559
000495 1067
000800 157
001002 59
001626 1068
000848 680
002060 1069
002074 481
001468 70
001965 819
000888 1070
002828 234
001712 9
002859 1071
001789 1072
002321 1073
001079 766
002925 954
001886 748
001371 595
000140 95
002158 1074
002285 612
001665 17
000410 623
000013 1075
002199 1076
000405 1042
002740 1077
001098 1078
001220 199
002967 1079
000793 1080
002292 815
001842 199
000952 1081
001910 517
001210 1082
002893 301
000975 1083
000475 694
001942 1084
000216 1085
002824 1086
000501 291
002756 1087
002064 1088
000472 201
001584 1089
002732 1090
001635 1091
000539 251
001979 1092
001131 1093
002492 188
000991 1094
001305 234
002943 304
001009 335
002894 744
000875 1095
000497 1096
000312 4
000132 758
000252 1097
001315 667
001519 1098
001048 1099
002168 1100
000137 189
001752 969
000648 36
000595 304
002559 188
002339 1068
000585 1101
000811 1102
001803 1103
002412 1104
002090 1105
000279 184
000360 985
000030 694
002341 1106
002122 337
002463 775
001732 1107
001427 807
001264 989
000351 143
001430 625
002119 319
002483 1108
002108 1109
002098 1110
000028 70
001878 765
000148 741
000660 170
002509 199
000022 868
000571 59
002017 201
000047 1111
000752 1112
000650 1113
001887 595
002826 370
000869 291
002842 435
000891 407
001321 1114
002356 1115
001052 1116
002381 1117
000828 194
001022 775
002166 529
002598 1036
002830 296
001663 127
000034 1118
001844 211
001512 199
001417 1119
002860 696
002209 1120
001058 578
001520 343
000598 1121
001011 83
000861 127
001642 405
000010 109
000091 473
001075 1122
001985 269
000790 693
000263 299
000712 969
002305 517
002094 410
002864 87
000149 1086
002653 841
001244 364
001415 1123
002741 1124
000079 191
002530 1125
002212 1126
002652 1127
002892 1128
000998 84
000036 1129
002120 1130
001413 1131
000235 868
000350 1132
000324 381
000003 193
001031 979
002368 1133
002959 1134
001756 1135
002903 1136
001477 281
001274 1137
000816 1138
001049 299
001241 1139
001419 9
000939 335
000396 1140
000782 36
002011 667
000863 1141
001816 1142
002430 9
002996 1070
000504 189
002475 1143
002639 840
000384 709
001750 941
000311 1144
001619 443
002241 1145
002031 405
001941 337
000905 878
000521 1146
002153 1147
001778 1148
001691 1149
001780 1150
002350 811
001230 109
000760 573
001812 768
002674 508
001368 284
001734 1151
000664 1152
002607 779
002916 184
000743 42
002226 242
002808 699
002501 1153
001513 381
000027 741
002586 958
001015 281
000967 281
001601 199
001973 1154
000683 1155
002579 1156
000864 883
000992 255
000915 114
002084 1157
002521 323
000186 179
001765 774
000923 149
000075 1158
002224 1159
002810 1160
002752 900
000741 1161
002334 183
002582 696
001744 309
000820 1162
002192 842
001117 1163
001710 316
000157 1164
000832 1165
001359 1166
002528 102
000503 15
002611 1167
002870 25
002984 1168
002045 304
001981 479
002378 1169
001057 335
001347 189
002958 189
000356 1170
002360 9
002820 1171
000724 36
001977 998
000245 1172
001299 84
002722 1173
000393 1174
001747 54
002624 1175
000086 1176
000747 1177
001181 1178
002228 1179
001316 229
002091 323
001102 1180
000913 471
000963 1181
000555 831
002347 341
002863 1182
002834 1183
000107 1184
002008 1185
000438 659
001801 1186
000171 83
002656 185
001986 1187
001372 480
002123 135
001677 137
001159 1188
001128 471
002058 637
002370 1189
002059 1190
000827 137
002416 1009
000285 1191
002712 628
002726 969
002899 1192
002591 1193
001441 1194
002188 1195
002319 979
002570 741
002004 1196
001251 1068
001955 988
002154 170
001257 1197
000056 1198
000483 651
000044 304
001822 168
001544 1199
000321 1200
001342 601
002135 1201
002971 585
001438 95
000238 1202
001798 244
001810 1203
001004 149
002803 797
002514 151
002290 1204
001200 1205
000301 1206
000943 1059
002265 114
001260 1207
002294 1208
000464 14
000006 64
000842 590
001869 1209
000327 1210
002282 903
002576 1211
001465 1212
000893 9
002062 325
000695 1054
000388 407
000604 1213
000843 775
000323 1054
001868 1214
002879 1215
002275 174
002531 1216
002468 1217
002946 1152
001281 1218
000831 64
001905 83
000456 1219
000308 1220
002121 1221
002051 560
001303 429
000329 249
002977 1222
001705 1223
001719 699
000480 1224
002919 725
002510 1225
000118 1226
001972 291
001558 1227
002734 1228
001030 1229
000467 205
002440 1230
002249 1012
002594 1231
001970 97
001199 1232
001357 986
001902 32
001976 83
000777 1233
000569 1234
001787 1235
002636 15
002277 1236
002941 1152
001093 842
001258 1237
001999 779
000085 573
001666 1238
002685 9
000756 1149
002144 345
002200 1239
000512 1240
002902 771
000732 351
002221 1241
002320 196
000531 1199
002345 1242
000766 407
001480 319
002003 129
001362 1243
002491 999
000375 97
001634 1244
002784 168
001185 234
001715 101
002536 1245
002081 1246
001794 199
000239 1247
000128 381
000355 1248
000165 45
001511 1249
002875 1250
001320 132
002477 480
000473 1251
001998 1252
002481 58
002043 183
002408 1253
002138 109
002411 87
000098 1254
001840 1255
001024 109
002015 792
002948 184
000450 102
000551 135
002694 410
000277 1256
002267 32
000179 590
000434 774
001341 132
002852 1257
001592 1258
001644 1259
001517 304
000742 240
000868 205
001770 1260
000484 95
002022 1261
002938 1262
002324 1263
002359 129
000781 194
000549 779
001964 135
002833 1264
000783 1179
001890 1265
001008 1266
002394 189
000674 1267
002204 954
000687 229
000876 1268
000459 109
001990 1269
001911 779
001268 444
000753 17
000122 1270
000700 17
002811 625
001445 1271
001949 784
002233 1272
002087 1029
000032 9
002155 1273
001751 58
002072 1149
000070 1274
002838 632
002647 1275
001120 1276
002813 410
001191 1277
001532 284
002851 443
001243 1278
000266 1279
002421 1280
001459 335
001913 307
000505 1281
002325 1282
000340 490
002604 637
002620 842
002234 179
000799 205
000931 998
002540 1267
000745 1283
000979 444
002424 1284
000062 229
001776 775
001603 381
002927 971
002955 891
000142 741
002786 1285
001568 1286
000194 741
000647 1287
002082 9
000361 998
002747 1288
000058 9
000359 132
002672 303
001569 314
002117 1289
002340 194
002095 471
000924 95
002042 179
000278 95
002201 1290
002944 313
002273 1291
000382 11
002193 1292
001452 1293
001391 1294
001025 1295
002442 435
001953 129
000067 1296
001056 1297
001740 1298
002077 129
002343 234
000114 870
000246 64
001440 129
001023 699
000981 327
000412 95
002262 1299
001063 517
000117 1300
002890 4
002690 1301
000248 1302
000666 1303
002651 4
000093 69
000115 1304
001377 792
002303 1305
000119 129
001982 249
002181 1306
000163 638
000264 1161
002978 129
001314 54
000247 1307
002428 298
000776 49
000553 309
001114 1308
002474 1309
000581 137
000845 1310
001461 1311
002476 327
000652 307
001171 1312
002942 1313
002936 1054
001369 1314
000898 807
002921 1315
000677 1316
000015 998
000968 1317
001107 1318
000241 1304
001255 1319
002322 114
001937 1320
000685 1321
000169 1322
001640 323
001134 1323
002420 1324
001879 958
001716 1325
000272 1326
001474 102
001254 1327
001548 1328
000215 1299
002597 1329
000345 1330
000839 304
001616 117
002196 410
001836 762
000796 95
000413 17
001713 478
000343 64
000948 364
002222 1331
001758 1332
000378 990
001492 870
000739 1333
002542 1334
000053 1335
000019 465
001310 887
002270 1336
002451 9
000999 1337
001390 744
000096 632
001500 299
002310 1338
002555 1339
000180 225
001599 17
000717 410
000185 1340
000468 337
000904 337
002702 1149
000072 819
002573 109
001899 334
002554 1341
002395 578
002516 1342
001208 771
002078 114
002866 10
001064 1343
001529 1344
002206 1345
000659 137
002818 1346
001839 199
002443 54
001077 191
000455 1347
001384 135
002383 1068
000403 1348
000990 771
001446 1349
001473 234
000678 1350
001617 1351
001252 199
001984 1352
000823 1353
000964 1261
000836 1354
001034 870
000175 728
000940 782
000692 87
000335 1355
000874 880
002827 240
002056 1059
000198 1356
000297 625
002832 427
001531 1119
001746 550
000123 193
000379 1357
002581 1358
002211 1195
002173 410
002053 814
000916 758
001872 1359
002742 196
000612 779
001772 9
002336 83
000957 1261
001633 741
001888 324
002993 766
002661 299
000909 199
000507 1360
000357 1361
001424 1362
002873 114
002401 1363
001155 866
001723 1364
002682 1365
000668 54
000887 101
001285 1366
000334 9
000154 269
001421 410
002550 1367
001841 508
000722 1368
000374 1369
000313 595
001850 623
001623 1179
000043 1370
000972 1371
002972 143
000523 971
000418 1372
000763 1373
000658 1374
000705 211
000733 1375
002499 1376
002751 880
000945 478
002217 1377
002801 1378
002409 784
001807 471
001019 143
001470 623
000908 1379
001694 1380
000273 831
001494 30
000520 1381
000815 337
000819 324
000735 1382
001523 1383
001639 632
002910 184
001701 968
001122 1281
002177 1384
001915 939
001884 508
002593 1385
000380 1168
002252 1386
000344 1387
002149 1388
002145 87
002567 188
001943 249
001804 244
002823 1389
002537 1390
001262 1391
002013 1392
001425 240
001595 481
000233 1149
000795 1393
001707 291
002904 199
001821 1394
002563 1395
002406 880
002560 127
000113 831
001000 1396
002266 240
001583 1397
002548 87
002970 1398
000226 1399
001043 1189
001193 1400
001450 1401
002446 101
001764 573
001667 596
002589 407
002377 1334
000849 1402
000622 193
002142 1403
000214 303
000771 251
000338 1404
000804 1131
002261 9
001183 595
001169 1405
000037 483
000106 1194
000363 95
000851 904
001741 1406
002414 1407
000857 775
001466 95
000566 596
000250 1408
002525 129
001475 334
002503 1409
000318 343
001201 490
001108 1410
002279 1411
000653 633
000071 483
001668 1188
002659 54
001175 1026
001089 1412
002957 1413
000411 149
002883 782
002387 17
001026 523
002092 1414
000540 234
000602 1415
001333 887
002843 779
001435 779
002220 1218
002466 837
002762 1416
000838 1417
002736 1218
001628 1418
000807 567
000883 1054
001485 1419
000638 9
000424 1420
000728 170
001997 1387
000377 46
000525 101
002487 585
002524 114
000151 881
001581 1421
001950 11
001775 1422
000627 1054
002850 4
001846 1423
000144 1424
000718 797
002575 95
002632 968
000567 1032
001881 1425
002489 1426
001156 483
002223 361
001432 1427
002760 11
002172 191
002187 1195
000880 465
001076 1117
000625 1428
002935 1429
002976 69
001367 1430
002231 1431
000618 101
001325 819
001983 189
000691 1432
002835 1433
002289 1434
001690 479
001351 1435
002844 405
002507 638
002730 956
001831 1436
001687 1249
001693 1437
000466 25
001188 638
001192 1438
000146 229
002255 1439
000325 1362
002706 1440
001763 792
000707 184
000715 939
001835 1441
002884 296
001112 307
002128 1442
000902 299
000688 841
002215 1443
001631 1444
002278 1445
002500 1446
001940 296
001825 968
000101 1447
000291 1448
002493 490
000879 1449
001456 1450
000392 1451
000087 211
002284 1304
002715 956
001276 1452
001524 408
000476 1261
001695 1453
001296 1454
002093 1455
001138 1456
002073 517
001236 170
000833 509
000592 143
002979 1457
001621 1458
001636 1459
000110 9
001161 635
000223 1460
001053 1461
001312 1462
002771 956
002104 191
002981 637
000254 633
001073 1396
001620 101
001493 10
002691 1463
000546 1070
002526 1464
000950 343
001572 1465
000844 1466
000064 1467
000414 129
002433 568
000885 17
000452 272
001259 1468
000657 1469
001880 36
001582 1470
001487 709
001486 880
001328 1261
002418 143
002738 95
002268 183
000078 1471
002070 1472
002809 343
000870 728
002469 887
002248 174
000451 1473
001020 1115
001561 225
001980 906
000697 728
001742 1474
000812 1475
002973 1476
000911 1467
001522 127
001050 1477
000506 1478
000406 523
002366 1479
000184 1429
001877 249
001718 1480
000610 429
002675 612
002034 1150
002534 1481
002327 1149
001969 1054
002679 1482
000021 281
002219 1483
001426 1484
001591 1485
002225 1486
000328 410
002755 1487
002519 1488
001875 632
002538 884
002975 612
000267 95
001891 819
002664 1489
001757 1490
002179 77
000866 748
002945 1114
002886 1491
000490 211
000607 1492
002465 1493
001739 1494
000153 1495
000890 1496
002939 54
002328 1265
000270 1497
000097 251
002259 247
002618 1362
000965 1498
001800 157
000872 419
001573 1465
000533 143
001068 1499
001100 768
002761 77
002126 1500
002312 1501
000716 1502
002198 272
002949 1382
001539 601
002954 1503
000470 1504
000565 1505
001799 119
000462 1054
001278 932
001796 64
001870 1506
001394 284
001346 30
000696 744
001176 1507
001753 343
000929 1508
001215 814
002635 1349
001373 1509
000244 965
002800 1510
001680 1054
001313 865
000649 1364
002644 868
000314 1511
000156 419
001304 251
001151 337
001802 779
001047 129
001641 568
001307 1512
001928 632
001496 82
000026 95
002245 1513
000016 1027
001322 1514
000884 1515
002670 1516
001361 97
001845 1061
001613 1517
000498 628
002841 1518
000516 199
002968 345
001479 633
001412 1054
001096 117
000543 1519
002505 1119
000634 337
000432 95
002676 625
000729 1520
001289 782
002258 392
000317 1521
001921 419
002562 1522
001338 9
002878 15
000320 694
001032 1523
002026 304
002190 1524
001111 633
001889 1525
001528 887
000754 1526
002629 242
000563 998
002447 956
000669 194
000253 1527
002956 529
002517 188
002963 1528
000358 1529
001279 109
001301 1530
001203 1531
002557 1532
002798 1209
000130 623
000145 1533
000961 985
002896 731
002764 1534
000906 42
001097 114
000236 1131
001062 1535
