0 1.1048316955566406
001284 1
000251 2
002154 3
002787 4
000633 5
000071 6
000022 7
000415 8
000587 9
000604 10
002172 11
002800 12
002664 13
001733 14
002050 15
001728 16
001637 17
002287 18
001493 19
002617 20
002702 21
002406 22
001229 23
001008 24
000165 25
002088 26
002930 27
000904 28
000655 29
002361 30
000203 31
002160 32
002398 33
002925 34
001918 35
000911 36
002231 37
000550 38
002370 39
000696 40
001042 41
002439 42
000895 43
001958 44
002506 45
002625 46
001983 47
000031 48
000881 49
000545 50
001327 51
001850 52
002319 53
001573 54
002431 55
000313 50
002699 56
001440 46
000446 57
000892 58
000923 59
000533 60
000088 61
002891 62
001923 63
000058 64
002612 17
002135 65
000896 5
001106 66
000764 67
001978 68
001375 69
002041 70
002219 71
001784 72
000155 73
002166 74
000806 75
002020 76
002392 77
002964 78
000247 79
000348 80
002754 31
001195 81
000530 82
002043 83
001112 84
002956 74
001686 85
002932 86
001777 87
001036 88
002193 89
000686 90
000803 91
000070 92
001254 93
002656 94
001734 95
002627 96
002606 97
002203 98
001702 99
001391 100
001507 101
000934 102
002942 103
001395 104
001037 43
002638 83
000267 105
001550 106
001623 107
001172 108
000372 109
002679 110
000440 111
000333 6
002031 43
002239 112
001219 18
001362 113
000378 114
002870 115
001418 116
000903 117
001722 118
002826 119
002586 120
002110 121
002107 85
000559 122
001076 123
000967 85
001869 124
001700 125
001043 39
001523 126
002234 127
002532 128
000825 129
002715 130
002127 131
000176 83
002615 19
000411 17
001071 132
000210 133
000399 134
000237 6
002500 135
000227 136
000618 137
001861 46
000004 138
002779 139
001731 140
001494 141
001631 142
002998 17
002731 143
001238 114
001587 144
001999 80
002823 145
001815 146
002993 147
000026 148
002653 149
002747 150
002015 151
001997 152
001288 153
000161 138
000838 154
000935 96
001056 155
002526 156
002313 157
001941 19
001401 158
001090 159
001893 160
000959 161
002705 162
000270 163
002673 164
001577 165
000023 166
001651 167
001837 166
002839 168
000211 169
001509 170
001142 171
002557 172
000473 173
001012 109
001274 174
000329 175
000323 176
002278 177
002764 178
001953 179
000073 180
001412 181
000470 182
002343 183
001293 184
001835 185
000839 186
001917 187
001854 188
000274 33
000007 189
002602 190
002039 191
002531 192
002858 193
001208 194
002033 195
000001 196
001033 197
000318 198
000829 199
002423 200
002282 201
002260 202
001264 203
001536 204
002805 205
002293 206
002655 207
001066 84
001342 208
001657 209
000444 210
002539 211
002126 212
002856 213
001931 214
001618 215
002692 216
002776 217
002851 31
002760 138
001701 218
000405 219
002817 220
001413 221
000564 222
001799 223
000752 224
001991 225
001723 226
001533 64
002959 227
001223 228
000121 148
001818 229
002984 230
000410 231
001424 232
001905 17
000209 233
002367 234
001895 235
000127 41
001171 236
002036 117
000472 237
001502 238
001755 239
001053 240
001218 80
002003 241
002311 242
001234 243
000786 241
000125 28
000217 244
002366 245
000167 41
000482 246
000229 247
002468 248
000347 83
000899 246
002595 249
000335 250
001598 251
001610 64
000661 42
000351 91
000319 252
001460 253
000627 181
001353 138
000087 254
001825 255
000390 148
000558 53
001495 151
000393 256
000460 257
002970 258
001323 259
002774 260
000731 80
000629 261
000500 262
002894 40
002196 202
002222 263
000124 105
001120 264
000824 265
001875 266
000389 34
002383 267
001870 268
002986 269
002910 270
001740 271
000900 272
000598 273
000631 274
002212 275
002918 80
002396 18
001350 140
002448 276
001476 83
001911 80
001912 277
001714 4
000563 278
000593 279
001860 205
000371 280
001612 281
002099 282
002660 283
001877 175
000066 17
002997 284
000637 285
001948 217
000912 109
002553 31
000006 187
000720 286
002859 91
000404 287
000112 288
001454 36
002144 289
001894 290
002597 291
001245 292
001168 205
000042 293
001797 294
002306 161
000302 295
001108 296
000423 297
002832 298
002820 299
001575 300
002163 301
001441 302
000212 303
002574 148
000158 304
000157 305
001990 306
000605 307
001123 308
002603 309
000933 310
000104 158
000871 311
001094 312
000455 313
000241 314
002599 315
001184 316
000891 171
000141 147
000653 317
000698 28
002480 318
001664 319
002021 122
002739 31
002257 320
000769 105
002326 74
001481 321
002834 322
000719 323
002441 42
000340 39
000878 45
002102 324
002117 325
000195 326
001553 327
001696 328
000809 329
001232 330
001751 331
001708 332
001836 19
001736 333
002388 334
002018 335
001041 63
000035 336
002735 337
001524 338
000271 339
002089 105
002195 340
001445 341
000193 141
001647 342
001265 343
001345 344
002534 345
000331 346
002513 251
001883 347
002862 348
001048 349
001434 350
002385 351
000326 352
002630 238
002065 353
002403 105
002713 354
000438 355
001282 356
000541 45
000132 324
001052 357
002804 358
001903 281
001211 69
001928 330
002341 359
000884 360
002730 130
000060 361
000363 362
002825 64
002605 363
002880 287
002681 364
002752 361
002434 114
001200 365
002585 366
000552 152
000980 242
000670 367
000978 368
000184 42
002704 238
000294 18
001962 228
000537 369
001661 370
002507 371
001361 372
002892 373
002476 374
002689 375
002662 105
001060 161
001417 376
000304 138
001169 377
002499 378
001833 379
001272 380
001562 381
002288 382
001126 383
000392 111
000842 384
002720 385
001157 129
000039 386
000943 387
000362 388
000357 389
000092 390
001110 391
002626 392
002286 393
000074 394
000230 64
001746 366
001512 17
000459 395
001496 5
001009 158
002355 396
000083 40
001280 64
001829 397
000273 290
002177 398
001089 399
000693 354
002651 400
000913 401
000447 39
002616 402
002238 403
001049 404
002489 405
001564 406
000603 338
002017 17
001463 407
000730 130
001491 80
001742 408
002247 401
002229 409
002967 410
002822 411
000853 412
000449 109
000213 413
000893 414
002280 129
001488 415
000585 416
001547 307
000725 354
001846 417
002726 282
000857 105
002957 418
002846 195
001545 419
001517 186
000441 420
002297 421
002636 422
001133 80
001839 423
002634 424
000408 228
002740 425
000889 69
001244 43
001383 426
002295 42
002245 320
000973 427
001753 105
002444 428
000286 429
001366 430
000662 31
001116 431
002931 432
001819 402
000750 433
002360 64
001204 434
002806 435
000350 436
002687 437
000915 438
001851 439
002194 440
001489 17
001289 441
001369 442
002818 443
001785 80
001886 444
002503 445
001866 446
002073 5
001304 83
001832 447
000320 185
000516 17
001786 448
000511 449
000801 450
001889 451
002429 452
002106 453
002113 195
001128 401
002038 454
001688 455
001765 456
000356 457
001083 458
000051 459
002052 331
002426 18
000063 460
001707 461
000939 158
001916 462
002318 463
002901 464
002915 64
001585 465
000616 153
002773 466
001156 467
000413 468
001359 469
001938 470
000962 17
002483 471
001845 472
000591 473
002729 42
001660 474
000084 475
000742 171
001798 246
001407 476
001635 477
002150 478
001580 479
000401 480
001205 481
002243 482
000614 483
002246 5
001235 307
001166 484
001201 39
001949 485
000246 486
000223 487
000612 488
002394 489
000375 459
002010 294
001137 217
001260 490
001315 280
001546 17
001261 491
001405 492
001387 64
002206 493
002830 494
001433 495
002941 158
001028 205
001404 459
000968 496
002946 158
001131 497
002365 498
000782 499
000823 500
000606 214
000491 501
000290 480
000465 217
001436 217
000567 502
002598 503
000694 504
001741 505
002837 290
002669 506
001329 40
002527 507
002963 508
001697 289
001670 202
002498 509
001676 510
002129 64
000909 17
000851 511
001946 242
001548 512
001027 513
001044 514
002165 515
002641 516
000555 290
001924 238
000638 64
001348 517
000815 217
002422 518
001062 519
002035 74
002719 105
000916 324
001121 520
001511 521
002440 522
002055 523
002076 524
002809 161
001853 525
000082 526
002104 527
001644 528
000650 529
001792 371
000494 403
001543 530
001943 531
000107 532
002835 533
002494 370
001456 534
002686 170
001560 535
001730 503
002517 536
002953 537
002122 217
001370 34
001015 85
002905 152
002216 538
000169 539
001602 540
000059 541
000464 363
000257 542
001687 521
000342 393
001070 223
001045 438
001653 173
002461 543
000291 397
001955 544
001098 545
001672 546
001010 440
000992 547
001093 125
000589 33
000029 548
002909 549
002333 550
000601 41
002074 551
001478 552
002095 401
001622 553
002501 554
000582 555
000394 354
000710 33
001114 556
000766 403
002582 223
000632 161
002386 557
000689 373
001001 558
002100 130
001100 162
000379 559
002690 560
000998 311
000113 396
001236 561
001158 64
002425 562
002022 83
000301 563
001504 84
002197 530
002181 564
001438 195
001749 91
002871 203
002763 565
000868 138
001032 566
002145 166
001421 202
001611 567
002470 568
000457 569
002124 570
001640 571
002814 64
002680 18
001029 572
000574 573
000877 574
000672 438
000216 575
000129 576
001867 577
000028 578
000529 122
000196 138
002668 579
000793 580
000981 420
002899 581
000974 39
001711 582
001516 583
002316 584
000569 585
001831 586
001505 488
001972 42
000109 17
001182 587
000738 395
002945 588
001183 589
002133 590
000222 591
001312 592
001399 593
000854 594
000205 595
000461 34
000821 596
000489 597
002469 148
000180 598
001993 599
002968 289
002515 503
002742 42
000483 324
000902 363
002633 600
000150 339
001178 404
001569 31
001501 601
000487 597
000641 159
000299 602
000751 503
001994 43
002202 603
000374 604
002000 605
002005 606
001666 607
000508 608
000765 609
000426 610
002694 202
002666 611
002570 612
001756 613
000687 614
002536 615
002572 616
002778 571
000886 148
000032 64
001228 217
001349 617
001393 17
002950 31
002518 64
001301 618
000265 619
000240 83
001403 620
001175 161
000185 621
001193 622
001744 171
002332 64
001544 623
002928 80
000578 624
002192 39
000425 625
000846 84
002544 289
001047 238
000288 626
001318 627
002312 628
000199 228
001278 283
001084 629
002590 571
002952 630
001103 84
000701 84
001684 422
000534 631
000479 632
002843 488
001202 633
000941 634
001758 635
002879 636
001170 637
001827 180
001704 287
001636 638
000917 598
002948 639
001605 144
001820 640
000592 33
002716 641
000098 642
000358 643
001992 246
001124 362
002768 40
002807 644
001748 645
002130 186
000062 646
002188 647
002136 18
001712 64
002325 648
001039 649
002377 650
002667 651
002594 652
001709 653
001757 654
001038 251
001490 655
002707 656
002419 657
002762 658
001338 64
002372 659
000233 518
000681 213
001213 180
002236 660
000312 400
001655 536
002492 42
002881 661
002794 64
002589 171
000512 662
002917 663
000518 664
002723 665
000647 666
000380 230
000690 667
000198 668
001021 669
002810 670
002404 292
000726 671
002545 40
000264 672
001600 673
000664 158
002861 317
002886 674
002368 484
002614 180
000950 198
001344 675
001189 676
000514 63
001500 363
001313 590
002577 119
000017 80
002211 201
001624 677
001913 84
000918 678
002845 679
001639 42
000714 680
002019 681
001822 363
001675 682
001782 683
002876 684
001406 685
001678 686
002187 647
002427 488
000908 687
000929 688
001073 689
000572 396
002002 535
000407 290
000171 503
002363 690
002537 691
002012 692
002639 685
002473 298
000442 64
000982 31
001599 468
001503 330
001781 693
002320 42
000282 80
001656 694
000101 695
002712 31
001973 696
002765 122
000409 63
002153 697
000403 698
000994 251
001880 499
000044 114
002954 699
000140 31
001649 700
000249 701
002604 130
002391 702
002371 393
002994 289
002240 703
001603 251
000771 704
000562 705
001410 706
001724 707
001876 175
000519 64
000012 138
002863 708
001058 709
001457 710
000041 711
000284 393
001188 180
000709 311
001371 41
001118 138
000760 213
001530 712
000206 713
002230 289
002263 714
002688 715
000027 6
001589 716
000816 717
000086 718
002463 719
001508 301
002299 720
001294 721
000080 384
000876 722
000148 6
002259 723
001929 724
001477 85
000528 569
002635 725
001458 726
001773 438
000566 141
001214 727
001088 728
000311 729
002227 555
000382 138
002961 503
002875 730
002405 731
001302 732
000597 733
001086 53
000493 734
000579 117
001162 444
001778 735
002495 736
002543 31
002183 109
002152 737
002558 738
002663 739
001607 499
002097 393
002471 19
002508 740
001425 171
001803 741
002191 105
001209 742
002848 83
002487 743
002186 414
000921 331
001298 527
001968 64
001532 744
001694 745
001207 746
000434 456
002446 414
002484 747
002291 387
001671 748
000983 749
002576 750
001061 675
001729 503
001904 180
001225 290
002645 751
000207 251
002262 752
001770 753
000749 503
002091 122
000949 754
000928 689
001568 755
001594 503
002618 180
001800 289
000021 756
000869 596
002714 757
000122 758
000635 759
000200 760
002643 309
000704 761
001681 762
001673 17
000745 763
001574 531
000037 6
000305 764
001050 765
000522 84
000019 766
000665 251
001380 767
001590 768
001332 459
000047 769
001164 770
001146 771
002013 772
002672 64
002642 773
000486 774
002342 624
002315 64
002900 775
002436 776
000523 773
002709 372
001095 777
002200 778
002923 537
002032 779
002897 561
001199 780
002132 781
002504 782
001198 783
001947 45
002782 784
002382 785
002784 363
001848 42
000505 786
002030 418
002237 217
001224 787
002644 685
000543 788
002732 789
002867 790
000538 791
002086 574
002579 792
001556 793
000753 794
000244 40
002250 503
002540 795
002161 796
002120 797
001960 195
002884 494
001669 689
000289 798
000894 799
002916 800
002045 125
000003 801
002083 31
000568 802
001068 803
000400 804
000181 17
000147 401
000630 805
000761 806
000402 807
000414 339
001105 808
000860 238
000607 809
000173 810
000668 238
002054 217
000228 17
002119 19
000476 122
001513 105
000488 64
002028 811
000643 812
000576 764
002793 813
001970 459
002940 228
001005 432
000204 814
000412 362
000259 815
002803 816
001626 817
000792 818
000531 623
002607 80
002514 386
002430 64
001801 819
002524 223
000966 535
002340 820
000834 821
002960 339
001586 822
000551 823
002279 824
001578 825
001337 386
002693 84
002460 181
000804 826
001727 105
001987 827
002115 828
000388 171
001932 84
001396 476
001390 773
002696 152
002827 171
002384 829
002140 830
002433 80
002677 171
002285 675
002408 603
001352 83
001368 84
000703 831
001297 487
000780 832
000676 757
000422 833
002255 834
002467 498
002632 703
002014 503
000611 835
000038 836
000475 43
002684 64
002151 766
001465 837
001921 242
001885 561
000634 217
000145 838
002718 31
002850 84
002401 839
001844 840
000383 841
001074 517
002989 842
002992 843
001140 844
001809 83
002414 845
002592 125
001151 217
000770 531
000298 422
002588 846
001259 847
001442 848
001134 849
000005 438
002972 91
001840 850
001180 246
001143 420
000102 80
002047 455
001092 851
000610 130
001461 852
001310 148
001155 186
000732 467
001374 853
000735 854
002011 433
000468 217
001381 855
001016 856
001628 857
001080 858
001735 499
001111 317
002077 64
002199 859
002802 433
000671 860
002511 861
001222 862
001606 499
001959 521
001780 863
000757 324
000702 213
000285 864
000116 865
002549 866
002796 867
002700 868
002380 869
001497 17
000266 870
001910 871
000194 6
002317 872
002442 873
000783 874
001127 875
002300 876
000734 213
002977 877
000712 282
000947 878
002044 879
000812 880
000628 158
002828 74
002379 881
000123 882
002458 6
002252 883
002218 241
002628 884
001411 885
001645 886
001621 887
001957 888
000106 302
000182 480
002009 396
000875 889
001256 890
002738 148
001283 891
001378 17
000867 187
001549 289
002849 892
002336 893
000907 894
001415 895
000680 574
002491 790
001154 64
000960 855
002710 780
002745 896
002609 733
002182 897
002852 898
000964 83
002265 438
000272 899
000100 85
000170 151
001692 292
002331 900
001054 467
001328 64
000669 855
000510 823
002349 901
000248 902
000746 903
000700 41
000428 904
001814 905
000154 655
002114 423
002004 906
000011 907
002991 908
000826 290
001364 144
000808 909
000977 84
001775 910
000341 911
002920 865
000830 148
002142 912
002094 202
002411 764
000963 913
001258 914
000844 915
002424 916
000421 242
000499 917
000417 324
000621 918
002174 292
001808 223
000361 419
001014 84
002008 919
001522 109
002410 920
002345 921
000469 922
001539 384
000138 536
002551 423
001466 517
002271 461
000841 923
001699 476
001075 924
001541 836
000692 637
002346 6
001291 441
001492 217
000225 637
002659 599
002376 925
002975 69
001459 518
000996 926
002759 80
001891 180
001658 927
002053 928
000081 6
001176 185
000034 929
001356 930
001064 931
001241 932
002264 933
001616 42
001000 689
001864 934
001971 935
000805 936
000135 937
000325 180
002621 938
000880 939
000914 503
001113 704
002583 518
001408 476
002792 387
001453 700
002847 28
002190 940
001648 324
002416 109
001346 141
000864 832
000024 941
000149 942
001646 943
001892 777
002969 944
001416 138
002170 945
000931 419
002146 946
000280 384
002833 947
000077 309
001358 527
002646 6
002555 948
002640 949
002108 950
002103 836
001732 951
002321 952
000547 953
002063 954
000501 461
002587 955
002096 956
000506 957
002750 958
002281 959
002270 960
002435 961
001737 962
000958 963
002400 401
000166 964
001450 965
000202 152
001796 83
000239 966
001051 967
000986 63
000553 561
002217 968
002454 669
002159 969
001979 970
000990 354
002907 117
001196 971
001281 682
001400 238
000624 64
000049 972
001788 973
002464 64
002983 558
002829 767
002703 974
002573 975
000115 976
001768 83
001379 977
000791 228
002874 433
001935 185
000897 639
001097 438
002328 74
001194 978
000221 202
000515 280
000151 639
001432 979
000716 980
001484 122
002815 981
001129 982
001967 744
001779 85
001096 733
000954 122
000863 983
001747 217
002860 63
002387 41
001898 984
000189 985
001738 180
000924 986
001776 987
002903 988
002213 989
002727 290
001055 990
002701 991
002831 992
001956 440
000269 873
000309 993
002164 994
001942 995
002751 996
001243 997
001925 84
002116 998
001091 148
000822 999
002913 1000
000108 1001
002350 481
002955 1002
001414 289
001257 1003
002292 1004
001365 1005
002761 1006
000458 1007
001276 1008
000759 105
000707 639
002743 1009
001295 1010
000093 362
000817 467
002872 69
000856 1011
000870 217
001026 669
000143 813
002066 689
001483 1012
001474 181
000163 371
002344 64
000862 766
002407 1013
000617 138
001674 330
001428 876
002134 5
001451 1014
001945 6
001810 1015
000571 34
000711 119
002248 125
000932 1016
000328 202
002926 64
000580 362
001402 489
001579 41
000858 105
001534 517
000926 152
002728 574
001002 973
000952 1017
002554 1018
000245 1019
000322 339
000788 1020
000855 283
001807 1021
002824 942
001132 1022
001452 1023
002081 1024
002415 50
002842 1025
001125 1026
000882 83
002882 1027
001212 41
001632 159
001817 43
001031 109
002472 1028
000885 41
001319 813
002873 438
000520 1029
000057 681
001152 290
000845 1030
002505 144
001914 700
000772 1031
000256 938
001354 489
000236 826
002571 74
001841 223
002665 84
000344 152
000339 1032
000697 53
000991 1033
001429 423
002329 1034
002148 757
000316 420
001976 596
001145 461
001326 64
000208 619
001443 489
002902 624
001067 84
000594 1035
001652 1036
000657 1037
001382 1038
001035 228
001554 1039
002973 1040
002373 679
002001 1041
002118 596
000906 1042
000797 1043
001944 1044
000179 876
001007 1045
000536 1046
001444 517
000609 1047
001791 1048
000002 280
000336 83
002352 1049
002046 1050
001641 80
001772 64
001423 724
001197 1051
000649 53
000560 1052
002497 1053
001003 1054
001920 1046
000188 1055
002836 1011
000232 1056
001311 1057
002438 39
001613 117
000775 1000
001273 467
000800 476
002215 1058
002337 1059
001625 238
000756 19
001717 202
002176 511
001250 517
000615 756
002189 692
002671 558
002251 422
001902 836
000387 503
000187 1060
001834 1061
002854 1062
001339 130
001514 42
002877 1063
000262 1064
001680 181
000905 282
002254 1065
000253 1066
002253 238
001659 561
000679 282
000075 1067
000599 639
001726 74
000317 1068
000938 596
001469 755
001455 1069
001148 1070
001980 467
001307 1071
002048 1072
002080 823
002037 1073
002978 339
002173 202
000636 28
001117 1074
001268 1075
001286 1076
001473 339
002658 898
002034 863
001210 1077
002528 181
000744 704
002623 1078
000287 433
000956 287
000153 1079
002995 1080
002168 1081
000762 84
000478 459
000985 419
002056 387
001812 777
000263 281
001082 767
000430 401
000250 1082
002958 489
002801 1083
000020 290
002510 1084
002786 1085
000659 287
002965 1086
002040 456
000807 290
001510 1087
002301 64
000922 1088
000819 1089
002652 1090
000343 187
000354 339
000521 1091
002866 122
000016 418
003000 1092
000843 719
000565 1093
002175 1094
002982 1095
000052 590
002381 1096
002068 1097
002819 401
002697 43
001595 1098
001906 354
000395 973
002087 1099
000832 1100
000448 1101
001324 1102
000972 1103
002201 1104
002521 122
001856 888
000043 1105
002777 1106
001388 1007
002736 423
001384 438
001377 796
002520 700
000431 1107
000076 84
001252 423
000639 1108
002420 1109
001922 619
000156 242
001873 499
001177 1110
000353 40
002581 1111
002698 1112
001372 69
001868 1113
002542 631
000695 900
002981 130
000814 975
001498 171
002277 1114
001794 396
000120 223
002650 1115
001939 311
000159 1116
000747 1117
000190 144
002339 817
002298 1118
000957 561
000852 138
002338 503
002734 1119
002565 105
002121 324
001226 238
002314 423
002566 171
001843 339
002158 1120
001915 694
000065 1121
000850 557
002180 637
002893 63
001802 80
002207 561
000741 672
002753 535
000524 1122
000955 423
002675 494
002224 1123
001617 1124
001215 928
002450 1125
002139 64
001419 64
001385 517
002242 80
000887 228
001331 1126
000840 1127
001239 1128
001821 1129
002885 396
000588 1130
000064 36
000297 138
002235 386
002939 1131
001099 1132
002721 400
001122 786
001308 202
000678 1133
001022 1134
001321 588
002798 242
002691 1135
000451 1136
000811 420
002268 83
002156 546
000443 517
001555 317
000164 1137
001563 444
002308 1138
001771 1139
002591 1140
001422 660
002208 1141
001761 144
002412 1142
001220 423
002409 1143
001072 423
002445 1144
000133 1145
001572 1146
002799 1075
001609 84
001355 1147
000144 1148
001163 1149
002223 144
002840 1150
000303 1151
002601 6
002812 1152
000381 1153
002481 33
000802 41
000315 228
002811 484
000360 241
001537 5
000255 129
002079 1154
000847 228
000721 1155
001279 975
000920 1156
002564 387
000613 784
001018 384
002209 898
001638 223
001691 19
001754 1157
000688 1158
000008 527
000584 40
001878 1159
000117 1160
002304 1161
001334 801
002795 1162
000979 105
001571 736
000961 241
001263 1163
000872 1164
000079 527
001764 1165
002575 517
001389 1166
001141 703
000324 330
001683 536
001464 1004
000549 80
000925 973
000174 744
000548 141
000736 362
001583 1167
002951 109
000437 517
002767 1168
002541 1169
001690 1170
002138 395
002889 1006
001248 43
000238 1171
002756 1172
000748 928
000096 330
002522 31
000046 1173
000728 561
002725 1174
002007 1175
002919 739
000898 744
000953 1168
000818 433
000191 1176
001752 363
001019 33
001705 1177
001940 736
002273 1178
001437 590
000763 1179
000503 422
002455 1180
000586 64
002757 823
002682 1055
000424 1181
002058 631
002934 223
002171 1182
002649 976
002353 1183
001267 991
002908 1184
002006 1185
002769 1186
001475 1187
001871 42
000540 1188
001285 1189
000946 767
000575 171
000119 339
000787 1190
001227 18
002789 1191
000110 64
002477 387
000784 637
001952 1192
002578 924
002717 42
001119 180
002258 455
000215 752
000779 1159
001551 1188
000310 122
001161 1193
002533 946
000219 138
000429 1194
002622 6
000713 283
002141 1195
002284 976
000009 1196
002906 1197
001662 1198
001221 438
002179 31
000596 387
002857 180
001472 716
002296 689
002226 402
000517 362
001588 719
002016 122
002449 561
001663 109
001874 1199
001217 855
001806 756
001333 148
000675 1200
000820 1201
000432 195
002746 1202
001069 1164
001774 242
000314 1203
002303 1204
002737 289
000061 129
001963 531
000683 1205
001908 166
002766 993
001153 1206
000890 1207
000945 624
002057 744
001336 467
001862 1208
000645 840
001887 50
000527 290
000507 1209
001231 975
002927 773
000717 202
002024 1210
001842 423
001017 63
001969 330
000055 1211
000050 402
000767 1212
002475 1213
002157 1214
000810 187
002071 655
000377 214
000737 419
002580 694
000595 882
000349 1215
000094 187
001249 1216
002788 1217
002883 619
002567 1218
002375 64
002509 423
001682 42
002962 63
000136 109
002465 1219
000936 977
001715 198
002988 402
000778 489
001135 53
001679 1220
001665 468
000708 1221
000561 46
000654 969
001271 813
002808 159
000418 1222
001879 180
000987 1099
002538 955
000131 1025
000848 686
001150 1223
000025 678
001805 396
001890 74
001528 362
002204 34
002276 42
001023 251
000873 1224
001567 1225
000226 1226
002023 64
001470 280
001462 1227
001057 518
002432 1228
002670 1229
002228 874
000948 767
001909 736
002059 1230
000355 283
000068 1231
001698 292
000722 1232
000146 744
000416 105
001531 144
002949 854
000172 973
000727 848
001896 1233
000056 1234
000139 241
002244 1138
000450 777
001998 1235
000989 228
000970 122
000137 489
001897 1236
000175 80
001966 195
000386 228
001725 119
002741 418
000445 1237
001102 91
002781 777
001828 1238
002922 33
001884 223
001290 1021
001582 1239
000090 1240
002451 64
001306 1241
002101 1242
002049 1243
002178 1244
001030 1245
001330 1246
000040 1247
001013 1248
000944 1249
000666 1250
002327 1251
000453 986
000781 1041
002987 1252
001149 467
000178 1253
002185 1254
000337 1255
001919 978
002167 223
002979 1256
001557 689
002890 400
001601 423
001642 162
000352 64
000625 1257
002241 1258
002519 1259
002478 1260
001552 1261
002184 704
002561 1218
002090 1262
000724 283
000699 41
000359 744
002868 1198
001322 1263
001614 130
002980 214
002563 1264
001526 1265
000619 716
000466 43
001435 80
002733 1266
001420 669
002496 767
001703 773
002128 1267
001988 1268
000492 1193
002869 1127
001766 1269
002474 1270
002459 1271
001789 1272
002938 1273
001482 1274
002657 669
001136 438
001936 1275
002378 1276
001581 989
000480 1277
002266 171
000103 96
001479 317
000743 301
002775 669
000054 80
000988 1198
002619 1278
000069 246
000718 1000
001101 105
000334 64
002417 1279
001392 503
001240 238
000785 686
001174 1280
001159 1281
001316 761
001138 1282
000128 105
001584 590
001975 489
001262 1047
002695 228
001107 639
000951 1283
002123 1198
001130 939
002898 569
001559 1284
000462 900
000640 1285
000758 1286
002637 1287
000930 419
000231 1288
001320 484
000556 1289
000544 1098
002547 1290
002488 1291
002399 916
002486 459
000099 1038
001431 1292
001251 817
001888 1089
001900 517
001006 1293
001471 1013
002061 1294
002310 1295
000295 1006
002402 1296
002674 63
002790 83
002354 1297
000160 876
001237 96
000651 1298
000910 1299
002816 42
002620 433
001558 1300
000321 1301
000015 419
000976 1302
002456 1303
001447 1304
000463 130
002944 823
001693 289
001720 1305
000644 317
000620 402
000652 161
000254 324
001882 280
000874 996
000467 138
000754 1306
002611 1307
000942 967
000883 900
000292 372
000234 401
002943 114
001305 241
001767 1274
001519 1308
002272 1000
002841 1309
002098 1310
002418 91
002026 764
001486 716
001242 6
000535 19
000526 1311
001426 1312
001081 1313
002685 64
000590 28
000674 795
002678 1314
002155 1315
001347 1316
001376 362
000836 1317
000252 1318
000667 561
002210 1319
001872 1320
000391 362
001468 938
002548 764
001363 159
000795 1321
001985 655
001934 433
002105 503
000682 800
001206 198
001078 801
002895 456
002395 96
000152 166
001525 114
002771 130
000828 855
001255 1322
000525 423
001266 1323
002070 1324
000406 661
000258 162
002838 1086
002437 366
000186 956
002092 1325
000474 171
000813 386
002389 855
001167 362
000365 1215
002936 1021
001859 1326
001351 1327
002364 1328
000330 83
000513 238
000663 786
000346 882
001604 1329
000833 681
000684 1330
002629 402
001677 848
002947 386
000773 175
000067 1331
001951 855
002706 1332
001716 1333
002421 1334
000235 685
000646 489
002466 1335
002348 503
001667 489
001823 855
002078 438
001139 1336
000542 1169
001314 438
002896 105
000201 1227
001964 823
001296 1337
002362 85
000307 1021
001309 17
000130 280
000396 1338
002864 637
001930 1013
000327 1339
000192 1340
000723 1341
001855 700
000308 1342
001065 40
001398 1343
000496 1344
000385 1345
000583 386
000398 1346
002933 1347
001630 1348
000162 1349
001335 1143
002724 494
001104 848
000937 744
001040 287
001367 1350
001275 223
002749 503
001927 1351
001950 138
002069 1298
000570 18
001160 1352
001561 598
001592 1353
001881 1354
002530 1355
002082 64
000048 144
000030 1254
001596 517
001926 1356
000502 800
001847 186
002502 1357
002755 1358
001186 817
001269 1359
002559 536
001857 1360
001863 161
001795 1361
002648 63
002550 1362
000433 558
002302 1363
000997 114
002855 817
002791 1364
000367 1081
001077 527
001079 147
000261 1365
002347 80
000557 198
002067 223
000573 17
002912 419
002274 1366
000600 161
002661 404
002042 956
000420 40
002137 1335
001303 130
001247 1367
001233 64
001449 433
002267 813
002356 1368
002205 201
001813 433
002220 1269
001467 148
000276 28
000706 283
002335 1369
000454 1370
000114 1305
000072 80
002029 362
002131 909
002935 42
002064 1371
001826 1372
002584 1373
002290 1374
000919 45
000452 40
002624 1375
002453 1376
001515 1377
002393 292
001566 669
000740 339
002413 685
001654 1378
000105 45
001858 937
002821 42
002887 1379
002722 1380
000242 1381
002479 80
001989 882
001570 31
001620 423
000097 704
002516 1382
001191 1383
000085 213
001719 251
000010 517
000879 1384
001340 1021
000774 1216
001386 324
000277 1385
001409 166
001593 777
001373 1386
000089 1330
000091 1168
000281 823
001907 1387
001485 1388
001824 1138
001325 290
001427 1389
000993 456
000366 1390
002072 1251
000677 1391
002027 217
000999 1392
001190 187
002359 1216
001760 114
002289 1393
001343 64
000095 1394
001287 387
002147 1395
000168 205
000497 1396
001750 1397
002324 1398
000715 694
001540 125
000332 986
000220 752
002482 1399
002937 180
002772 1400
002535 561
001538 307
000532 307
001865 386
002797 1401
002309 158
001981 946
000306 122
001650 1402
000197 716
001165 488
001619 937
001147 571
000495 1403
000111 761
001109 246
001270 817
002562 1404
000370 1405
000794 1238
000927 39
002322 289
001816 1406
000397 441
001179 784
001216 117
000798 456
001299 311
001063 1086
000419 1407
000376 1408
002512 1409
000471 1242
001542 53
002608 43
002351 1410
002631 242
002990 298
001762 1411
000799 324
002060 1412
001487 403
000539 704
002676 138
002330 991
000984 766
000481 309
001480 19
000224 946
000673 386
001394 166
002985 354
000995 96
000581 144
001046 28
000078 1413
002596 74
002996 370
001759 1414
000827 287
000126 685
001253 967
001961 317
002770 1415
001597 40
000577 438
001576 292
000622 882
000768 1416
001230 517
001341 484
000660 561
002853 151
002888 43
001518 1417
002758 960
002974 125
002785 1418
000260 1419
000283 1042
002683 1420
001615 975
001185 241
001974 1421
002523 517
000456 1422
002369 287
000435 1134
000300 1423
001763 796
002485 1424
002865 488
001933 5
000439 1050
002374 404
002025 836
002452 939
002613 773
001627 1425
000293 942
001838 1426
000279 639
000656 246
001059 1427
000733 861
000554 138
002143 402
002914 786
001901 1428
002294 569
001192 1429
001527 761
001996 64
001357 1190
001695 922
000776 1346
000427 401
001787 1430
001187 1431
002198 393
002275 404
000866 187
001710 1432
001793 1433
001246 83
000901 45
002748 1198
001529 1434
000602 1435
001292 1436
000218 801
002269 228
000214 1127
000036 1437
002443 217
000368 400
000013 1438
000477 1439
001721 202
002283 1440
002744 1441
001085 494
002904 17
001633 6
000014 1442
002112 871
002783 639
001024 975
000965 1443
000608 205
002062 42
000436 159
000018 856
002813 1198
001783 1444
001804 246
002397 246
002256 1445
001115 31
002390 1446
001954 1335
000345 1447
002844 43
002600 1216
002647 1448
001718 1449
000033 1450
000373 1451
000658 1452
002221 1453
001087 675
002457 1454
002929 1455
002249 689
001317 1456
000861 694
001608 1457
000045 64
001535 1158
002878 639
002971 96
000490 242
000504 1316
002261 64
000134 17
002109 109
000691 1458
002075 423
002149 418
000975 1459
002999 370
000777 1460
000789 5
002569 503
000364 939
002358 503
000796 517
001937 1461
001629 1462
001277 217
002593 1463
000940 294
001506 1254
002490 1464
000648 499
001004 217
002525 339
002111 517
001173 1465
000484 45
001811 1466
000053 1467
000243 324
002084 1468
001986 1469
001203 1470
000739 1471
002169 823
001300 826
001020 1368
002093 1472
000837 1473
002125 484
001745 912
000369 1474
000268 1475
000729 1476
002493 736
002552 1477
001520 171
001034 1357
001713 109
002334 83
000296 1478
001849 1479
000626 1480
000278 817
000498 287
000485 1481
001521 202
000183 817
000971 1482
001852 679
002225 1483
000685 1484
001769 138
002976 362
002085 361
001181 1485
002051 105
000755 1486
000509 1487
002546 700
002357 1006
001982 531
001439 724
001446 1488
000142 1034
000865 187
002232 1489
002323 467
001011 893
000849 1490
002560 694
002780 141
001995 1144
000888 370
000118 1491
002162 596
000546 370
001790 1492
002214 1446
001977 1000
002233 1493
001984 1494
001397 1495
000275 1441
000705 242
001025 1496
001591 1497
001565 1432
001743 238
000384 403
001430 138
002610 704
002911 181
001830 1498
000177 64
001360 800
002428 1006
002568 1499
000831 423
002556 31
001643 64
002462 1423
001634 1500
000623 1501
002921 1502
000859 402
000642 1216
002307 1503
000835 393
002711 1504
001499 238
000338 1416
002447 130
001448 689
002654 1505
001965 180
001685 1506
002529 1507
001144 1508
002966 338
001706 1026
002924 1509
001739 1510
002708 109
000790 1364
002305 1284
000969 675
001668 1281
001689 494
001899 1187
