0 1.042874813079834
001292 1
000596 2
000237 3
002825 4
001291 5
001400 6
002517 7
000672 8
000333 3
002888 9
001436 10
002500 11
001396 12
001029 13
002146 14
000231 15
001802 16
002711 17
000143 18
002040 5
002945 19
002403 20
002492 21
001764 22
000982 23
001012 24
002698 25
001081 26
000172 27
000558 28
001227 29
002592 30
000339 31
002855 32
002320 33
001158 34
000650 35
000314 36
002732 37
002383 38
000550 39
001191 40
000632 41
000153 42
002129 4
000111 43
002938 44
002894 45
000730 46
001597 45
001872 47
002399 48
001103 49
001468 50
001410 51
002460 52
000108 53
000481 54
002902 39
001078 55
001564 56
001480 57
002019 58
002043 59
002672 60
001216 61
001369 62
001406 63
002617 52
001140 64
000528 65
002033 66
000266 67
002131 68
002300 69
002431 70
002695 71
002992 72
001853 73
000348 74
001487 75
000832 76
000241 77
002692 78
000356 79
000905 80
000521 81
001137 82
001734 83
001573 84
002110 85
002235 86
001738 87
001620 88
002703 89
002706 90
001051 91
000064 92
002954 93
000737 94
000867 95
002633 96
000577 8
002665 49
001849 97
001177 98
001314 99
000994 100
002137 49
000271 101
000369 102
000099 103
000597 104
002537 105
000016 106
001115 107
001882 108
002122 82
001333 109
000291 110
000789 111
002873 8
001888 49
001212 112
002002 113
001569 114
002115 115
000957 116
001108 117
000557 118
001753 16
002511 119
002494 120
000489 121
001326 4
001615 122
001428 69
001448 123
002531 124
000144 125
000524 126
001026 127
000530 102
001112 128
002737 129
000219 130
000612 49
002823 131
000740 4
000858 132
002374 133
001129 134
000123 135
001807 136
002375 4
001515 137
001203 138
002417 139
000281 16
001294 140
002748 141
002754 107
001873 142
002483 143
000600 144
000817 145
001557 146
002310 147
000782 148
002813 149
000717 149
001798 150
002578 151
001679 152
002486 153
002485 154
000113 155
000158 156
000495 157
002865 49
000682 158
000260 159
001249 160
002871 161
001805 162
001720 163
001988 164
002117 165
002401 166
002866 167
001090 168
002675 169
001355 170
000929 171
001195 172
002387 112
000028 50
002629 173
002721 174
001463 175
002133 176
000825 177
001276 178
000628 179
000069 180
001993 181
001013 182
002606 183
000516 49
001981 184
002204 185
001486 186
000102 187
001390 188
001495 189
002183 173
002101 190
001306 191
000500 192
000080 4
001736 193
000766 194
001654 195
002526 196
002333 71
002324 197
002767 198
002513 100
001509 199
002539 200
000342 201
001443 4
001577 202
002747 203
002845 204
001073 146
001688 205
002830 206
001847 29
000159 207
000055 208
002831 209
000063 210
000313 211
000959 118
000205 212
000132 213
002536 214
001984 215
002326 216
000337 217
000085 22
002465 218
000242 219
000791 220
001394 221
002026 222
001425 180
001467 223
001497 141
000077 54
002851 114
000094 224
001709 225
002708 173
000138 7
000843 226
002872 227
002412 228
002789 229
001821 230
001490 231
001345 232
002739 114
001062 233
001488 234
001860 235
001891 87
002013 236
000759 20
001149 237
001578 238
002712 184
000073 239
000228 240
002440 241
001493 242
002488 243
001007 244
000809 245
002506 246
001940 13
000130 108
000983 97
001102 247
000664 248
002505 246
001057 162
002305 249
001354 4
000222 250
002149 251
000693 252
002162 80
001461 253
000586 4
002937 254
000956 255
002838 256
000745 257
000733 119
000476 258
002870 141
000735 259
000005 8
000962 49
000660 260
002138 28
000070 261
001836 262
000921 263
002145 264
002859 265
001933 266
002094 149
002005 267
002263 268
000049 269
000254 270
000503 271
002849 272
000083 49
000734 22
002595 273
000061 177
000024 274
001634 275
000506 276
000522 277
000827 20
000970 278
002329 279
000924 280
001269 281
002781 193
002875 282
001600 283
001464 284
002551 49
002192 285
002489 286
001731 287
000585 288
001248 289
002166 216
002372 290
000477 291
002274 292
000799 293
000318 294
000469 295
000402 296
002946 248
001175 144
000104 162
000512 297
002575 298
001687 299
000997 127
001774 300
001482 301
001347 302
001592 149
001689 13
000620 303
002393 263
000185 304
000457 65
001831 305
002613 306
002582 307
001160 308
002051 267
000945 252
002939 309
001266 310
000103 311
000468 82
002278 312
001607 148
001322 313
001781 183
000131 314
002063 315
000828 316
001496 266
000587 317
001806 114
001627 318
002784 319
001692 263
000531 320
000264 321
002456 322
000777 323
001867 324
000141 325
000552 326
001730 141
001717 149
002191 20
001746 327
000787 328
002993 325
000763 329
000473 330
001920 331
001284 332
002410 333
001662 149
001004 10
002262 334
001209 32
000653 335
001614 336
001710 337
000785 338
002929 339
002815 340
000995 341
002025 342
000898 343
001647 94
000581 246
001551 344
002281 345
001819 173
002344 4
002953 346
001349 347
001776 226
002630 6
001941 43
000538 348
002436 22
000096 349
002959 350
000464 263
002014 49
001382 103
001156 145
000220 351
001747 352
002585 327
002546 353
000770 354
002907 355
001828 356
001727 357
002168 358
000329 359
002366 360
002037 361
000112 362
002529 363
000967 162
000432 364
002288 365
000149 366
000908 367
000261 368
000376 369
002520 353
000019 370
002969 371
002988 303
002663 372
001998 373
000274 263
002626 107
001128 374
001642 52
002139 19
001432 375
001237 311
002066 146
002125 376
001883 377
000269 314
001939 84
001650 378
001611 379
002962 82
001117 380
002000 381
001079 325
000364 382
002064 383
001711 384
000034 385
001726 386
002173 149
001537 266
001659 260
001305 387
001698 52
001735 148
001417 388
000279 169
001795 389
000935 311
001572 84
000363 390
001961 391
002568 392
001440 393
001424 394
002847 395
002395 311
002099 80
001565 337
000708 396
000386 71
002229 397
002024 398
002175 399
002400 3
002328 216
002075 49
000987 400
001678 401
000659 20
001568 402
000856 403
002118 141
001991 404
002213 405
002893 82
000527 108
001956 406
002077 4
001750 407
001596 408
002837 409
001904 239
000287 382
001835 410
000268 411
001874 412
002793 413
002425 414
001506 415
001788 416
000644 270
000647 417
002319 43
002342 418
002577 419
002165 420
002614 421
002768 49
001996 4
001919 422
000210 423
001264 161
002930 424
001331 425
000622 426
001265 427
002086 428
002116 429
000564 430
001966 246
000200 431
001437 432
000015 433
000209 434
002726 80
000834 435
001098 436
002337 437
000692 438
000684 439
002477 440
001119 441
000582 442
001721 443
002525 4
000120 307
002176 444
002227 442
001606 148
000295 4
002258 205
002985 39
002237 108
001449 213
001190 445
000009 446
000311 447
002370 448
001165 449
000478 153
001729 141
001066 128
002382 450
000505 451
002141 452
000355 453
001256 454
000038 342
001704 107
002790 455
002593 456
001748 407
001749 457
001258 458
002574 303
001146 459
002819 173
000941 460
002915 19
000640 461
001093 239
001070 307
001126 462
000656 150
002690 463
002354 337
000419 464
001231 122
001143 465
001172 466
002474 467
002224 468
002664 469
002089 298
002228 470
002661 471
002481 472
001719 473
000203 184
002679 474
000811 475
002981 336
002480 476
002631 477
000370 478
000195 479
002610 480
000502 158
001584 432
002484 481
000887 482
001768 483
002688 484
002702 485
000298 271
002058 486
002246 487
001107 488
002919 372
002041 489
002874 161
002475 490
000233 491
000930 20
002918 492
001147 493
002275 133
002567 494
002913 495
002579 496
001167 298
001978 497
002047 205
000643 498
002038 499
002911 500
002885 162
000736 298
000685 501
001591 502
001295 503
001715 504
001670 149
002004 505
002955 377
000808 506
001626 507
000991 508
000985 94
002668 509
000361 433
000330 455
001778 510
001476 455
000598 511
001700 133
002608 512
002496 127
001635 513
002549 514
002603 54
001042 112
002968 129
000109 515
002010 516
001544 320
001416 32
001232 517
000128 518
002434 519
002186 520
001552 521
001395 522
000616 523
002418 150
000661 406
000365 524
000965 525
000701 49
002416 526
002509 49
001368 20
000591 527
000504 302
000623 528
001325 529
002844 512
000157 530
002773 531
002749 532
002979 533
001005 493
000840 534
001399 535
001527 536
001420 289
002612 141
002912 94
000007 528
000869 537
002119 20
002109 538
000602 539
001289 5
002042 540
000595 135
001323 541
002571 386
002398 457
000892 542
000835 130
002364 543
000837 544
000739 545
001562 546
002462 547
002082 19
002081 548
001862 549
000774 160
002744 550
001096 551
000630 552
001559 249
001315 553
000216 554
001856 555
001556 556
002053 557
000292 558
002001 559
001530 560
002681 561
001902 302
000227 562
000542 563
000857 20
002090 564
001633 3
002522 114
000217 565
000720 566
000830 223
001977 414
001638 567
002242 187
000174 568
002927 569
001257 570
002135 571
002507 572
001293 573
002933 574
000322 160
000324 149
000270 575
001206 294
002285 576
000754 577
001159 578
000427 579
000004 130
002642 480
002006 580
002501 581
001471 582
000565 583
001517 584
000357 585
001999 336
000955 49
002381 586
001316 43
002421 587
002563 588
001925 314
002350 130
001197 486
000474 589
000247 590
000201 591
002883 592
002752 593
002203 594
000181 555
001668 578
000350 595
000875 596
001273 568
001618 597
000847 540
002007 598
001864 599
002479 492
001742 600
001358 271
002069 601
001757 602
000345 603
001383 604
001740 605
000731 336
002924 606
001763 497
000588 607
001380 289
000862 608
000177 597
000455 609
000373 610
002564 440
001105 611
002598 141
002148 612
002541 563
000961 613
001811 614
002775 127
000601 112
000317 615
002699 226
000783 470
001869 616
001843 160
001268 617
001348 28
000593 618
001262 619
002349 620
001344 576
002956 216
002922 263
002039 621
002743 622
000915 8
000283 623
000186 540
000453 280
001037 135
002622 624
001501 625
002307 626
001745 627
001477 162
002359 160
002504 97
000696 45
001168 628
002766 372
002365 485
000849 629
002323 630
001765 5
001936 631
001771 632
000548 633
001188 239
002114 49
001817 6
000607 634
000973 635
002674 307
001820 636
000814 122
001733 637
001303 638
000796 298
002487 639
001088 640
002247 579
002778 641
000511 642
002367 643
002982 644
001640 641
000288 298
000076 49
001023 645
001661 120
000100 184
000750 382
002396 646
001353 130
000306 258
000316 647
001793 648
000072 529
000309 372
002926 649
002560 173
001032 650
002296 146
001401 179
001313 176
001405 651
002899 652
000678 653
000826 529
000666 654
000335 655
000124 16
002449 656
001240 6
001267 657
001985 658
000366 659
000285 660
001381 404
000488 19
002787 661
001582 662
001871 524
000134 141
002756 663
001460 505
000958 664
002197 665
002841 562
002596 666
001967 29
001684 271
001895 667
002742 524
002550 668
002852 669
000037 145
000954 258
000118 670
002452 227
000392 671
001301 672
001135 32
002277 673
001124 390
000599 169
000492 674
000615 114
002801 675
000918 676
001478 677
000788 678
001716 679
001896 680
002439 406
001545 433
001224 681
001913 314
001854 682
000756 262
000841 683
000273 133
000572 155
002682 684
001230 685
001357 328
002251 271
000167 112
001909 686
001278 148
002691 687
001491 516
002272 414
002111 112
000540 344
001824 504
001162 445
001438 364
002084 688
001816 689
001064 690
001550 691
001690 692
001865 693
000910 694
001714 661
000062 695
000800 696
000780 697
001414 696
000689 698
002314 177
002463 226
002895 227
002521 493
001236 122
002380 699
002905 700
001707 701
001812 193
000579 355
000778 702
000293 703
000460 704
000035 705
002573 122
000543 706
001901 707
000998 84
000257 708
000371 553
000081 145
002420 709
000497 710
000729 711
001022 226
001641 492
000446 129
001696 712
002723 713
002659 6
001777 714
000517 298
001520 180
002994 516
001009 248
002177 715
000433 395
000276 395
001047 160
001724 716
000282 492
001885 260
001541 342
000646 486
001893 258
002161 717
002591 718
002220 719
001178 133
000039 720
000336 455
001125 721
000541 246
000943 440
000383 722
002384 723
000885 112
000240 455
002448 724
001675 719
001489 49
001388 725
001929 726
002725 39
002209 727
001163 728
002896 179
001288 523
001377 497
000243 729
002361 730
000569 731
002190 732
000218 426
000649 180
001937 733
002222 734
001299 84
002806 735
000757 293
000146 568
000289 736
002760 130
000560 289
000059 737
001625 19
001930 582
000221 443
000232 738
000926 739
003000 740
000147 579
001131 741
002357 516
000084 742
002185 415
001671 743
000244 744
000771 745
001077 271
001255 746
002476 747
001238 127
000182 748
000795 749
001182 750
001752 263
000576 127
001456 751
001458 752
001132 753
001946 477
002635 260
002394 702
002558 754
000304 270
001797 516
001261 755
001161 674
002556 298
000786 387
001818 756
000212 757
001282 758
001973 759
001952 760
002335 761
002502 762
001318 763
001455 764
000571 765
000465 82
001758 766
002810 767
002616 303
001421 149
002524 567
000117 768
000461 765
002451 4
000621 769
001528 390
002020 770
001270 298
000978 771
002221 772
001694 773
000712 80
000405 774
000430 775
001631 776
002694 149
000518 777
000769 20
002730 177
000046 778
001792 572
000467 293
001796 483
002347 779
002210 780
001655 7
000810 267
000690 781
001637 141
000758 782
001982 359
001446 260
000753 112
002261 783
000307 784
000482 150
000162 785
001254 786
000923 10
002917 787
000852 130
000449 788
002826 419
000652 118
001186 298
002248 133
002317 789
001989 604
001075 790
002995 791
001201 146
000609 619
002594 792
001309 49
000912 173
001581 405
001243 793
001055 794
002975 537
000040 795
000031 681
002590 641
002297 796
000732 630
002052 108
001931 49
002298 797
002250 10
002153 798
000388 173
002200 799
001067 128
002532 127
000377 183
001673 43
000249 800
002325 801
002833 802
002031 512
000044 127
001702 223
000456 803
002132 804
002719 226
001813 382
002055 714
000415 695
002073 487
001979 805
002223 223
000115 806
001080 807
001801 808
002255 809
002065 810
001848 524
002343 387
002700 811
002134 487
002750 812
000170 54
000749 141
002796 813
001441 814
000523 569
002605 155
001657 815
000713 227
001221 141
000917 816
000804 817
002011 553
000525 540
001965 87
000722 818
001866 395
000977 314
000746 819
001987 820
000471 821
000338 822
000567 680
001855 351
002619 823
001878 824
002280 246
002299 825
001024 122
002127 826
002792 440
000626 827
001605 246
000053 828
002740 829
002353 830
000196 130
000645 300
000066 141
001810 831
002910 158
000424 832
000399 359
000784 438
001887 112
000284 130
002714 612
001360 169
001253 833
002552 834
002618 394
001063 249
001686 835
001769 836
002253 351
002059 837
000904 395
002970 838
001142 839
002218 393
002812 840
001452 841
001772 19
001251 351
002680 300
000553 32
000829 343
000198 842
002023 19
002469 390
002036 843
001144 844
002686 845
002478 846
001166 847
001027 848
002249 146
002644 849
000603 850
000387 300
002799 617
002861 270
001336 443
002653 851
000805 852
000953 853
000493 854
000697 32
002032 855
002771 856
002832 857
000166 858
002646 3
001370 765
001576 859
000485 860
001744 180
002584 861
001423 726
000155 270
002358 532
000592 457
002142 627
001756 862
000379 863
001028 537
002828 216
002339 507
002689 864
000067 865
000119 160
000003 866
001518 867
002239 868
002113 630
002814 19
000412 298
002974 239
002252 869
000838 870
000250 871
002271 701
001505 49
000533 150
001976 10
000272 872
000344 873
000278 298
000466 135
001330 874
000574 875
000280 155
000368 262
000023 876
000760 22
002976 298
000836 877
000086 878
000845 879
001903 133
001975 155
002652 880
001538 881
001016 882
002856 22
001141 883
002231 884
001951 316
000353 744
002405 885
002923 346
000008 271
001522 173
002829 289
001560 886
002120 887
002234 540
002627 311
002717 406
000236 817
001651 888
001145 540
002611 889
000950 294
002304 890
002056 440
000539 579
001069 891
002701 657
002557 892
002497 893
001339 177
001639 406
002906 894
002705 52
002535 8
000764 895
001109 150
001247 896
001723 180
000202 326
000872 891
002404 859
002107 835
001554 774
001222 193
000976 897
000889 537
000952 898
002545 45
001153 899
002898 342
001949 900
000633 266
002645 901
002736 719
002746 902
000886 303
001099 903
002049 904
000142 775
001799 307
000816 905
001091 223
000082 906
000156 477
001041 307
002243 907
002003 393
002450 908
002150 909
002798 616
000184 155
000611 910
000618 540
000881 911
002219 912
001229 483
001986 913
000319 914
002169 141
000161 130
001636 915
000362 916
001076 586
001889 917
000095 918
002776 10
002921 919
001280 836
000334 836
002581 920
000459 921
002163 922
002709 923
002095 775
001321 19
000509 924
002181 925
000448 926
000447 500
000975 927
000779 824
001045 8
002544 129
002931 493
000347 455
000127 112
002091 493
000340 500
002021 258
001089 928
001465 929
001019 457
001470 108
000974 500
001039 930
002230 129
002466 49
000551 16
001052 931
000375 153
001851 544
000484 298
000888 932
000401 748
000263 547
002602 933
001783 934
000992 344
001773 868
000821 10
000472 342
002385 935
000944 936
000451 937
001643 4
002445 938
002632 883
001877 359
002044 939
001312 940
001531 246
001439 726
000394 252
002862 941
002881 942
001767 266
000676 612
000824 943
002977 944
001513 298
002027 108
001508 922
001703 569
000302 382
001151 82
002467 485
001630 945
002950 114
000480 946
001610 19
000561 393
002245 947
001761 246
002848 455
000773 359
002363 948
002157 949
001343 19
002621 950
002289 951
000842 148
001785 336
002685 19
001297 952
001210 953
002016 493
002731 954
002493 500
002415 553
000718 414
000041 955
002877 956
002160 487
000012 130
000663 177
002990 857
001015 835
001959 957
000584 45
002454 701
001960 390
002241 958
002199 959
002427 336
000359 29
002660 148
001870 960
000853 961
000105 567
000235 8
000695 784
000194 3
001561 816
000617 130
001879 239
001049 471
001056 962
001916 963
001157 567
000514 307
001595 964
000634 82
000385 965
001543 665
002604 336
000850 128
002295 524
000714 966
001542 32
002718 184
002311 891
001583 967
000090 968
002035 216
001837 876
000308 969
001311 970
002009 155
001935 971
001171 972
001363 122
000743 623
001590 973
000922 974
000211 784
002916 158
000384 975
000691 976
000709 628
000403 977
000702 22
002377 881
000999 978
002085 65
000544 964
001208 39
000404 979
002667 980
001083 981
002225 982
001945 3
000442 19
001524 850
002991 983
002196 516
002308 984
001934 294
001533 71
000559 493
000861 173
001134 985
001502 351
002824 703
001947 298
000087 300
000546 932
002785 986
000463 177
002512 987
000815 82
000854 988
002050 493
002158 989
001665 112
001006 990
000234 579
000395 765
001603 20
000189 991
002070 992
000614 993
000437 994
000164 995
001844 300
001219 300
001200 996
000820 997
001547 881
000515 553
000776 886
001469 998
002045 127
001963 455
000487 999
002625 393
000793 1000
002508 1001
000583 720
000578 39
001412 149
000748 557
001850 108
002206 1002
001787 1003
000566 130
002301 1004
001838 1005
002763 1006
000580 298
002903 1007
001290 604
001593 71
000803 150
000259 1008
000458 725
000725 252
000116 1009
002151 608
001104 1010
002772 1011
001842 314
001298 271
002345 1012
000547 1013
001755 1014
002226 303
000418 1015
000047 1016
000310 493
000878 246
000721 1017
002332 19
001525 519
002447 177
001728 1018
000947 1019
001808 307
002908 1020
002901 193
000150 4
001213 239
000408 16
001340 604
002423 1021
002607 336
000806 1022
001454 1023
000846 856
000625 1024
002868 149
001880 148
002600 160
000193 633
000331 1025
000122 1026
002864 438
001384 747
000312 1027
001082 524
002184 480
001043 500
000741 1028
000883 784
002390 1029
002647 1030
001404 153
001858 184
001942 1031
002498 1032
000018 882
000354 160
000258 52
001263 1033
000863 1034
002468 1035
002734 1036
001529 1037
000060 593
001612 547
001994 135
002623 1038
001095 108
000519 19
000422 1039
001570 114
000860 608
000013 1040
001829 1041
000372 526
000389 765
002470 1042
000420 45
001494 633
001712 19
001800 696
002965 249
001567 1043
002123 747
002046 1044
000938 80
000494 975
002762 1045
002839 13
000638 19
000428 1046
002290 1047
001308 443
002820 1048
000305 604
002428 516
000909 177
000409 307
000716 1049
000981 311
001442 1050
000920 1051
001307 1052
000088 122
002533 594
001649 353
000513 608
000110 836
000680 1053
002017 1054
001725 419
002379 1055
001894 133
001827 239
000398 886
001274 1056
002967 1057
002753 252
002172 271
000662 114
001185 387
002194 617
000797 1058
002140 1059
002878 271
001695 1060
000738 921
002729 524
002836 1061
001782 1062
001462 591
002963 1063
001453 353
002461 1064
001926 1065
000679 80
002949 912
001558 1066
000822 1067
001857 483
000042 1068
002650 1069
000213 1070
000772 1071
000323 784
002336 1072
002376 1073
000931 20
000979 337
000303 1074
001992 150
001260 1075
000092 80
001044 1076
001365 1077
001207 1078
001622 1079
000022 298
002889 516
000949 1080
001106 227
002205 1081
002426 1082
000423 1083
002126 1084
000175 187
001287 851
000208 5
000499 1085
002188 1086
000071 3
002850 43
000635 1087
002561 494
002887 1088
002782 1089
000021 114
001685 52
000925 765
001038 473
000613 1089
001310 303
001356 1090
000045 4
002759 779
002897 260
002707 1091
002106 1092
001971 1093
000129 1094
002530 1095
001427 343
001621 1096
000239 1097
002327 1098
002609 551
001604 1099
001917 1100
001743 351
001097 8
000665 100
000454 1101
002777 1102
002330 657
000687 43
001020 1103
001003 1104
001846 1105
001516 1106
000520 1107
002392 1108
000178 1109
001918 314
001250 994
000204 1110
002900 1111
001337 720
001366 1112
002980 183
001130 227
001713 39
000290 748
000048 246
000160 69
001521 443
002733 1113
002651 1027
002783 488
000933 1114
001196 1115
001018 155
001924 6
000068 1116
001387 656
001133 187
002693 128
001059 1117
002080 747
001598 473
001415 1118
002360 19
002867 1119
002464 19
000406 942
001304 426
000286 858
000707 169
000946 617
002909 1120
001697 551
002096 540
001184 1121
002321 1122
002794 32
001154 568
002419 1123
002313 1124
002356 1103
000667 8
000252 1125
002195 707
001546 169
002510 1126
000700 112
001285 1127
001693 129
000604 769
000986 307
002755 1128
000906 623
001669 724
002947 720
000526 1129
001194 1130
002232 556
002678 1131
000545 553
001914 1054
002957 1132
002817 1133
001834 1134
002279 1135
001908 876
002751 1136
001653 726
002757 658
000706 148
001225 133
000673 833
000762 1137
000378 519
002860 307
001852 529
001683 7
001372 537
000744 180
001068 1138
002802 853
001861 393
002270 1139
000654 87
002268 455
001826 1140
002373 529
000868 293
002316 1141
000848 1142
002015 881
002028 1143
001092 1144
002971 311
002964 1145
001444 390
002174 239
000139 1146
001619 184
000326 1147
000341 1148
000554 293
001040 227
001183 13
002437 327
002797 1149
000238 1150
002519 1151
002528 71
001279 122
001084 1152
000648 382
001897 1153
000253 1154
001732 1155
002935 155
000328 443
001434 1156
001972 406
001539 94
001000 146
001418 1157
002518 19
001164 1158
000728 656
002932 1159
001574 359
002941 248
002999 120
001928 1160
000183 32
002067 1161
001035 540
000790 528
000358 1162
000942 942
000173 1163
002720 1164
000594 1165
000470 1166
002805 628
002362 835
002840 1167
002435 1168
001648 293
002722 1169
000165 3
001485 1170
002677 1171
000251 1172
001085 13
002657 127
000400 1173
000802 112
001969 604
002572 1174
002553 20
000029 1175
000642 160
000927 500
002998 747
001061 576
000452 187
001957 555
002334 455
001932 314
001825 883
002414 1176
000380 1177
000536 1178
001762 1179
001575 1180
001841 1161
000352 19
000294 1082
002391 1181
001169 1182
001116 674
002346 3
002072 1098
002543 107
002458 3
000091 130
000960 316
000001 271
001646 1183
000683 1184
000382 130
002637 1185
002523 390
001492 1103
002178 714
001252 314
000627 604
000916 213
000705 567
002315 19
000619 1186
001645 1187
001510 1188
001422 80
000320 443
000224 835
000214 777
000573 177
000078 1189
002892 698
001413 817
000440 671
002217 1190
000343 267
001033 1191
002944 342
002676 836
001859 1192
000491 816
002472 84
002628 1193
000932 1194
001921 477
000686 842
002727 529
000255 177
002639 1195
002207 526
001875 406
002943 519
001223 504
000296 1196
000710 263
002060 1197
000641 473
001868 1198
001334 866
002216 1199
001737 1200
001839 49
002008 1201
002264 1202
002312 1203
002649 806
001352 426
001511 957
001602 1204
000190 246
002424 1205
001373 1206
001296 1207
000556 1208
002713 252
001111 270
001189 1209
001892 193
001121 1210
000698 1211
001218 87
001886 445
000988 747
000327 1212
002960 160
001180 180
001708 1213
001555 213
002155 1214
000668 6
000874 1136
000057 1215
001054 630
001503 873
002858 1216
000017 492
001435 336
002254 1217
002124 1218
000135 184
000002 108
000438 1219
002827 800
002459 1220
002809 118
002687 1221
001346 633
000568 1222
001192 1223
002846 390
001087 576
000426 1224
001114 1225
002804 3
002745 1226
001181 1227
001466 390
001699 696
001536 213
001008 1228
002987 1229
001155 604
002978 160
002879 1230
002433 492
000871 84
001498 180
001138 1231
000866 445
000768 822
001954 856
001205 130
000180 816
002835 1232
001122 406
001779 835
001962 540
002770 1233
000864 697
002769 1234
001617 1235
000346 604
002368 847
001275 146
001320 29
000051 153
000969 169
000121 223
001317 1236
002914 406
001968 19
001393 49
001217 404
000844 1237
002284 806
001286 1238
001995 938
000479 1239
002658 669
001571 500
000075 1240
001211 537
000575 180
001457 1241
001804 150
001036 1242
001790 1243
001876 359
000964 8
000655 1244
001021 701
002293 1245
001234 32
001204 1246
000902 263
000441 311
000984 54
001881 1247
000206 1248
002105 882
001409 876
000501 701
002062 524
000532 497
000742 1171
002788 1249
002673 1250
001335 900
000590 249
002286 130
001905 1054
001451 1251
001174 1252
000606 49
002882 1253
000176 455
001214 1254
001784 336
001481 1255
002340 404
000413 112
001391 1256
001342 94
002078 567
002890 1027
002201 1257
002936 784
002446 540
002764 1258
000349 524
002514 720
002322 129
000884 1259
002843 6
002891 1015
000265 5
002786 1260
001624 1261
002587 1262
001179 1089
002098 1263
002071 658
001563 445
000882 455
001431 1264
001283 1265
002276 524
002034 1266
002934 616
002156 1267
001389 1268
001681 1269
002984 1177
001549 516
002079 1270
000011 1271
001629 1272
000439 1044
001367 1273
000972 1274
000711 419
001483 1275
002371 130
000670 1276
001193 1277
000126 1195
002306 612
002670 1278
001927 1279
001338 19
002012 4
001060 118
000199 493
000629 1280
000410 382
002741 1281
001741 1282
002443 1283
001199 1284
002761 516
001202 1285
001300 817
002765 493
000014 1286
002951 173
002620 853
000657 1287
000537 1288
000968 1289
002589 1171
001666 1290
001663 173
002402 1291
002212 1292
001136 747
001594 141
001459 162
000483 213
001245 859
002583 1098
002179 107
002780 656
000694 1293
002601 3
002074 964
002121 213
002547 1294
001540 133
001579 112
002061 1295
001472 1186
002724 13
002455 1296
002257 947
002352 1297
001601 856
001534 298
001907 1298
002389 404
000812 1299
001371 112
000154 608
001329 744
000043 1300
001241 1301
001419 656
000879 1302
001950 130
002559 7
001484 258
000360 1146
000056 1303
000880 227
001319 1082
000027 145
000681 22
001239 776
001514 524
000136 526
001535 851
002259 882
001378 747
002989 1304
002104 271
001001 775
001863 144
002265 8
001065 45
000397 5
002920 1009
000054 492
002294 65
000179 69
000508 1305
000301 1306
001553 1297
001664 1307
002634 1308
001002 765
000079 1186
000996 1309
000727 1050
000229 1310
000819 440
001398 1311
000989 540
000030 415
001658 1312
000562 1313
000226 1314
000006 1100
001228 724
000445 1315
000033 1316
000966 252
001682 494
000894 1317
000669 404
002211 1086
001359 1318
001407 1319
002554 1320
001397 1321
000152 876
002669 1322
000223 952
002490 1323
000703 1324
001667 1191
002666 1325
001445 1326
000855 176
001833 1191
001587 246
001526 1327
000114 1103
002097 130
002338 10
001101 529
000207 100
002534 1328
001148 1329
001822 547
001411 1330
000890 1331
002972 1332
000900 1333
000833 176
001246 455
002983 775
001242 3
001983 4
000870 1283
001660 1334
000674 1335
002457 1336
001375 537
001677 1010
002599 1337
000140 578
000490 300
000914 532
001616 608
001672 1267
002214 1029
001899 864
002562 1338
000813 1339
000215 262
001944 1340
002180 1341
000315 540
002187 1086
000417 213
001030 1342
002087 1343
002102 213
000137 775
000747 1344
001475 864
001123 1345
000794 1346
000036 1347
000026 223
000658 1348
001403 604
000450 71
001402 702
001259 1349
002351 1350
000752 1351
001271 1082
002958 1191
001450 1352
002422 1098
001053 1353
002438 146
000245 1354
002152 1355
000277 1356
002442 314
002159 87
000589 457
002208 1357
000971 1358
001948 108
002570 1359
002624 1360
002388 1361
002378 1362
001760 353
002182 1363
001324 1364
000168 628
002273 1365
000928 724
000025 1366
000807 529
000444 604
001780 1266
000151 1242
002791 528
002143 303
000755 1367
002266 800
002430 19
001048 1368
000781 316
000901 617
000865 445
001953 4
002341 1369
001198 1370
000101 1371
001050 1372
001628 1373
002444 1374
002538 1262
001272 1375
001759 1376
002684 4
001379 293
000767 1377
000751 82
000963 1378
002716 1379
002291 440
000169 1380
000074 1381
002973 1382
001884 567
002167 307
001139 1383
002569 141
000993 5
002054 108
001500 547
002303 1384
001906 1385
001094 1386
001385 994
002432 1387
001739 1388
002648 13
001504 227
002565 16
001632 473
002103 342
002516 1389
000267 390
001034 1103
001830 1390
002586 494
001845 1366
002108 1391
002641 1392
002215 1393
000145 1394
000332 280
001974 1395
000248 1396
000374 1397
000381 1398
002548 438
000321 1399
002240 883
000637 122
001588 226
001332 153
002842 314
002638 455
002615 262
002283 1400
001215 557
000431 1401
001011 1072
000192 1402
002655 1403
001176 443
000436 528
002735 129
001691 262
001943 359
001281 719
001900 1404
001187 1405
001017 307
002233 1406
000688 907
001566 127
000639 516
000570 29
000934 184
001408 1319
001170 1341
001361 923
000534 486
002996 932
001823 404
002715 314
000197 1186
002482 1407
001803 1408
000496 1409
002640 1410
000937 29
000980 891
002429 1411
002076 612
001302 1412
001814 1413
001656 173
000396 1414
002369 227
001706 258
000148 145
000798 5
001751 108
000624 656
002287 886
002029 747
001010 262
001519 1415
000911 1023
001623 470
000896 266
001474 52
002822 1416
001362 1417
000107 1418
000351 1332
001548 1419
000651 1420
000390 223
001473 216
001118 293
000555 494
000300 547
000171 784
001277 82
002355 155
000416 20
002966 630
000765 1421
000429 1422
000187 1423
001840 1424
001915 173
002318 1425
001890 216
000631 1426
000951 1427
000163 572
000414 911
001074 390
002144 551
002147 1428
002018 1429
001031 1430
000877 1431
000818 294
000823 1432
002256 1433
000873 494
000246 483
000230 19
000907 1434
002057 1161
000897 169
002236 80
002884 13
001754 1435
002925 765
002154 656
000792 1436
002238 975
001911 1054
001328 7
002309 248
002193 1437
001652 1112
000699 112
002491 1119
000891 1171
002643 54
001718 1438
002580 173
000895 512
001152 382
001447 1439
000058 656
001980 630
001923 307
001058 1101
002331 784
002411 438
002292 1440
000093 298
001235 881
002386 128
001014 43
001701 883
000948 289
001794 856
001110 1441
000191 1442
002088 1443
001532 227
001997 873
002683 1444
001955 1445
000724 227
002112 487
002282 1081
000677 1446
000106 1447
002948 169
001964 141
000903 843
002302 1448
001433 1449
002471 262
000775 1450
001233 19
000859 303
001429 314
002030 1132
002128 1451
000990 1385
000498 184
002942 1452
001608 1453
002136 1082
001990 1454
000065 1455
002654 1456
001815 80
000275 1427
000726 1457
001680 604
002597 1458
001150 1459
002202 1460
002662 16
001364 246
000411 532
000831 483
000913 145
002566 839
002093 1461
000391 298
002269 16
002189 4
001374 1462
002406 1136
000723 1463
000262 1464
000899 150
002244 984
002164 1465
000719 169
002441 593
002068 1466
002407 582
002876 1467
000936 526
002803 1029
000421 477
002198 529
000010 223
001938 1468
001120 1469
002928 336
000535 868
000549 16
001585 382
000299 1470
002171 1471
001386 213
002758 1139
002863 1472
002818 1058
001676 1473
001392 118
000089 52
001644 1474
000098 1475
002100 161
002397 150
000510 747
002260 440
000704 695
001970 153
002795 1476
001046 395
001507 415
000940 516
001430 777
001809 426
001912 1477
002940 984
000608 628
002886 1478
002527 623
002540 1335
001071 1479
002413 298
000297 777
000050 833
001512 49
000225 438
001775 1480
001244 289
001922 5
000851 1481
001786 725
002696 873
001226 942
000563 433
002671 337
002853 445
000605 497
000443 390
002473 857
001599 112
001025 1482
002588 1483
002816 524
002811 847
002738 223
000188 1484
000407 133
001173 1485
002800 1486
002961 1054
000462 784
000671 1487
002704 942
002834 1488
001958 555
000715 173
001351 1489
000425 1490
002092 1491
002710 1284
000636 1492
000529 258
002267 1082
001766 719
002869 777
002997 493
002952 1493
002904 177
001499 6
000610 314
000486 1494
001479 270
001086 526
002130 438
001705 1495
000325 394
000020 494
002503 1496
000839 438
002022 426
002807 1497
001674 1160
001341 29
002083 107
002857 239
001791 1498
001613 843
001523 1499
000801 49
001580 1500
000097 480
002495 500
000475 415
001789 1501
000367 1502
001898 1503
001722 1504
001910 487
002555 1505
000761 1506
000919 298
001426 1507
002808 260
000393 904
001770 1508
000507 1509
000435 226
002697 133
002048 1510
001832 1511
001586 1512
002986 1513
000133 547
001589 1186
002499 1514
000032 71
002170 1515
001376 1161
001327 1516
001113 480
001350 1517
000256 950
000893 1518
002408 1460
000052 432
000876 1519
000939 248
002821 524
001127 1520
001220 314
002728 1053
002854 1521
000125 1492
002453 1522
002779 1523
002880 979
001072 856
002774 1524
002636 271
002656 1061
000434 5
000675 1525
002409 900
001100 193
002515 10
002348 141
001609 856
002542 881
002576 1526
