0 1.2583606243133545
001284 1
000251 2
002154 3
002787 4
000633 5
000071 6
000022 7
000415 8
000587 5
000604 5
002172 9
002800 10
002664 11
001733 12
002050 13
001728 14
001637 15
002287 16
001493 17
002617 10
002702 18
002406 19
001229 20
001008 21
000165 22
002088 23
002930 24
000904 25
000655 26
002361 27
000203 28
002160 29
002398 18
002925 20
001918 10
000911 5
002231 30
000550 19
002370 16
000696 5
001042 31
002439 32
000895 25
001958 33
002506 34
002625 35
001983 6
000031 26
000881 36
000545 37
001327 38
001850 39
002319 16
001573 40
002431 41
000313 42
002699 43
001440 44
000446 29
000892 9
000923 5
000533 45
000088 16
002891 46
001923 47
000058 5
002612 48
002135 29
000896 49
001106 25
000764 25
001978 50
001375 1
002041 49
002219 43
001784 51
000155 47
002166 9
000806 52
002020 53
002392 54
002964 55
000247 56
000348 57
002754 58
001195 40
000530 59
002043 18
001112 60
002956 61
001686 41
002932 61
001777 62
001036 63
002193 64
000686 65
000803 25
000070 66
001254 17
002656 67
001734 68
002627 12
002606 25
002203 53
001702 41
001391 49
001507 63
000934 69
002942 70
001395 71
001037 72
002638 73
000267 16
001550 25
001623 74
001172 1
000372 16
002679 70
000440 75
000333 16
002031 14
002239 58
001219 1
001362 76
000378 77
002870 25
001418 14
000903 5
001722 78
002826 78
002586 25
002110 17
002107 79
000559 80
001076 81
000967 82
001869 83
001700 14
001043 15
001523 63
002234 43
002532 84
000825 5
002715 70
002127 64
000176 85
002615 86
000411 10
001071 87
000210 88
000399 89
000237 90
002500 51
000227 91
000618 5
001861 92
000004 93
002779 58
001731 3
001494 58
001631 94
002998 63
002731 95
001238 63
001587 96
001999 97
002823 16
001815 98
002993 70
000026 97
002653 99
002747 100
002015 5
001997 1
001288 93
000161 101
000838 5
000935 25
001056 63
002526 102
002313 43
001941 103
001401 63
001090 56
001893 5
000959 66
002705 104
000270 42
002673 25
001577 41
000023 105
001651 106
001837 97
002839 102
000211 101
001509 1
001142 17
002557 107
000473 108
001012 109
001274 97
000329 17
000323 79
002278 47
002764 3
001953 20
000073 58
001412 97
000470 110
002343 111
001293 63
001835 95
000839 112
001917 113
001854 39
000274 26
000007 114
002602 63
002039 115
002531 80
002858 93
001208 63
002033 116
000001 117
001033 5
000318 84
000829 25
002423 41
002282 118
002260 119
001264 25
001536 120
002805 121
002293 35
002655 122
001066 53
001342 25
001657 64
000444 123
002539 47
002126 97
002856 63
001931 55
001618 29
002692 25
002776 70
002851 9
002760 124
001701 15
000405 125
002817 78
001413 126
000564 93
001799 18
000752 106
001991 123
001723 123
001533 127
002959 61
001223 1
000121 28
001818 1
002984 61
000410 101
001424 97
001905 76
000209 84
002367 7
001895 84
000127 128
001171 1
002036 60
000472 66
001502 129
001755 123
001053 29
001218 1
002003 3
002311 130
001234 24
000786 16
000125 28
000217 84
002366 60
000167 113
000482 7
000229 84
002468 78
000347 131
000899 42
002595 5
000335 9
001598 76
001610 74
000661 132
000351 74
000319 1
001460 35
000627 5
001353 14
000087 29
001825 25
000390 74
000558 133
001495 43
000393 97
000460 75
002970 134
001323 67
002774 53
000731 135
000629 5
000500 97
002894 136
002196 137
002222 7
000124 138
001120 47
000824 5
001875 1
000389 16
002383 16
001870 93
002986 43
002910 63
001740 63
000900 139
000598 29
000631 132
002212 106
002918 20
002396 78
001350 63
002448 47
001476 138
001911 140
001912 141
001714 64
000563 44
000593 125
001860 14
000371 142
001612 29
002099 43
002660 66
001877 26
000066 23
002997 143
000637 144
001948 34
000912 68
002553 145
000006 52
000720 5
002859 14
000404 15
000112 47
001454 63
002144 60
001894 146
002597 25
001245 10
001168 25
000042 147
001797 18
002306 97
000302 148
001108 26
000423 149
002832 41
002820 97
001575 80
002163 81
001441 63
000212 150
002574 58
000158 44
000157 26
001990 44
000605 5
001123 43
002603 56
000933 84
000104 151
000871 25
001094 84
000455 152
000241 153
002599 70
001184 131
000891 4
000141 42
000653 16
000698 5
002480 29
001664 18
002021 97
002739 76
002257 154
000769 39
002326 155
001481 63
002834 16
000719 5
002441 53
000340 156
000878 5
002102 13
002117 60
000195 17
001553 97
001696 26
000809 157
001232 63
001751 154
001708 64
001836 25
001736 97
002388 7
002018 53
001041 13
000035 74
002735 70
001524 63
000271 41
002089 158
002195 76
001445 159
000193 84
001647 64
001265 26
001345 1
002534 58
000331 17
002513 160
001883 66
002862 154
001048 23
001434 14
002385 161
000326 15
002630 162
002065 18
002403 7
002713 163
000438 9
001282 164
000541 77
000132 5
001052 165
002804 47
001903 64
001211 17
001928 128
002341 36
000884 166
002730 167
000060 17
000363 44
002825 168
002605 25
002880 127
002681 167
002752 169
002434 43
001200 170
002585 43
000552 76
000980 49
000670 5
000978 25
000184 34
002704 47
000294 12
001962 7
000537 77
001661 74
002507 171
001361 3
002892 63
002476 70
002689 41
002662 4
001060 29
001417 58
000304 60
001169 1
002499 102
001833 172
001272 25
001562 25
002288 155
001126 63
000392 47
000842 173
002720 7
001157 63
000039 24
000943 73
000362 47
000357 147
000092 174
001110 97
002626 145
002286 175
000074 176
000230 84
001746 80
001512 89
000459 177
001496 53
001009 89
002355 178
000083 4
001280 24
001829 61
000273 179
002177 106
001089 140
000693 7
002651 70
000913 80
000447 47
002616 104
002238 167
001049 165
002489 70
001564 41
000603 4
002017 55
001463 180
000730 125
001491 16
001742 63
002247 43
002229 74
002967 61
002822 78
000853 73
000449 16
000213 17
000893 29
002280 58
001488 1
000585 5
001547 97
000725 51
001846 64
002726 58
000857 25
002957 181
002846 182
001545 154
001517 183
000441 15
002297 167
002636 102
001133 117
001839 3
002634 1
000408 167
002740 70
000889 84
001244 41
001383 14
002295 125
002245 184
000973 58
001753 14
002444 63
000286 53
001366 185
000662 47
001116 17
002931 61
001819 5
000750 186
002360 121
001204 1
002806 128
000350 86
002687 154
000915 160
001851 43
002194 3
001489 47
001289 63
001369 77
002818 78
001785 63
001886 24
002503 187
001866 14
002073 174
001304 1
001832 63
000320 47
000516 188
001786 147
000511 84
000801 101
001889 16
002429 41
002106 9
002113 47
001128 61
002038 189
001688 64
001765 15
000356 53
001083 190
000051 113
002052 74
002426 41
000063 60
001707 14
000939 191
001916 80
002318 63
002901 61
002915 20
001585 26
000616 145
002773 192
001156 97
000413 125
001359 1
001938 5
000962 145
002483 76
001845 28
000591 193
002729 194
001660 74
000084 74
000742 170
001798 18
001407 63
001635 74
002150 84
001580 97
000401 138
001205 101
002243 78
000614 5
002246 195
001235 196
001166 1
001201 1
001949 197
000246 17
000223 14
000612 5
002394 23
000375 26
002010 198
001137 1
001260 17
001315 25
001546 29
001261 63
001405 133
001387 47
002206 9
002830 78
001433 160
002941 63
001028 47
001404 158
000968 7
002946 58
001131 63
002365 78
000782 5
000823 25
000606 5
000491 199
000290 200
000465 123
001436 63
000567 23
002598 67
000694 177
001741 101
002837 126
002669 25
001329 201
002527 41
002963 61
001697 64
001670 202
002498 93
001676 67
002129 43
000909 127
000851 203
001946 86
001548 58
001027 28
001044 204
002165 9
002641 181
000555 173
001924 76
000638 84
001348 25
000815 10
002422 41
001062 102
002035 47
002719 10
000916 5
001121 97
001511 17
002440 205
002055 47
002076 64
002809 102
001853 74
000082 58
002104 206
001644 4
000650 26
001792 207
000494 47
001543 12
001943 97
000107 1
002835 58
002494 167
001456 58
002686 25
001560 95
001730 64
002517 208
002953 176
002122 76
001370 14
001015 209
002905 70
002216 84
000169 114
001602 63
000059 28
000464 210
000257 101
001687 64
000342 211
001070 1
001045 29
001653 9
002461 212
000291 213
001955 214
001098 41
001672 215
001010 25
000992 34
001093 158
000589 41
000029 74
002909 20
002333 155
000601 5
002074 13
001478 129
002095 47
001622 64
002501 52
000582 5
000394 167
000710 123
001114 25
000766 25
002582 70
000632 132
002386 98
000689 123
001001 34
002100 108
001100 41
000379 3
002690 40
000998 73
000113 52
001236 104
001158 93
002425 41
002022 5
000301 12
001504 12
002197 64
002181 14
001438 97
001749 66
002871 154
002763 108
000868 25
001032 3
002145 55
001421 47
001611 132
002470 216
000457 106
002124 43
001640 41
002814 78
002680 117
001029 25
000574 16
000877 5
000672 5
000216 84
000129 74
001867 64
000028 127
000529 181
000196 133
002668 125
000793 25
000981 7
002899 217
000974 106
001711 129
001516 218
002316 219
000569 145
001831 14
001505 16
001972 74
000109 167
001182 39
000738 5
002945 61
001183 176
002133 93
000222 56
001312 176
001399 220
000854 5
000205 26
000461 221
000821 5
000489 176
002469 70
000180 77
001993 222
002968 67
002515 70
002742 223
000483 224
000902 47
002633 53
000150 47
001178 1
001569 113
001501 25
000487 97
000641 5
000299 24
000751 108
001994 17
002202 132
000374 39
002000 55
002005 18
001666 111
000508 26
000765 51
000426 149
002694 70
002666 55
002570 7
001756 74
000687 5
002536 84
002572 41
002778 49
000886 26
000032 106
001228 1
001349 100
001393 43
002950 61
002518 104
001301 10
000265 49
000240 12
001403 28
001175 1
000185 47
001193 3
001744 53
002332 14
001544 1
002928 212
000578 158
002192 78
000425 40
000846 14
002544 25
001047 193
000288 90
001318 63
002312 43
000199 84
001278 207
001084 101
002590 25
002952 61
001103 128
000701 67
001684 41
000534 181
000479 4
002843 78
001202 196
000941 73
001758 97
002879 25
001170 42
001827 132
001704 145
001636 14
000917 225
002948 61
001605 226
001820 138
000592 132
002716 20
000098 17
000358 51
001992 1
001124 167
002768 84
002807 103
001748 25
002130 29
000062 74
002188 101
002136 63
001712 14
002325 167
001039 47
002377 140
002667 102
002594 132
001709 40
001757 14
001038 154
001490 51
002707 227
002419 167
002762 203
001338 25
002372 63
000233 228
000681 162
001213 229
002236 230
000312 9
001655 64
002492 63
002881 16
002794 108
002589 134
000512 193
002917 231
000518 190
002723 58
000647 132
000380 47
000690 84
000198 17
001021 108
002810 73
002404 193
000726 147
002545 25
000264 10
001600 147
000664 5
002861 154
002886 10
002368 232
002614 25
000950 3
001344 214
001189 40
000514 29
001500 25
001313 63
002577 39
000017 129
002211 12
001624 132
001913 18
000918 5
002845 78
001639 64
000714 26
002019 55
001822 101
001675 64
001782 207
002876 70
001406 44
001678 64
002187 18
002427 78
000908 61
000929 25
001073 192
000572 145
002002 3
000407 101
000171 95
002363 84
002537 233
002012 234
002639 70
002473 84
000442 221
000982 4
001599 74
001503 147
001781 15
002320 147
000282 47
001656 74
000101 80
002712 49
001973 9
002765 235
000409 149
002153 23
000403 93
000994 10
001880 63
000044 167
002954 61
000140 15
001649 64
000249 18
002604 73
002391 24
002371 176
002994 236
002240 237
001603 14
000771 5
000562 76
001410 25
001724 64
001876 14
000519 3
000012 28
002863 80
001058 3
001457 97
000041 238
000284 104
001188 25
000709 51
001371 44
001118 154
000760 5
001530 84
000206 207
002230 43
002263 78
002688 155
000027 47
001589 1
000816 25
000086 145
002463 167
001508 176
002299 132
001294 16
000080 7
000876 10
000148 167
002259 44
001929 47
001477 53
000528 167
002635 129
001458 174
001773 14
000566 14
001214 63
001088 63
000311 23
002227 18
000382 47
002961 70
002875 138
002405 41
001302 12
000597 5
001086 84
000493 177
000579 117
001162 23
001778 63
002495 73
002543 239
002183 64
002152 29
002558 25
002663 102
001607 64
002097 178
002471 125
002508 80
001425 240
001803 154
002191 133
001209 1
002848 102
002487 24
002186 167
000921 190
001298 63
001968 241
001532 153
001694 242
001207 138
000434 181
002446 56
002484 55
002291 35
001671 9
000983 167
002576 41
001061 176
001729 14
001904 47
001225 9
002645 5
000207 176
002262 9
001770 25
000749 5
002091 55
000949 243
000928 244
001568 47
001594 176
002618 17
001800 77
000021 129
000869 5
002714 180
000122 47
000635 5
000200 84
002643 179
000704 5
001681 64
001673 97
000745 5
001574 245
000037 179
000305 84
001050 246
000522 113
000019 181
000665 34
001380 25
001590 247
001332 1
000047 248
001164 15
001146 97
002013 80
002672 4
002642 55
000486 149
002342 167
002315 43
002900 61
002436 123
000523 47
002709 41
001095 249
002200 129
002923 70
002032 53
002897 61
001199 176
002132 1
002504 250
001198 97
001947 18
002782 43
002382 23
002784 108
001848 251
000505 193
002030 28
002237 167
001224 252
002644 102
000543 14
002732 78
002867 70
000538 58
002086 251
002579 12
001556 80
000753 252
000244 89
002250 176
002540 129
002161 58
002120 14
001960 63
002884 24
001669 64
000289 29
000894 67
002916 20
002045 53
000003 106
002083 20
000568 113
001068 28
000400 17
000181 43
000147 176
000630 5
000761 41
000402 56
000414 167
001105 4
000860 5
000607 47
000173 74
000668 5
002054 55
000228 28
002119 73
000476 149
001513 253
000488 28
002028 14
000643 5
000576 5
002793 176
001970 64
002940 61
001005 60
000204 117
000412 132
000259 254
002803 253
001626 74
000792 25
000531 4
002607 80
002514 25
002430 41
001801 63
002524 255
000966 58
002340 76
000834 39
002960 63
001586 132
000551 77
002279 84
001578 253
001337 12
002693 40
002460 117
000804 256
001727 235
001987 257
002115 55
000388 74
001932 77
001396 35
001390 39
002696 25
002827 47
002384 18
002140 34
002433 167
002677 258
002285 219
002408 58
001352 25
001368 63
000703 47
001297 63
000780 127
000676 162
000422 191
002255 34
002467 97
002632 253
002014 28
000611 5
000038 172
000475 193
002684 47
002151 84
001465 9
001921 9
001885 10
000634 158
000145 47
002718 25
002850 13
002401 41
001844 44
000383 203
001074 49
002989 117
002992 20
001140 4
001809 77
002414 16
002592 25
001151 17
000770 25
000298 26
002588 80
001259 259
001442 86
001134 180
000005 127
002972 61
001840 260
001180 1
001143 1
000102 261
002047 262
001092 125
000610 5
001461 84
001310 25
001155 47
000732 263
001374 192
000735 10
002011 9
000468 15
001381 25
001016 4
001628 129
001080 16
001735 9
001111 47
002077 43
002199 53
002802 253
000671 5
002511 26
001222 17
001606 101
001959 12
001780 14
000757 97
000702 264
000285 147
000116 176
002549 9
002796 128
002700 47
002380 18
001497 253
000266 253
001910 123
000194 84
002317 125
002442 70
000783 145
001127 63
002300 129
000734 5
002977 53
000712 5
000947 12
002044 18
000812 25
000628 265
002828 78
002379 84
000123 147
002458 167
002252 78
002218 167
002628 70
001411 182
001645 64
001621 77
001957 86
000106 167
000182 84
002009 14
000875 266
001256 173
002738 108
001283 1
001378 14
000867 158
001549 24
002849 58
002336 267
000907 268
001415 25
000680 5
002491 70
001154 269
000960 167
002710 180
002745 108
002609 58
002182 51
002852 63
000964 268
002265 170
000272 203
000100 125
000170 14
001692 53
002331 190
001054 7
001328 80
000669 5
000510 84
002349 55
000248 270
000746 16
000700 5
000428 26
001814 160
000154 17
002114 128
002004 55
000011 147
002991 16
000826 14
001364 25
000808 25
000977 63
001775 25
000341 84
002920 78
000830 51
002142 97
002094 101
002411 4
000963 60
001258 12
000844 128
002424 41
000421 84
000499 56
000417 3
000621 53
002174 167
001808 42
000361 271
001014 176
002008 66
001522 218
002410 167
002345 63
000469 145
001539 132
000138 47
002551 70
001466 9
002271 58
000841 5
001699 64
001075 176
001541 245
000692 158
002346 179
001291 203
001492 58
000225 168
002659 80
002376 132
002975 61
001459 58
000996 25
002759 70
001891 64
001658 64
002053 43
000081 272
001176 14
000034 160
001356 140
001064 47
001241 26
002264 23
001616 17
001000 179
001864 78
001971 18
000805 273
000135 274
000325 270
002621 275
000880 5
000914 40
001113 133
002583 25
001408 3
002792 17
001453 108
002847 9
002190 276
001648 26
002416 41
001346 213
000864 5
000024 277
000149 34
001646 64
001892 61
002969 16
001416 149
002170 9
000931 53
002146 278
000280 41
002833 78
000077 28
001358 18
002646 180
002555 25
002640 41
002108 128
002103 279
001732 108
002321 55
000547 280
002063 240
000501 145
002587 70
002096 281
000506 97
002750 41
002281 35
002270 167
002435 218
001737 9
000958 282
002400 9
000166 145
001450 97
000202 283
001796 284
000239 47
001051 193
000986 167
000553 34
002217 97
002454 24
002159 245
001979 47
000990 129
002907 285
001196 1
001281 17
001400 214
000624 34
000049 28
001788 9
002464 15
002983 3
002829 123
002703 53
002573 25
000115 286
001768 74
001379 25
000791 158
002874 287
001935 39
000897 7
001097 41
002328 49
001194 17
000221 138
000515 288
000151 289
001432 181
000716 26
001484 53
002815 78
001129 25
001967 290
001779 218
001096 41
000954 95
000863 5
001747 14
002860 78
002387 67
001898 42
000189 47
001738 218
000924 63
001776 64
002903 117
002213 9
002727 106
001055 3
002701 207
002831 78
001956 10
000269 26
000309 101
002164 29
001942 18
002751 78
001243 252
001925 10
002116 277
001091 40
000822 25
002913 20
000108 28
002350 58
002955 10
001414 25
001257 17
002292 35
001365 63
002761 129
000458 29
001276 1
000759 158
000707 125
002743 291
001295 15
000093 292
000817 233
002872 84
000856 158
000870 5
001026 58
000143 74
002066 12
001483 1
001474 14
000163 28
002344 84
000862 179
002407 41
000617 158
001674 138
001428 293
002134 63
001451 294
001945 25
001810 29
000571 76
000711 41
002248 129
000932 145
000328 55
002926 14
000580 16
001402 26
001579 12
000858 274
001534 295
000926 176
002728 34
001002 145
000952 95
002554 25
000245 17
000322 42
000788 129
000855 25
001807 132
002824 70
001132 84
001452 3
002081 176
002415 41
002842 78
001125 16
000882 5
002882 296
001212 1
001632 296
001817 158
001031 147
002472 49
000885 245
001319 25
002873 9
000520 7
000057 147
001152 297
000845 158
002505 298
001914 55
000772 25
000256 28
001354 17
000236 17
002571 70
001841 25
002665 129
000344 108
000339 53
000697 60
000991 63
001429 193
002329 58
002148 84
000316 273
001976 20
001145 154
001326 1
000208 123
001443 132
002902 70
001067 158
000594 66
001652 3
000657 132
001382 63
001035 3
001554 299
002973 61
002373 84
002001 39
002118 58
000906 5
000797 25
001944 18
000179 84
001007 3
000536 9
001444 207
000609 300
001791 9
000002 5
000336 145
002352 10
002046 53
001641 14
001772 86
001423 58
001197 15
000649 89
000560 133
002497 15
001003 13
001920 55
000188 296
002836 78
000232 133
001311 193
002438 154
001613 129
000775 25
001273 84
000800 5
002215 214
002337 93
001625 14
000756 5
001717 301
002176 5
001250 41
000615 5
002189 167
002671 25
002251 4
001902 10
000387 302
000187 10
001834 84
002854 47
001339 14
001514 129
002877 20
000262 39
001680 64
000905 47
002254 78
000253 95
002253 76
001659 74
000679 16
000075 213
000599 303
001726 28
000317 29
000938 128
001469 270
001455 180
001148 1
001980 63
001307 304
002048 84
002080 305
002037 306
002978 78
002173 129
000636 158
001117 52
001268 63
001286 40
001473 3
002658 58
002034 128
001210 1
002528 84
000744 127
002623 25
000287 17
000956 127
000153 176
002995 4
002168 40
000762 5
000478 176
000985 25
002056 74
001812 63
000263 167
001082 29
000430 84
000250 145
002958 70
002801 303
000020 253
002510 102
002786 203
000659 101
002965 16
002040 16
000807 49
001510 307
002301 308
000922 25
000819 5
002652 73
000343 149
000354 108
000521 26
002866 70
000016 77
003000 61
000843 25
000565 29
002175 167
002982 61
000052 58
002381 55
002068 58
002819 78
002697 102
001595 63
001906 133
000395 277
002087 76
000832 5
000448 78
001324 63
000972 25
002201 78
002521 89
001856 84
000043 5
002777 25
001388 15
002736 108
001384 309
001377 25
002520 287
000431 12
000076 28
001252 1
000639 5
002420 41
001922 61
000156 26
001873 132
001177 17
000353 310
002581 43
002698 47
001372 14
001868 64
002542 123
000695 193
002981 70
000814 53
001498 132
002277 167
001794 64
000120 147
002650 10
001939 55
000159 311
000747 190
000190 312
002339 155
002298 9
000957 97
000852 23
002338 1
002734 16
002565 25
002121 29
001226 313
002314 43
002566 102
001843 53
002158 84
001915 64
000065 314
000850 25
002180 106
002893 78
001802 66
002207 315
000741 5
002753 47
000524 106
000955 93
002675 43
002224 78
001617 64
001215 113
002450 125
002139 93
001419 253
001385 102
002242 78
000887 7
001331 58
000840 5
001239 127
001821 145
002885 70
000588 207
000064 253
000297 190
002235 58
002939 20
001099 41
002721 16
001122 63
001308 25
000678 5
001022 307
001321 316
002798 52
002691 41
000451 56
000811 155
002268 167
002156 129
000443 317
001555 47
000164 318
001563 285
002308 287
001771 1
002591 203
001422 25
002208 23
001761 319
002412 43
001220 149
002409 16
001072 149
002445 18
000133 176
001572 1
002799 77
001609 287
001355 47
000144 28
001163 17
002223 64
002840 78
000303 149
002601 102
002812 320
000381 295
002481 129
000802 125
000315 74
002811 78
000360 3
001537 145
000255 95
002079 55
000847 5
000721 10
001279 63
000920 5
002564 25
000613 14
001018 20
002209 113
001638 64
001691 64
001754 25
000688 5
000008 77
000584 67
001878 64
000117 321
002304 58
001334 20
002795 78
000979 25
001571 132
000961 167
001263 1
000872 322
000079 51
001764 29
002575 132
001389 207
001141 40
000324 102
001683 14
001464 12
000549 14
000925 5
000174 154
000548 29
000736 60
001583 218
002951 43
000437 40
002767 3
002541 43
001690 76
002138 56
002889 323
001248 43
000238 5
002756 324
000748 16
000096 193
002522 102
000046 325
000728 127
002725 326
002007 108
002919 70
000898 138
000953 25
000818 51
000191 327
001752 63
001019 160
001705 328
001940 18
002273 78
001437 329
000763 5
000503 97
002455 149
000586 5
002757 13
002682 41
000424 5
002058 26
002934 25
002171 84
002649 70
002353 181
001267 330
002908 63
002006 272
002769 9
001475 273
001871 14
000540 4
001285 1
000946 25
000575 147
000119 106
000787 25
001227 1
002789 108
000110 17
002477 295
000784 25
001952 4
002578 13
002717 43
001119 181
002258 78
000215 181
000779 25
001551 55
000310 74
001161 17
002533 102
000219 7
000429 331
002622 10
000713 123
002141 154
002284 167
000009 10
002906 7
001662 64
001221 332
002179 333
000596 5
002857 80
001472 1
002296 58
002226 78
000517 18
001588 149
002016 180
002449 41
001663 60
001874 10
001217 334
001806 74
001333 63
000675 5
000820 25
000432 149
002746 108
001069 25
001774 77
000314 335
002303 167
002737 113
000061 133
001963 1
000683 125
001908 253
002766 331
001153 17
000890 24
000945 43
002057 20
001336 25
001862 18
000645 5
001887 132
000527 181
000507 29
001231 1
002927 63
000717 41
002024 97
001842 176
001017 193
001969 149
000055 53
000050 84
000767 138
002475 160
002157 287
000810 49
002071 58
000377 101
000737 5
002580 176
000595 5
000349 86
000094 104
001249 1
002788 78
002883 181
002567 102
002375 16
002509 104
001682 47
002962 4
000136 29
002465 12
000936 63
001715 127
002988 25
000778 5
001135 28
001679 336
001665 12
000708 9
000561 97
000654 287
001271 84
002808 181
000418 97
001879 123
000987 23
002538 181
000131 287
000848 25
001150 60
000025 26
001805 74
001890 5
001528 40
002204 47
002276 181
001023 60
000873 127
001567 337
000226 104
002023 133
001470 9
001462 338
001057 63
002432 16
002670 155
002228 324
000948 58
001909 18
002059 190
000355 23
000068 145
001698 64
000722 5
000146 76
000416 149
001531 20
002949 61
000172 95
000727 158
001896 84
000056 129
000139 28
002244 78
000450 149
001998 13
000989 339
000970 47
000137 108
001897 9
000175 74
001966 327
000386 340
001725 25
002741 167
000445 47
001102 41
002781 181
001828 341
002922 181
001884 74
001290 97
001582 18
000090 321
002451 41
001306 17
002101 58
002049 25
002178 47
001030 12
001330 1
000040 167
001013 47
000944 127
000666 14
002327 155
000453 74
000781 25
002987 342
001149 63
000178 14
002185 203
000337 51
001919 86
002167 9
002979 63
001557 138
002890 181
001601 40
001642 64
000352 17
000625 158
002241 43
002519 102
002478 34
001552 154
002184 167
002561 70
002090 56
000724 43
000699 158
000359 218
002868 77
001322 63
001614 64
002980 47
002563 25
001526 80
000619 5
000466 343
001435 41
002733 181
001420 63
002496 125
001703 3
002128 58
001988 257
000492 344
002869 25
001766 63
002474 93
002459 24
001789 74
002938 25
001482 345
002657 102
001136 40
001936 14
002378 41
001581 12
000480 346
002266 16
000103 29
001479 296
000743 5
002775 9
000054 78
000988 300
002619 102
000069 47
000718 93
001101 41
000334 149
002417 295
001392 25
001240 63
000785 26
001174 1
001159 17
001316 158
001138 1
000128 28
001584 313
001975 176
001262 321
002695 20
001107 20
000951 259
002123 10
001130 4
002898 70
001559 180
000462 47
000640 158
000758 5
002637 25
000930 128
000231 190
001320 25
000556 5
000544 29
002547 25
002488 18
002399 155
002486 207
000099 3
001431 1
001251 125
001888 132
001900 64
001006 128
001471 347
002061 18
002310 3
000295 24
002402 125
002674 125
002790 181
002354 218
000160 89
001237 348
000651 158
000910 15
002816 78
002620 64
001558 265
000321 149
000015 193
000976 125
002456 41
001447 47
000463 12
002944 61
001693 64
001720 78
000644 97
000620 5
000652 158
000254 147
001882 64
000874 18
000467 47
000754 58
002611 97
000942 97
000883 25
000292 158
000234 60
002943 104
001305 25
001767 49
001519 53
002272 56
002841 132
002098 58
002418 63
002026 108
001486 95
001242 63
000535 315
000526 349
001426 63
001081 350
002685 149
000590 74
000674 158
002678 102
002155 58
001347 158
001376 89
000836 104
000252 52
000667 13
002210 47
001872 259
000391 149
001468 1
002548 70
001363 63
000795 16
001985 149
001934 84
002105 41
000682 5
001206 1
001078 53
002895 149
002395 154
000152 181
001525 337
002771 108
000828 5
001255 25
000525 34
001266 25
002070 337
000406 16
000258 47
002838 324
002437 129
000186 44
002092 39
000474 351
000813 25
002389 84
001167 147
000365 53
002936 61
001859 14
001351 149
002364 55
000330 352
000513 77
000663 158
000346 26
001604 64
000833 5
000684 5
002629 97
001677 64
002947 63
000773 25
000067 3
001951 55
002706 12
001716 84
002421 9
000235 102
000646 42
002466 132
002348 93
001667 1
001823 77
002078 353
001139 1
000542 47
001314 25
002896 16
000201 34
001964 64
001296 1
002362 133
000307 113
001309 76
000130 42
000396 147
002864 106
001930 66
000327 1
000192 17
000723 5
001855 17
000308 203
001065 354
001398 25
000496 355
000385 89
000583 158
000398 106
002933 14
001630 56
000162 17
001335 7
002724 181
001104 104
000937 138
001040 176
001367 181
001275 17
002749 345
001927 95
001950 76
002069 132
000570 145
001160 63
001561 40
001592 1
001881 356
002530 35
002082 43
000048 253
000030 253
001596 60
001926 25
000502 3
001847 18
002502 357
002755 181
001186 1
001269 193
002559 125
001857 125
001863 64
001795 358
002648 16
002550 70
000433 51
002302 155
000997 7
002855 76
002791 25
000367 95
001077 193
001079 9
000261 149
002347 47
000557 253
002067 155
000573 15
002912 20
002274 12
000600 5
002661 12
002042 56
000420 287
002137 9
001303 26
001247 43
001233 1
001449 1
002267 49
002356 129
002205 138
001813 74
002220 133
001467 34
000276 147
000706 5
002335 84
000454 29
000114 17
000072 218
002029 20
002131 29
002935 63
002064 324
001826 64
002584 25
002290 207
000919 43
000452 181
002624 52
002453 9
001515 129
002393 18
001566 129
000740 127
002413 125
001654 1
000105 49
001858 359
002821 181
002887 287
002722 34
000242 360
002479 181
001989 193
001570 1
001620 361
000097 101
002516 362
001191 17
000085 16
001719 41
000010 363
000879 158
001340 63
000774 25
001386 138
000277 49
001409 218
001593 63
001373 25
000089 29
000091 101
000281 74
001907 307
001485 1
001824 55
001325 176
001427 1
000993 147
000366 29
002072 58
000677 5
002027 364
000999 1
001190 1
002359 78
001760 74
002289 129
001343 25
000095 1
001287 365
002147 203
000168 28
000497 253
001750 60
002324 181
000715 123
001540 127
000332 29
000220 366
002482 132
002937 61
002772 29
002535 176
001538 367
000532 76
001865 64
002797 155
002309 3
001981 74
000306 10
001650 18
000197 154
001165 1
001619 3
001147 1
000495 368
000111 56
001109 41
001270 17
002562 53
000370 149
000794 25
000927 339
002322 43
001816 190
000397 1
001179 1
001216 4
000798 25
001299 1
001063 97
000419 287
000376 49
002512 369
000471 370
001542 29
002608 176
002351 9
002631 44
002990 47
001762 133
000799 56
002060 371
001487 25
000539 203
002676 160
002330 15
000984 372
000481 373
001480 53
000224 160
000673 5
001394 40
002985 61
000995 253
000581 5
001046 56
000078 58
002596 70
002996 77
001759 74
000827 28
000126 28
001253 1
001961 132
002770 47
001597 56
000577 147
001576 60
000622 5
000768 25
001230 17
001341 25
000660 147
002853 155
002888 207
001518 7
002758 102
002974 63
002785 9
000260 26
000283 149
002683 106
001615 23
001185 1
001974 64
002523 128
000456 26
002369 64
000435 73
000300 253
001763 102
002485 49
002865 70
001933 53
000439 138
002374 155
002025 106
002452 180
002613 70
001627 18
000293 149
001838 20
000279 74
000656 374
001059 313
000733 5
000554 375
002143 129
002914 20
001901 20
002294 129
001192 132
001527 132
001996 95
001357 376
001695 64
000776 25
000427 77
001787 53
001187 58
002198 324
002275 78
000866 5
001710 154
001793 5
001246 1
000901 193
002748 101
001529 145
000602 5
001292 63
000218 66
002269 180
000214 97
000036 74
002443 4
000368 167
000013 12
000477 93
001721 321
002283 35
002744 78
001085 47
002904 80
001633 160
000014 138
002112 52
002783 70
001024 47
000965 17
000608 5
002062 64
000436 56
000018 181
002813 324
001783 128
001804 160
002397 58
002256 78
001115 10
002390 155
001954 47
000345 12
002844 12
002600 51
002647 18
001718 64
000033 176
000373 53
000658 132
002221 78
001087 97
002457 63
002929 313
002249 377
001317 3
000861 25
001608 145
000045 53
001535 203
002878 16
002971 324
000490 190
000504 47
002261 84
000134 167
002109 378
000691 158
002075 51
002149 29
000975 101
002999 61
000777 76
000789 190
002569 25
000364 176
002358 346
000796 102
001937 63
001629 64
001277 25
002593 41
000940 193
001506 127
002490 158
000648 158
001004 24
002525 93
002111 34
001173 1
000484 108
001811 44
000053 80
000243 145
002084 52
001986 149
001203 41
000739 218
002169 129
001300 147
001020 47
002093 29
000837 34
002125 58
001745 35
000369 42
000268 101
000729 5
002493 160
002552 53
001520 73
001034 34
001713 64
002334 43
000296 12
001849 158
000626 147
000278 5
000498 125
000485 26
001521 41
000183 207
000971 108
001852 47
002225 78
000685 52
001769 64
002976 360
002085 56
001181 60
002051 16
000755 25
000509 193
002546 379
002357 78
001982 63
001439 23
001446 41
000142 47
000865 5
002232 18
002323 113
001011 125
000849 149
002560 70
002780 28
001995 55
000888 29
000118 380
002162 29
000546 47
001790 18
002214 9
001977 381
002233 78
001984 63
001397 359
000275 84
000705 125
001025 67
001591 29
001565 337
001743 129
000384 339
001430 25
002610 25
002911 16
001830 132
000177 77
001360 25
002428 86
002568 60
000831 25
002556 70
001643 64
002462 41
001634 14
000623 132
002921 9
000859 147
000642 132
002307 58
000835 311
002711 102
001499 53
000338 28
002447 203
001448 42
002654 155
001965 39
001685 74
002529 93
001144 17
002966 61
001706 382
002924 61
001739 64
002708 160
000790 25
002305 383
000969 47
001668 327
001689 17
001899 55
