0 1.3849685192108154
001292 1
000596 2
000237 3
002825 4
001291 5
001400 6
002517 7
000672 2
000333 8
002888 9
001436 1
002500 10
001396 11
001029 12
002146 13
000231 14
001802 15
002711 16
000143 14
002040 8
002945 17
002403 18
002492 1
001764 19
000982 20
001012 21
002698 22
001081 23
000172 24
000558 25
001227 26
002592 12
000339 27
002855 5
002320 28
001158 29
000650 10
000314 30
002732 31
002383 32
000550 33
001191 34
000632 35
000153 36
002129 37
000111 38
002938 39
002894 40
000730 41
001597 38
001872 42
002399 43
001103 38
001468 26
001410 12
002460 44
000108 45
000481 46
002902 47
001078 27
001564 48
001480 27
002019 49
002043 50
002672 20
001216 20
001369 51
001406 52
002617 53
001140 20
000528 32
002033 54
000266 55
002131 19
002300 56
002431 48
002695 57
002992 58
001853 59
000348 60
001487 12
000832 61
000241 62
002692 12
000356 27
000905 63
000521 33
001137 26
001734 64
001573 65
002110 66
002235 67
001738 68
001620 69
002703 62
002706 70
001051 71
000064 72
002954 17
000737 2
000867 2
002633 62
000577 35
002665 35
001849 73
001177 66
001314 12
000994 74
002137 17
000271 48
000369 75
000099 15
000597 2
002537 76
000016 51
001115 53
001882 15
002122 55
001333 1
000291 77
000789 78
002873 43
001888 35
001212 26
002002 15
001569 27
002115 49
000957 79
001108 10
000557 72
001753 43
002511 71
002494 32
000489 18
001326 26
001615 80
001428 81
001448 82
002531 68
000144 45
000524 75
001026 83
000530 51
001112 84
002737 27
000219 85
000612 2
002823 86
000740 12
000858 87
002374 88
001129 12
000123 89
001807 35
002375 8
001515 35
001203 48
002417 90
000281 59
001294 8
002748 38
002754 91
001873 35
002483 5
000600 2
000817 76
001557 92
002310 15
000782 2
002813 31
000717 93
001798 50
002578 94
001679 95
002486 96
002485 97
000113 98
000158 99
000495 100
002865 47
000682 2
000260 101
001249 26
002871 1
001805 59
001720 31
001988 102
002117 103
002401 48
002866 47
001090 84
002675 58
001355 22
000929 12
001195 65
002387 104
000028 12
002629 105
002721 8
001463 1
002133 29
000825 2
001276 26
000628 106
000069 63
001993 107
001013 63
002606 12
000516 108
001981 14
002204 63
001486 24
000102 109
001390 110
001495 37
002183 15
002101 83
001306 66
000500 105
000080 18
001736 74
000766 12
001654 26
002526 16
002333 88
002324 2
002767 15
002513 72
001509 26
002539 22
000342 111
001443 53
001577 48
002747 18
002845 31
001073 65
001688 15
002830 31
001847 20
000159 112
000055 27
002831 31
000063 113
000313 82
000959 84
000205 10
000132 114
002536 115
001984 1
002326 88
000337 10
000085 32
002465 70
000242 116
000791 2
001394 66
002026 117
001425 118
001467 119
001497 55
000077 45
002851 17
000094 120
001709 65
002708 5
000138 22
000843 12
002872 121
002412 58
002789 117
001821 122
001490 123
001345 26
002739 82
001062 16
001488 26
001860 43
001891 15
002013 35
000759 2
001149 1
001578 5
002712 97
000073 83
000228 124
002440 125
001493 66
002488 50
001007 15
000809 116
002506 119
001940 50
000130 82
000983 32
001102 48
000664 2
002505 126
001057 1
002305 127
001354 66
000222 84
002149 19
000693 37
002162 19
001461 128
000586 2
002937 17
000956 12
002838 31
000745 2
000733 2
000476 129
002870 12
000735 53
000005 12
000962 122
000660 35
002138 130
000070 129
001836 12
000921 14
002145 49
002859 43
001933 27
002094 131
002005 50
002263 31
000049 45
000254 35
000503 79
002849 83
000083 50
000734 2
002595 132
000061 25
000024 133
001634 43
000506 79
000522 134
000827 45
000970 63
002329 91
000924 1
001269 71
002781 135
002875 92
001600 48
001464 70
002551 47
002192 31
002489 47
001731 15
000585 2
001248 37
002166 17
002372 1
000477 29
002274 70
000799 113
000318 121
000469 122
000402 113
002946 83
001175 26
000104 136
000512 10
002575 35
001687 15
000997 5
001774 137
001482 138
001347 73
001592 26
001689 66
000620 2
002393 50
000185 63
000457 139
001831 43
002613 47
002582 47
001160 1
002051 8
000945 58
002939 140
001266 12
000103 117
000468 141
002278 22
001607 15
001322 1
001781 141
000131 142
002063 118
000828 2
001496 62
000587 2
001806 59
001627 50
002784 117
001692 143
000531 20
000264 53
002456 48
000777 55
001867 15
000141 82
000552 55
001730 15
001717 144
002191 25
001746 145
000787 12
002993 47
000763 2
000473 117
001920 49
001284 26
002410 32
001662 15
001004 42
002262 17
001209 26
000653 8
001614 15
001710 146
000785 33
002929 147
002815 31
000995 55
002025 139
000898 55
001647 15
000581 2
001551 148
002281 62
001819 149
002344 115
002953 82
001349 18
001776 15
002630 150
001941 72
000538 5
002436 26
000096 10
002959 17
000464 151
002014 45
001382 1
001156 83
000220 152
001747 43
002585 58
002546 153
000770 12
002907 154
001828 155
001727 43
002168 65
000329 26
002366 84
002037 156
000112 63
002529 157
000967 85
000432 129
002288 88
000149 119
000908 17
000261 129
000376 33
002520 142
000019 51
002969 86
002988 39
002663 16
001998 158
000274 10
002626 122
001128 35
001642 15
002139 29
001432 51
001237 159
002066 160
002125 83
001883 129
000269 10
001939 49
001650 50
001611 35
002962 149
001117 98
002000 49
001079 18
000364 18
002064 90
001711 35
000034 5
001726 124
002173 35
001537 122
001659 14
001305 12
001698 15
001735 17
001417 161
000279 59
001795 162
000935 12
001572 26
000363 59
001961 35
002568 163
001440 99
001424 164
002847 18
002395 165
002099 37
001565 35
000708 18
000386 166
002229 59
002024 35
002175 167
002400 168
002328 97
002075 123
000987 169
001678 15
000659 128
001568 22
000856 2
002118 83
001991 55
002213 17
002893 31
000527 51
001956 74
002077 37
001750 103
001596 103
002837 43
001904 63
000287 26
001835 24
000268 170
001874 53
002793 5
002425 48
001506 12
001788 32
000644 79
000647 35
002319 32
002342 32
002577 110
002165 88
002614 12
002768 121
001996 111
001919 82
000210 171
001264 12
002930 63
001331 83
000622 2
001265 71
002086 84
002116 133
000564 29
001966 154
000200 115
001437 172
000015 10
000209 115
002726 83
000834 110
001098 48
002337 48
000692 2
000684 2
002477 173
001119 51
000582 2
001721 43
002525 29
000120 89
002176 15
002227 50
001606 103
000295 62
002258 31
002985 17
002237 167
001449 26
001190 26
000009 53
000311 169
002370 8
001165 26
000478 174
001729 43
001066 27
002382 169
000505 10
002141 146
000355 169
001256 175
000038 176
001704 122
002790 135
002593 48
001748 12
001749 129
001258 70
002574 91
001146 164
002819 31
000941 27
002915 140
000640 2
001093 73
001070 26
001126 1
000656 177
002690 65
002354 68
000419 19
001231 26
001143 26
001172 26
002474 178
002224 31
002664 179
002089 73
002228 90
002661 70
002481 35
001719 48
000203 180
002679 47
000811 88
002981 47
002480 19
002631 5
000370 181
000195 26
002610 12
000502 15
001584 176
002484 49
000887 18
001768 14
002688 88
002702 149
000298 71
002058 71
002246 182
001107 140
002919 47
002041 183
002874 142
002475 5
000233 184
000930 103
002918 140
001147 26
002275 31
002567 16
002913 140
002579 70
001167 62
001978 185
002047 186
000643 2
002038 5
002911 8
002885 47
000736 146
000685 175
001591 42
001295 141
001715 119
001670 187
002004 118
002955 53
000808 12
001626 59
000991 1
000985 12
002668 2
000361 188
000330 189
001778 1
001476 92
000598 19
001700 43
002608 5
002496 2
001635 14
002549 17
002603 113
001042 190
002968 20
000109 167
002010 191
001544 26
001416 129
001232 1
000128 45
002434 58
002186 32
001552 146
001395 192
000616 122
002418 1
000661 35
000365 27
000965 26
000701 20
002416 48
002509 120
001368 1
000591 71
000504 63
000623 35
001325 18
002844 70
000157 164
002773 65
002749 138
002979 1
001005 84
000840 2
001399 193
001527 35
001420 1
002612 15
002912 140
000007 194
000869 2
002119 195
002109 196
000602 2
001289 1
002042 130
000595 2
001323 17
002571 47
002398 50
000892 18
000835 112
002364 118
000837 90
000739 197
001562 12
002462 48
002082 37
002081 18
001862 50
000774 12
002744 31
001096 48
000630 2
001559 1
001315 12
000216 121
001856 115
001556 68
002053 37
000292 73
002001 110
001530 115
002681 32
001902 53
000227 198
000542 22
000857 12
002090 113
001633 82
002522 16
000217 121
000720 2
000830 10
001977 199
001638 15
002242 31
000174 200
002927 1
001257 66
002135 19
002507 201
001293 1
002933 202
000322 82
000324 16
000270 75
001206 26
002285 2
000754 83
001159 66
000427 135
000004 29
002642 203
002006 38
002501 154
001471 204
000565 117
001517 122
000357 89
001999 35
000955 29
002381 49
001316 73
002421 88
002563 12
001925 53
002350 161
001197 141
000474 205
000247 113
000201 119
002883 135
002752 206
002203 27
000181 117
001668 104
000350 123
000875 207
001273 115
001618 19
000847 2
002007 117
001864 31
002479 135
001742 1
001358 208
002069 35
001757 43
000345 70
001383 43
001740 209
000731 210
002924 17
001763 16
000588 211
001380 12
000862 157
000177 51
000455 16
000373 27
002564 12
001105 20
002598 20
002148 115
002541 37
000961 167
001811 14
002775 17
000601 2
000317 19
002699 58
000783 122
001869 212
001843 27
001268 1
001348 12
000593 2
001262 43
002349 118
001344 1
002956 17
002922 135
002039 213
002743 214
000915 75
000283 181
000186 99
000453 14
001037 215
002622 53
001501 12
002307 83
001745 70
001477 27
002359 31
002504 216
000696 2
001168 83
002766 217
002365 31
000849 181
002323 27
001765 141
001936 43
001771 26
000548 19
001188 12
002114 96
001817 73
000607 22
000973 83
002674 2
001820 92
000814 27
001733 70
001303 71
000796 16
002487 218
001088 1
002247 58
002778 183
000511 115
002367 55
002982 17
001640 48
000288 167
000076 45
001023 84
001661 14
000100 2
000750 219
002396 31
001353 43
000306 53
000316 116
001793 149
000072 68
000309 170
002926 43
002560 47
001032 15
002296 83
001401 1
001313 1
001405 25
002899 192
000678 2
000826 43
000666 43
000335 203
000124 92
002449 48
001240 1
001267 220
001985 129
000366 19
000285 89
001381 12
000488 45
002787 20
001582 50
001871 43
000134 32
002756 90
001460 70
000958 221
002197 15
002841 35
002596 47
001967 222
001684 48
001895 115
002742 223
002550 47
002852 1
000037 47
000954 24
000118 224
002452 167
000392 63
001301 53
001135 45
002277 32
001124 12
000599 225
000492 226
000615 2
002801 225
000918 2
001478 181
000788 99
001716 115
001896 115
002439 76
001545 146
001224 227
001913 50
001854 110
000756 2
000841 2
000273 157
000572 122
002682 48
001230 26
001357 228
002251 149
000167 134
001909 50
001278 170
002691 48
001491 8
002272 113
002111 119
000540 20
001824 192
001162 229
001438 83
002084 113
001816 14
001064 63
001550 12
001690 72
001865 15
000910 141
001714 15
000062 14
000800 2
000780 12
001414 12
000689 185
002314 58
002463 88
002895 181
002521 230
001236 231
002380 50
002905 47
001707 43
001812 1
000579 97
000778 2
000293 129
000460 232
000035 59
002573 12
000543 202
001901 48
000998 195
000257 170
000371 122
000081 38
002420 48
000497 72
000729 2
001022 233
001641 43
000446 19
001696 10
002723 83
002659 68
001777 29
000517 234
001520 195
002994 235
001009 230
002177 75
000433 71
000276 89
001047 10
001724 15
000282 63
001885 74
001541 42
000646 82
001893 15
002161 83
002591 82
002220 25
001178 26
000039 63
000336 211
001125 8
000541 51
000943 195
000383 55
002384 17
000885 42
000240 70
002448 22
001675 15
001489 22
001388 141
001929 63
002725 42
002209 27
001163 66
002896 121
001288 29
001377 12
000243 211
002361 12
000569 211
002190 236
000218 237
000649 73
001937 1
002222 82
001299 26
002806 84
000757 238
000146 72
000289 239
002760 167
000560 25
000059 45
001625 43
001930 15
000221 92
000232 25
000926 5
003000 17
000147 82
001131 1
002357 31
000084 59
002185 82
001671 88
000244 230
000771 2
001077 71
001255 12
002476 47
001238 1
000182 115
000795 8
001182 110
001752 1
000576 2
001456 161
001458 18
001132 115
001946 55
002635 99
002394 169
002558 12
000304 103
001797 50
001261 1
001161 66
002556 47
000786 8
001818 26
000212 38
001282 195
001973 88
001952 20
002335 183
002502 240
001318 1
001455 185
000571 72
000465 72
001758 48
002810 241
002616 231
001421 22
002524 242
000117 43
000461 240
002451 48
000621 27
001528 65
002020 27
001270 66
000978 12
002221 31
001694 84
000712 2
000405 2
000430 121
001631 84
002694 47
000518 14
000769 110
002730 167
000046 243
001792 170
000467 244
001796 245
002347 22
002210 22
001655 15
000810 183
000690 246
001637 141
000758 2
001982 1
001446 48
000753 227
002261 115
000307 84
000482 18
000162 26
001254 66
000923 2
002917 247
000852 229
000449 32
002826 31
000652 2
001186 26
002248 99
002317 195
001989 10
001075 82
002995 149
001201 26
000609 248
002594 35
001309 72
000912 27
001581 70
001243 227
001055 15
002975 17
000040 157
000031 71
002590 12
002297 167
000732 249
002052 14
001931 118
002298 168
002250 18
002153 229
000388 59
002200 35
001067 73
002532 115
000377 170
001673 168
000249 231
002325 88
002833 31
002031 43
000044 32
001702 48
000456 10
002132 26
002719 53
001813 59
002055 22
000415 119
002073 18
001979 63
002223 15
000115 250
001080 16
001801 1
002255 119
002065 50
001848 38
002343 42
002700 22
002134 1
002750 48
000170 167
000749 2
002796 103
001441 1
000523 22
002605 12
001657 15
000713 43
001221 251
000917 252
000804 253
002011 203
000525 119
001965 110
000722 2
001866 43
000977 1
000746 8
001987 14
000471 254
000338 45
000567 229
001855 66
002619 16
001878 15
002280 83
002299 35
001024 22
002127 15
002792 141
000626 89
001605 255
000053 256
002740 47
002353 135
000196 25
000645 2
000066 169
001810 117
002910 1
000424 183
000399 230
000784 12
001887 35
000284 231
002714 185
001360 12
001253 26
002552 113
002618 26
001063 110
001686 48
001769 15
002253 5
002059 14
000904 12
002970 8
001142 66
002218 32
002812 257
001452 15
001772 18
001251 195
002680 97
000553 119
000829 12
000198 26
002023 25
002469 47
002036 113
001144 66
002686 12
002478 119
001166 26
001027 45
002249 258
002644 16
000603 20
000387 259
002799 88
002861 1
001336 12
002653 27
000805 116
000953 12
000493 51
000697 84
002032 27
002771 117
002832 48
000166 211
002646 185
001370 43
001576 68
000485 10
001744 27
002584 12
001423 83
000155 22
002358 62
000592 89
002142 110
001756 14
000379 19
001028 63
002828 31
002339 88
002689 48
000067 15
000119 123
000003 75
001518 55
002239 83
002113 22
002814 31
000412 89
002974 1
002252 31
000838 2
000250 211
002271 83
001505 8
000533 260
001976 48
000272 82
000344 117
000278 261
000466 262
001330 26
000574 32
000280 48
000368 32
000023 263
000760 2
002976 116
000836 231
000086 211
000845 2
001903 15
001975 75
002652 195
001538 264
001016 20
002856 1
001141 66
002231 31
001951 49
000353 265
002405 48
002923 47
000008 51
001522 68
002829 256
001560 24
002120 43
002234 58
002627 70
002717 58
000236 26
001651 75
001145 15
002611 110
000950 15
002304 83
002056 14
000539 82
001069 12
002701 97
002557 27
002497 20
001339 43
001639 15
002906 5
002705 231
002535 82
000764 12
001109 48
001247 37
001723 123
000202 266
000872 267
002404 71
002107 27
001554 268
001222 66
000976 2
000889 115
000952 24
002545 12
001153 66
002898 47
001949 269
000633 2
002645 270
002736 117
002746 117
000886 10
001099 48
002049 12
000142 22
001799 50
000816 12
001091 65
000082 91
000156 71
001041 271
002243 31
002003 15
002450 195
002150 115
002798 103
000184 119
000611 2
000618 2
000881 202
002219 58
001229 140
001986 129
000319 26
002169 35
000161 170
001636 43
000362 22
001076 142
001889 8
000095 26
002776 47
002921 203
001280 218
000334 181
002581 58
000459 51
002163 142
002709 48
002095 63
001321 272
000509 10
002181 43
000448 31
000447 22
000975 38
000779 12
001045 117
002544 12
002931 17
000347 273
000127 103
002091 118
000340 181
002021 79
001089 90
001465 88
001019 82
001470 203
000974 123
001039 22
002230 58
002466 35
000551 51
001052 71
000375 10
001851 37
000484 117
000888 42
000401 92
000263 32
002602 1
001783 38
000992 119
001773 43
000821 2
000472 237
002385 92
000944 12
000451 219
001643 15
002445 50
002632 75
001877 10
002044 50
001312 75
001531 58
001439 169
000394 32
002862 1
002881 121
001767 74
000676 274
000824 2
002977 27
001513 55
002027 275
001508 72
001703 15
000302 27
001151 66
002467 110
001630 219
002950 17
000480 62
001610 14
000561 276
002245 119
001761 277
002848 16
000773 12
002363 115
002157 19
001343 12
002621 141
002289 99
000842 278
001785 1
002685 129
001297 1
001210 26
002016 185
002731 24
002493 75
002415 48
000718 91
000041 279
002877 140
002160 19
000012 45
000663 2
002990 63
001015 280
001959 70
000584 17
002454 62
001960 1
002241 58
002199 27
002427 31
000359 68
002660 129
001870 29
000853 27
000105 97
000235 16
000695 10
000194 121
001561 65
000617 2
001879 149
001049 71
001056 1
001916 35
001157 1
000514 19
001595 1
000634 2
000385 230
001543 70
002604 195
000850 12
002295 195
000714 10
001542 244
002718 12
002311 281
001583 68
000090 43
002035 22
001837 83
000308 62
001311 10
002009 43
001935 110
001171 26
001363 1
000743 2
001590 282
000922 12
000211 170
002916 140
000384 283
000691 2
000709 33
000403 29
000702 284
002377 90
000999 26
002085 170
000544 19
001208 1
000404 141
002667 16
001083 14
002225 31
001945 12
000442 240
001524 1
002991 121
002196 285
002308 142
001934 115
001533 12
000559 68
000861 12
001134 185
001502 181
002824 47
001947 50
000087 19
000546 63
002785 88
000463 70
002512 286
000815 53
000854 2
002050 271
002158 115
001665 70
001006 287
000234 288
000395 289
001603 43
000189 22
002070 74
000614 2
000437 65
000164 290
001844 14
001219 66
001200 289
000820 12
001547 42
000515 291
000776 12
001469 18
002045 27
001963 26
000487 48
002625 70
000793 12
002508 68
000583 2
000578 2
001412 110
000748 8
001850 110
002206 203
001787 62
000566 43
002301 292
001838 140
002763 117
000580 8
002903 97
001290 83
001593 1
000803 12
000259 293
000458 19
000725 33
000116 18
002151 115
001104 231
002772 19
001842 75
001298 1
002345 1
000547 294
001755 256
002226 31
000418 79
000047 295
000310 59
000878 2
000721 53
002332 115
001525 42
002447 123
001728 43
000947 70
001808 65
002908 1
002901 17
000150 22
001213 296
000408 32
001340 1
002423 48
002607 68
000806 103
001454 1
000846 43
000625 2
002868 32
001880 1
002600 123
000193 121
000331 26
000122 22
002864 123
001384 297
000312 203
001082 19
002184 167
001043 141
000741 2
000883 12
002390 32
002647 50
001404 73
001858 298
001942 50
002498 29
000018 51
000354 117
000258 63
001263 26
000863 2
002468 31
002734 8
001529 122
000060 26
001612 117
001994 66
002623 244
001095 299
000519 15
000422 71
001570 26
000860 2
000013 70
001829 88
000372 16
000389 32
002470 300
000420 19
001494 83
001712 43
001800 88
002965 121
001567 42
002123 53
002046 27
000938 123
000494 22
002762 82
002839 16
000638 121
000428 33
002290 84
001308 12
002820 83
000305 121
002428 51
000909 12
000409 129
000716 71
000981 18
001442 51
000920 2
001307 301
000088 32
002533 16
001649 211
000513 51
000110 26
000680 2
002017 118
001725 12
002379 115
001894 302
001827 35
000398 123
001274 35
002967 17
002753 22
002172 17
000662 22
001185 26
002194 15
000797 12
002140 119
002878 121
001695 15
000738 2
002729 303
002836 31
001782 170
001462 195
002963 17
001453 117
002461 304
001926 12
000679 8
002949 17
001558 42
000822 12
001857 195
000042 89
002650 74
000213 26
000772 12
000323 27
002336 305
002376 35
000931 27
000979 12
000303 181
001992 26
001260 66
000092 72
001044 45
001365 1
001207 92
001622 15
000022 18
002889 216
000949 283
001106 12
002205 92
002426 48
000423 306
002126 83
000175 59
001287 307
000208 68
000499 219
002188 38
000071 123
002850 271
000635 2
002561 47
002887 19
002782 37
000021 99
001685 14
000925 2
001038 146
000613 43
001310 12
001356 90
000045 27
002759 47
002897 17
002707 119
002106 88
001971 50
000129 14
002530 62
001427 26
001621 51
000239 22
002327 88
002609 83
001604 15
001917 113
001743 35
001097 48
000665 119
000454 117
002777 12
002330 141
000687 2
001020 22
001003 271
001846 15
001516 68
000520 37
002392 31
000178 167
001918 53
001250 48
000204 97
002900 17
001337 35
001366 308
002980 22
001130 20
001713 15
000290 309
000048 5
000160 230
001521 48
002733 135
002651 47
002783 47
000933 115
001196 26
001018 58
001924 75
000068 211
001387 63
001133 97
002693 65
001059 310
002080 311
001598 123
001415 12
002360 32
002867 47
002464 20
000406 8
001304 26
000286 27
000707 195
000946 12
002909 140
001697 15
002096 312
001184 273
002321 118
002794 117
001154 313
002419 32
002313 58
002356 99
000667 271
000252 103
002195 5
001546 239
002510 16
000700 2
001285 26
001693 15
000604 2
000986 32
002755 135
000906 2
001669 15
002947 1
000526 314
001194 66
002232 50
002678 16
000545 203
001914 118
002957 135
002817 31
001834 115
002279 115
001908 26
002751 31
001653 203
002757 271
000706 2
001225 88
000673 2
000762 2
000378 135
002860 31
001852 22
001683 43
001372 43
000744 12
001068 45
002802 72
001861 315
002270 167
000654 19
002268 32
001826 15
002373 115
000868 12
002316 135
000848 12
002015 45
002028 43
001092 195
002971 31
002964 118
001444 170
002174 167
000139 45
001619 15
000326 141
000341 115
000554 316
001040 5
001183 75
002437 35
002797 88
000238 317
002519 16
002528 115
001279 1
001084 38
000648 2
001897 88
000253 24
001732 117
002935 1
000328 203
001434 43
001972 14
001539 35
001000 29
001418 43
002518 231
001164 141
000728 12
002932 17
001574 42
002941 1
002999 17
001928 38
000183 170
002067 88
001035 15
000790 12
000358 71
000942 318
000173 59
002720 18
000594 129
000470 17
002805 43
002362 25
002840 31
002435 68
001648 71
002722 90
000165 18
001485 26
002677 319
000251 72
001085 22
002657 16
000400 26
000802 195
001969 129
002572 48
002553 122
000029 59
000642 89
000927 283
002998 1
001061 75
000452 51
001957 75
002334 58
001932 135
001825 149
002414 8
000380 63
000536 203
001762 25
001575 35
001841 12
000352 26
000294 70
002391 62
001169 26
001116 66
002346 29
002072 135
002543 320
002458 32
000091 113
000960 167
000001 97
001646 15
000683 195
000382 22
002637 12
002523 252
001492 83
002178 22
001252 26
000627 2
000916 2
000705 195
002315 58
000619 2
001645 15
001510 29
001422 12
000320 63
000224 18
000214 83
000573 141
000078 83
002892 1
001413 17
000440 295
002217 110
000343 181
001033 103
002944 17
002676 75
001859 43
000491 84
002472 97
002628 47
000932 211
001921 88
000686 14
002727 123
000255 24
002639 47
002207 321
001875 26
002943 231
001223 26
000296 33
000710 256
002060 322
000641 2
001868 15
001334 58
002216 115
001737 203
001839 15
002008 129
002264 5
002312 58
002649 47
001352 12
001511 66
001602 1
000190 323
002424 48
001373 12
001296 66
000556 135
002713 324
001111 22
001189 66
001892 88
001121 83
000698 2
001218 26
001886 63
000988 146
000327 26
002960 1
001180 26
001708 15
001555 22
002155 83
000668 2
000874 74
000057 99
001054 18
001503 12
002858 97
000017 35
001435 48
002254 31
002124 37
000135 325
000002 317
000438 203
002827 22
002459 62
002809 16
002687 146
001346 326
000568 27
001192 35
002846 45
001087 327
000426 306
001114 12
002804 22
002745 117
001181 84
001466 88
001699 15
001536 35
001008 129
002987 328
001155 22
002978 31
002879 12
002433 32
000871 12
001498 35
001138 66
000866 2
000768 12
001954 22
001205 170
000180 51
002835 83
001122 1
001779 68
001962 5
002770 22
000864 2
002769 203
001617 15
000346 71
002368 329
001275 66
001320 12
000051 27
000969 63
000121 38
001317 15
002914 140
001968 5
001393 37
001217 330
000844 84
002284 32
001286 65
001995 49
000479 20
002658 83
001571 35
000075 326
001211 66
000575 89
001457 110
001804 72
001036 1
001790 50
001876 43
000964 279
000655 71
001021 117
002293 70
001234 97
001204 26
000902 22
000441 141
000984 331
001881 332
000206 170
002105 48
001409 68
000501 211
002062 15
000532 72
000742 289
002788 31
002673 12
001335 37
000590 14
002286 333
001905 75
001451 334
001174 26
000606 2
002882 335
000176 123
001214 1
001784 71
001481 1
002340 55
000413 195
001391 97
001342 12
002078 336
002890 135
002201 31
002936 17
002446 113
002764 15
000349 18
002514 12
002322 58
000884 271
002843 31
002891 83
000265 231
002786 82
001624 35
002587 47
001179 26
002098 83
002071 83
001563 337
000882 2
001431 26
001283 26
002276 135
002034 287
002934 12
002156 99
001389 170
001681 15
002984 17
001549 42
002079 49
000011 89
001629 15
000439 55
001367 89
000972 12
000711 48
001483 26
002371 82
000670 2
001193 15
000126 45
002306 35
002670 88
001927 24
001338 12
002012 338
001060 117
000199 121
000629 2
000410 170
002741 32
001741 170
002443 20
001199 75
002761 35
001202 339
001300 48
002765 43
000014 92
002951 37
002620 15
000657 89
000537 51
000968 55
002589 8
001666 42
001663 340
002402 195
002212 123
001136 65
001594 82
001459 97
000483 341
001245 53
002583 12
002179 342
002780 45
000694 51
002601 16
002074 271
002121 19
002547 12
001540 12
001579 70
002061 50
001472 26
002724 135
002455 203
002257 146
002352 74
001601 65
001534 90
001907 29
002389 115
000812 12
001371 5
000154 26
001329 343
000043 317
001241 71
001419 72
000879 2
001950 75
002559 195
001484 62
000360 15
000056 99
000880 2
001319 12
000027 22
000681 274
001239 149
001514 35
000136 117
001535 167
002259 99
001378 43
002989 97
002104 344
001001 119
001863 15
002265 289
001065 345
000397 317
002920 31
000054 31
002294 99
000179 115
000508 10
000301 70
001553 276
001664 231
002634 26
001002 211
000079 71
000996 12
000727 2
000229 121
000819 2
001398 12
000989 283
000030 72
001658 15
000562 72
000226 231
000006 103
001228 26
000445 22
000033 5
000966 83
001682 22
000894 50
000669 2
002211 70
001359 65
001407 1
002554 12
001397 298
000152 51
002669 12
000223 89
002490 73
000703 22
001667 26
002666 118
001445 346
000855 12
001833 310
001587 170
001526 53
000114 26
002097 347
002338 26
001101 48
000207 75
002534 83
001148 26
001822 170
001411 45
000890 280
002972 17
000900 348
000833 2
001246 26
002983 15
001242 1
001983 123
000870 256
001660 14
000674 2
002457 1
001375 26
001677 15
002599 47
000140 141
000490 135
000914 65
001616 66
001672 349
002214 88
001899 118
002562 27
000813 12
000215 51
001944 50
002180 75
000315 99
002187 50
000417 15
001030 70
002087 347
002102 271
000137 117
000747 14
001475 350
001123 58
000794 12
000036 14
000026 35
000658 89
001403 45
000450 306
001402 71
001259 351
002351 17
000752 123
001271 115
002958 47
001450 327
002422 48
001053 117
002438 146
000245 26
002152 19
000277 97
002442 47
002159 42
000589 45
002208 352
000971 117
001948 119
002570 18
002624 349
002388 5
002378 48
001760 14
002182 123
001324 1
000168 45
002273 31
000928 195
000025 71
000807 97
000444 55
001780 43
000151 353
002791 304
002143 8
000755 12
002266 74
002430 48
001048 169
000781 12
000901 10
000865 2
001953 146
002341 110
001198 354
000101 62
001050 355
001628 35
002444 1
002538 135
001272 12
001759 14
002684 63
001379 12
000767 92
000751 19
000963 84
002716 58
002291 70
000169 317
000074 82
002973 17
001884 14
002167 203
001139 26
002569 12
000993 329
002054 118
001500 12
002303 167
001906 25
001094 115
001385 16
002432 8
001739 15
002648 8
001504 70
002565 12
001632 335
002103 356
002516 357
000267 8
001034 119
001830 35
002586 12
001845 45
002108 358
002641 135
002215 17
000145 22
000332 117
001974 15
000248 18
000374 110
000381 90
002548 47
000321 306
002240 359
000637 75
001588 306
001332 66
002842 31
002638 195
002615 75
002283 70
001215 27
000431 70
001011 195
000192 26
002655 135
001176 71
000436 103
002735 47
001691 15
001943 110
001281 66
001900 15
001187 83
001017 71
002233 31
000688 2
001566 35
000639 2
000570 211
000934 27
001408 15
001170 82
001361 15
000534 51
002996 88
001823 88
002715 47
000197 146
002482 35
001803 146
000496 360
002640 48
000937 92
000980 97
002429 48
002076 15
001302 70
001814 82
001656 14
000396 89
002369 15
001706 361
000148 32
000798 12
001751 146
000624 119
002287 32
002029 58
001010 12
001519 27
000911 2
001623 14
000896 97
001474 43
002822 31
001362 347
000107 26
000351 14
001548 83
000651 2
000390 14
001473 15
001118 146
000555 321
000300 55
000171 24
001277 12
002355 347
000416 306
002966 17
000765 33
000429 362
000187 74
001840 363
001915 15
002318 1
001890 15
000631 89
000951 351
000163 45
000414 32
001074 97
002144 340
002147 123
002018 27
001031 203
000877 2
000818 33
000823 12
002256 31
000873 12
000246 66
000230 121
000907 364
002057 140
000897 18
002236 5
002884 62
001754 12
002925 140
002154 15
000792 12
002238 32
001911 90
001328 68
002309 15
002193 15
001652 15
000699 2
002491 47
000891 20
002643 118
001718 15
002580 82
000895 12
001152 365
001447 63
000058 317
001980 1
001923 22
001058 15
002331 14
002411 149
002292 70
000093 366
001235 339
002386 5
001014 5
001701 141
000948 83
001794 15
001110 83
000191 367
002088 169
001532 62
001997 26
002683 37
001955 68
000724 37
002112 349
002282 146
000677 2
000106 32
002948 17
001964 15
000903 2
002302 32
001433 82
002471 195
000775 12
001233 26
000859 71
001429 10
002030 59
002128 83
000990 35
000498 195
002942 47
001608 211
002136 1
001990 14
000065 368
002654 32
001815 5
000275 121
000726 73
001680 15
002597 12
001150 340
002202 35
002662 149
001364 12
000411 53
000831 12
000913 68
002566 16
002093 19
000391 181
002269 185
002189 32
001374 65
002406 33
000723 2
000262 110
000899 82
002244 31
002164 19
000719 2
002441 27
002068 135
002407 48
002876 47
000936 1
002803 347
000421 121
002198 90
000010 317
001938 45
001120 63
002928 304
000535 321
000549 43
001585 33
000299 169
002171 115
001386 92
002758 16
002863 369
002818 31
001676 17
001392 12
000089 19
001644 20
000098 26
002100 117
002397 83
000510 115
002260 370
000704 2
001970 15
002795 31
001046 84
001507 1
000940 71
001430 12
001809 88
001912 92
002940 17
000608 2
002886 53
002527 48
002540 35
001071 311
002413 195
000297 99
000050 121
001512 51
000225 90
001775 12
001244 48
001922 17
000851 82
001786 62
002696 12
001226 310
000563 99
002671 12
002853 88
000605 2
000443 371
002473 115
001599 14
001025 17
002588 68
002816 31
002811 31
002738 117
000188 335
000407 38
001173 26
002800 53
002961 47
000462 22
000671 2
002704 22
002834 121
001958 88
000715 43
001351 181
000425 65
002092 110
002710 185
000636 2
000529 51
002267 97
001766 1
002869 12
002997 372
002952 17
002904 68
001499 27
000610 2
000486 306
001479 335
001086 115
002130 19
001705 373
000325 18
000020 55
002503 322
000839 2
002022 45
002807 72
001674 92
001341 12
002083 58
002857 68
001791 88
001613 35
001523 1
000801 38
001580 35
000097 38
002495 8
000475 71
001789 14
000367 24
001898 5
001722 31
001910 149
002555 12
000761 59
000919 37
001426 1
002808 135
000393 110
001770 12
000507 203
000435 195
002697 16
002048 121
001832 1
001586 35
002986 37
000133 55
001589 26
002499 16
000032 123
002170 203
001376 73
001327 71
001113 25
001350 1
000256 45
000893 117
002408 83
000052 170
000876 53
000939 71
002821 135
001127 118
001220 306
002728 119
002854 63
000125 45
002453 203
002779 83
002880 12
001072 306
002774 27
002636 16
002656 17
000434 51
000675 2
002409 8
001100 48
002515 47
002348 29
001609 374
002542 43
002576 48
