0 1.2637856006622314
001958 1
002088 2
001395 3
001521 4
001099 5
000394 6
000029 7
000100 8
000352 9
002021 10
001353 11
001145 12
002856 13
001226 14
000298 15
001786 16
000127 17
002758 18
001597 19
002028 11
002997 20
000682 21
000046 22
001437 23
002748 19
000302 24
002649 25
001608 26
000637 27
000548 28
001266 29
001271 30
000679 31
002613 25
002157 32
000706 21
001509 9
000111 19
002354 33
002178 34
002049 29
000283 35
001101 5
000561 36
000564 37
000578 21
001820 38
001951 39
001560 40
000300 21
001923 34
001066 41
002039 42
000535 43
002924 44
002766 45
002227 46
000274 15
000395 47
000193 48
000099 49
001202 50
002631 51
002246 52
001229 53
000541 54
002389 30
000042 55
000956 56
002329 57
002621 58
001136 59
001598 60
000206 61
002260 62
000004 37
000621 41
000536 63
002361 64
001491 31
000293 65
000928 66
002301 67
001661 26
000433 68
000749 21
000608 21
000614 21
000789 69
001989 70
000784 29
001793 71
002030 72
002472 73
000797 29
002186 74
001673 75
000714 70
002213 76
001966 77
000528 74
001637 78
000051 79
002816 80
000292 81
001431 9
000221 82
001824 3
002460 83
001552 84
002161 85
002546 86
002767 49
002964 39
001154 87
000814 41
001947 46
001590 88
002699 89
002673 29
002365 80
000005 56
000726 81
002456 4
001948 90
002681 74
000007 91
001105 46
001293 13
002710 92
001630 61
002849 85
000526 93
001927 94
000912 41
002097 95
001855 9
000774 29
000590 26
000903 21
002600 96
001968 97
002930 98
001684 4
002704 34
001847 46
002583 29
001662 99
000307 41
000517 100
001614 99
001587 101
003000 44
002572 4
000041 102
000367 94
001652 49
000589 103
000011 55
002687 84
001239 56
002337 104
002689 4
002342 74
002338 9
002657 18
001827 105
002947 13
001376 106
002797 74
001219 9
001127 107
001987 108
000322 109
002923 25
001407 13
001563 110
000397 91
001434 11
002146 111
002191 112
000772 29
001242 13
002739 113
002770 34
001146 114
001656 26
001754 29
000112 34
001698 99
002668 8
002535 115
002692 29
001525 116
000331 9
002697 18
000256 117
000158 118
000319 9
000631 119
002207 43
000315 26
001826 99
002960 13
001545 84
000855 29
002016 92
002398 46
000347 120
000599 121
000856 21
000443 122
002333 74
002001 123
002848 18
001534 124
000762 21
002012 125
002901 44
001358 126
001638 99
001078 41
001991 115
000966 85
002276 127
002195 115
000587 21
000066 2
000937 128
002485 73
000731 129
001235 50
001132 30
001472 9
002317 8
000757 130
002027 131
002250 132
002515 25
002256 80
002953 113
001594 115
001609 133
002052 26
000798 29
001269 68
001774 134
000249 135
000108 117
002419 74
002750 5
002129 136
001901 4
002891 85
002763 28
001505 31
002318 13
001393 136
000228 137
002602 13
002037 138
002684 34
000976 8
000886 70
002596 25
000225 9
000917 139
002183 99
002403 26
002625 140
001675 99
002238 74
002046 41
001527 105
002287 74
000488 117
002783 25
001733 141
001326 9
001768 26
002778 8
002035 34
002628 25
002804 34
002253 115
000559 33
001696 70
002426 4
001653 63
001454 13
002455 65
002677 142
001065 143
002616 135
001261 13
001992 144
000871 29
000231 26
000018 145
002552 41
001574 116
000955 37
001072 146
002527 4
000305 48
001702 4
000791 21
002610 29
001929 34
001256 43
002779 85
000665 90
000219 147
000188 148
002961 25
002990 34
002066 149
001932 150
001538 151
000601 21
002617 152
000930 17
002210 34
001166 9
002768 48
002357 80
000522 41
000304 17
002067 74
000758 21
002170 63
000261 146
002299 105
001952 46
002497 153
000368 74
002071 85
001643 99
001679 154
002189 74
000988 43
002427 80
001081 155
000910 78
001164 78
002033 156
001302 141
000383 113
001769 99
000611 21
001381 29
002281 140
002107 41
001172 9
002998 13
000082 57
000152 145
002429 4
000962 157
002785 92
000202 158
001306 9
000672 21
002023 112
000055 41
000439 159
002438 84
002391 98
001422 29
001537 160
000166 157
002502 125
001129 29
001005 43
002839 18
002029 4
000914 59
000482 115
000500 36
001797 46
000919 74
001903 99
001194 9
002962 71
002151 30
000162 9
002926 1
000813 29
001238 13
002733 4
001405 112
000076 117
001163 9
002075 161
002794 28
001488 9
002703 140
001398 64
002025 162
001777 163
002288 74
002983 49
001876 11
001834 30
001909 46
002705 135
000404 78
000232 112
001334 4
002332 30
001042 164
001448 113
002590 64
001914 39
000606 21
001249 9
002821 145
002445 46
001143 9
002441 41
002922 127
000204 73
000785 15
002373 165
000014 166
002208 167
002905 25
000676 168
002885 25
002603 169
000465 113
000775 64
001935 123
000496 170
000803 29
000170 11
002449 4
002169 105
000959 171
002965 92
000446 32
001457 114
002002 49
001423 172
000896 73
000429 45
002658 85
001735 76
000196 112
002556 25
000547 173
001828 174
002897 44
001585 15
001567 116
002549 76
002746 28
000088 74
000633 21
001959 141
000583 21
000257 61
001090 61
001814 109
001411 175
000048 176
001651 115
001530 30
001248 136
001503 64
000059 117
002731 40
002683 177
000073 85
001811 118
000474 178
002577 123
001382 13
000124 128
001217 179
000881 138
001336 29
002399 74
001148 9
001354 9
000336 157
001495 74
002230 89
001917 41
002486 61
000181 136
001451 180
002543 181
000617 21
000121 137
000109 74
002790 145
001962 60
001579 141
001704 157
000750 182
000684 21
001724 99
002545 64
000172 40
000103 32
002458 74
000773 29
002232 46
000416 146
000491 43
001165 9
001141 9
002769 65
001329 183
001378 11
001399 184
001612 28
001400 185
000830 186
001308 29
001352 64
001602 13
002728 90
000182 30
001681 99
001688 99
000178 11
000694 145
002400 187
002678 18
001012 188
001916 105
000286 41
000899 109
000894 189
002086 61
002913 190
001851 177
000701 189
001455 92
001404 191
001187 192
002235 85
001224 193
002096 194
002608 113
002083 4
001919 113
002175 74
002915 190
001142 9
002630 195
002966 44
002372 13
000276 55
001297 13
002171 30
001562 64
001843 169
001408 49
001645 99
001971 46
001593 13
001370 11
001323 76
001605 196
000867 21
000946 29
001300 64
000980 73
001856 30
000222 61
001994 4
000922 64
001433 109
001074 73
001895 30
002393 46
000138 34
002578 197
001364 64
002831 80
002504 198
001029 29
000603 46
002701 73
000837 124
001837 130
001001 90
001818 144
002100 28
002184 74
001040 115
000440 199
002496 8
000095 9
002743 200
002000 39
001179 9
000269 70
000033 113
000200 30
001489 34
000229 48
001139 9
001610 26
000303 65
001550 64
001938 201
002665 105
000135 202
002799 1
000809 203
000680 21
001957 204
000841 21
000481 205
002379 30
001708 99
002749 206
002544 64
000689 92
001604 99
000686 207
001436 13
000288 18
000703 34
000502 49
000120 55
000365 41
002435 33
000558 112
001317 49
000562 113
002143 208
001152 209
001556 33
001978 92
002599 25
002229 26
002280 85
002307 85
000667 210
002793 115
000725 15
000574 211
002806 17
001121 130
000234 212
000907 213
000342 94
001189 9
000083 46
002777 64
000189 34
001672 214
000550 15
000805 203
002397 85
002553 157
002203 41
002792 64
000544 28
000478 215
002304 85
000817 216
002753 34
000398 162
000935 64
000655 15
002269 92
000708 63
001010 29
002018 41
000251 113
000974 162
001225 1
000786 31
000281 26
002857 185
001478 217
002974 13
000792 29
002346 37
000778 21
000675 21
001790 46
001218 9
000938 137
000430 48
001013 34
001654 9
001711 105
000556 4
000187 218
000167 41
000995 137
001237 219
000477 37
001027 117
001761 220
001808 109
000057 55
000209 48
002511 15
002380 126
002506 90
001498 105
000426 146
002645 221
001559 13
000242 203
002757 222
001570 9
000570 157
001267 223
002194 49
002247 89
002048 48
002881 92
002532 30
001174 9
002283 140
001557 128
001178 9
002619 18
002654 74
001930 99
000651 21
002634 9
001518 60
001017 68
001501 64
001460 140
001231 9
000560 112
001409 224
001974 99
000738 21
002564 29
001745 140
001295 78
000826 11
000624 90
000220 225
000258 34
001282 226
002775 76
000926 115
000217 48
000511 30
002367 60
001588 171
000593 8
000493 145
000332 32
002829 185
002216 30
000415 227
002132 9
001045 32
001908 144
000645 21
001823 156
001039 34
001508 60
002271 85
000639 21
000944 56
002615 204
002585 89
000195 9
000575 55
002362 112
000818 15
000958 228
002765 229
002711 18
000897 230
002772 28
000840 21
001396 140
001862 46
000636 21
000721 152
000255 40
002118 85
002005 46
001731 49
000192 9
001773 11
001484 140
002989 73
001206 9
001819 71
002951 136
002862 13
001504 141
001420 13
000453 26
001418 11
000197 84
002918 190
002457 13
000534 145
000878 21
001037 231
000460 199
000487 104
001892 156
000681 168
002453 187
000419 32
001350 13
000877 21
001650 46
001900 99
002330 78
001709 59
002105 4
000454 32
001414 64
002876 25
000580 31
000125 117
001898 115
000339 41
001416 146
002858 104
000090 232
000447 34
002106 1
001893 201
001150 212
001925 152
001848 19
001918 152
000997 60
000734 21
000628 233
002609 85
002512 234
001939 39
001240 13
000330 181
001428 235
001469 90
002388 60
001578 176
002626 157
000545 32
002693 59
002614 29
000369 113
002642 39
002802 60
001222 9
002396 80
002991 92
000994 152
000458 32
002402 8
001337 141
001443 116
000737 21
001564 4
002601 18
002061 46
002986 136
000736 43
001442 162
000933 30
001021 28
001993 236
000661 119
001033 185
000423 146
002450 8
002805 65
001061 60
001044 237
000289 238
000471 236
002326 74
002174 74
001088 13
001907 37
001912 106
002877 190
000227 239
000761 28
000577 55
000092 113
000515 240
002364 39
000271 4
000518 26
002384 76
002202 105
001046 61
002718 64
002836 80
002914 190
000960 74
001388 78
002482 241
000769 123
002371 115
002520 133
001860 11
001228 9
000985 29
001813 26
001402 15
002295 8
002871 13
000847 21
001961 105
002900 44
001160 13
001806 26
000469 157
002940 44
000969 34
001197 78
001792 61
001967 242
000341 30
002298 187
002315 89
000900 243
001069 29
001186 9
001343 64
001576 185
000693 177
000588 73
002254 80
000131 133
002423 4
001397 244
000554 245
002323 41
000656 246
000445 34
002650 187
001483 9
000094 135
001157 185
000768 29
001386 71
002937 44
000134 211
002931 44
001051 68
001721 229
002854 34
001566 105
000859 68
000552 176
001543 141
002376 105
002302 74
001490 96
000609 43
000349 115
002297 74
001700 11
001622 99
000613 11
002488 46
001833 247
001717 248
000710 185
000573 78
002869 64
000744 56
000704 21
000925 21
000183 61
002788 80
000243 157
002807 60
000371 157
002076 99
000441 78
000654 32
002709 4
000709 15
001383 11
000024 249
002141 84
001118 84
000934 41
000858 202
001227 9
000509 70
001003 197
002274 141
002723 85
002300 217
002470 250
002909 190
002999 44
002392 80
002131 32
001782 61
002009 11
002032 41
000765 15
001669 99
000486 146
000237 18
001211 9
002349 39
001071 251
000713 185
002461 252
000646 113
002932 44
002906 60
001458 162
001692 41
000616 157
000671 21
002671 29
002791 252
002185 113
000901 70
002789 28
000986 211
002110 9
001392 64
002969 92
000207 215
002313 89
000031 15
000259 156
001265 15
000174 84
001283 9
001292 13
000860 21
001170 109
001618 28
000444 137
002698 34
000808 29
001180 9
001016 46
002774 41
000494 34
001195 59
001931 39
001857 8
002410 211
001467 90
001216 46
001309 176
000973 130
001766 13
000442 253
001659 26
001444 61
000690 30
000764 29
001272 56
002522 18
002444 13
001133 73
000017 105
001232 13
001439 44
001660 26
002069 33
001247 136
001906 112
002257 84
002934 64
001115 152
000615 21
002125 85
000422 68
001788 1
000918 21
000586 21
001144 9
002663 18
002745 28
000077 117
000191 254
001234 73
002165 1
002007 99
001345 9
002167 76
001549 104
000002 55
000640 21
000376 73
001697 99
002479 145
001936 11
002478 90
000746 31
002666 39
000643 21
000190 255
002109 256
002309 49
000012 117
000354 28
002622 152
002529 257
001360 64
000201 90
001611 105
001686 4
002667 18
000448 80
002014 117
001934 30
001514 105
001988 258
000882 21
001190 9
001059 247
001762 112
002980 34
000116 259
001385 140
001926 29
001867 99
000407 19
002995 71
001366 260
001028 34
002840 80
002102 197
001945 56
001502 217
002889 198
001625 11
002464 78
002316 261
001933 41
000326 78
000941 41
001298 13
002643 187
001095 262
002471 8
001805 26
000853 41
001920 39
001103 17
000779 29
001130 46
002725 116
002569 64
002089 191
000141 109
002239 85
001749 65
000390 26
000821 21
002612 49
000698 21
002846 175
001209 9
000485 15
001137 9
001736 116
002036 212
001331 130
002985 44
002439 216
002344 30
001606 17
000025 15
001356 263
000102 264
000629 21
001730 99
000993 226
002719 152
002407 4
000009 152
001067 191
000364 162
002887 32
001014 60
000401 128
002197 99
002865 25
002054 39
000039 265
002112 266
000865 21
000346 15
002115 39
000386 267
002868 156
000788 26
000208 224
001054 230
002101 85
001737 76
001335 177
000049 117
002019 39
000670 21
001689 9
002623 29
001829 156
002164 32
000294 141
002707 90
000895 29
002513 177
002103 268
000984 269
001113 112
000632 105
001547 116
000213 9
002063 39
001781 78
002459 270
002214 1
001676 76
001476 128
002160 32
001832 13
001809 1
001924 204
000224 259
002641 145
000524 113
000230 48
002124 136
002159 32
002744 80
002781 145
001714 99
002251 71
000584 76
002547 64
001124 64
000829 29
002038 163
002010 271
002982 44
000822 29
001250 5
001205 17
001779 33
001727 229
000399 8
002140 90
002782 136
000892 63
000748 31
001464 141
001897 1
000038 247
002912 190
001510 37
001849 191
002237 74
001649 99
002566 18
000373 41
001162 167
002311 272
002700 34
001738 33
002065 46
002385 128
001288 37
001092 8
001147 9
000295 270
001743 105
000978 29
000260 273
000159 274
001153 9
000971 28
002796 17
002662 71
001671 1
000846 11
002286 275
002819 80
001540 56
002116 249
002837 232
002079 39
002044 46
002163 257
000514 32
000068 157
000538 192
001706 276
001852 34
002917 277
000310 26
000801 17
002508 33
002911 31
001084 17
002533 18
000126 117
000069 34
001535 278
001245 152
001760 26
000150 34
001755 177
002180 115
002646 92
001387 34
001864 80
000921 26
002780 117
002431 4
000437 59
002218 211
002568 279
000852 167
000673 21
000061 112
002853 74
000265 73
002713 280
001324 13
000457 162
000597 21
002047 281
000983 74
002716 89
000210 282
001767 73
002929 283
000203 137
000348 284
001871 11
001785 13
001085 34
002352 152
001110 130
000702 285
001541 116
001838 190
000635 21
001449 144
000835 274
001674 128
000268 286
001858 244
002494 211
002147 113
002640 4
000810 21
001123 89
001646 99
002861 13
001207 128
002156 26
000982 46
001035 49
002558 64
001771 144
000052 85
000306 152
001647 99
001555 34
001954 34
001038 84
000727 21
000370 146
002648 31
001221 287
002413 8
001363 13
000105 73
001678 99
001286 59
002452 278
001720 80
001728 11
000576 21
001497 288
001996 94
001995 39
002127 99
002375 31
001580 105
001355 34
001685 26
001094 30
001874 152
001158 37
001403 117
001109 4
002987 289
001726 137
001116 9
000436 17
001815 115
001499 41
002353 261
002467 290
002495 291
001036 13
000211 17
000054 80
000780 56
002587 25
000387 292
002422 4
002992 89
000147 215
000499 19
000620 21
000996 29
001795 293
001861 294
000794 29
000510 48
002137 63
001854 123
000168 117
001883 146
001607 99
001866 11
002655 261
001453 28
001759 26
002882 295
000759 21
002114 17
002727 162
002057 190
002952 44
002498 37
000662 34
002561 25
002605 64
002152 32
002686 64
001294 31
000663 21
002523 17
000530 145
001273 30
001946 204
000060 9
000949 296
001648 15
001682 34
000282 34
001184 78
002988 252
002606 64
002244 80
002205 128
001536 105
002176 201
002825 9
002822 80
001327 186
001571 105
002484 39
000854 21
001904 34
001277 29
001284 9
000519 49
001526 141
000806 43
002680 73
002637 29
000711 4
001722 80
000050 48
000644 297
001007 49
000802 8
002133 37
002055 34
001311 70
001791 1
000850 29
000425 59
000417 49
000001 73
001482 206
001410 64
002773 59
001830 105
001270 9
000177 145
002404 68
001565 187
000513 145
000537 64
001287 298
000920 21
001463 92
000362 34
002243 80
001140 46
001655 99
001658 99
000337 15
000767 128
001349 115
000435 299
001863 99
001055 49
001533 56
002660 146
002720 115
002759 25
000408 211
001263 9
002541 136
002872 48
002898 25
001318 13
001330 9
002437 105
000381 9
001553 28
002113 34
002580 115
001956 152
002358 140
000579 73
000479 46
001748 56
002308 257
001783 19
002040 31
000420 32
000626 55
000040 211
001168 85
001481 13
002448 34
001060 28
000081 300
000947 141
000074 113
001126 13
000557 60
002041 21
002795 80
001253 9
001725 29
001632 295
001589 9
001596 17
002291 140
000542 34
001462 301
000508 70
001182 123
002462 4
000489 259
001125 31
002242 80
001542 32
000389 74
000218 55
001018 190
001246 9
002855 115
001629 99
001291 109
000463 141
002518 135
002473 30
000862 257
000527 145
002351 187
001963 9
000284 135
002306 105
001471 302
001087 9
000873 56
000591 68
002382 303
001577 5
000065 304
001083 26
002551 25
001280 265
000605 21
002737 41
000730 8
002006 19
000353 305
000954 40
001401 13
002627 141
002182 15
001922 156
001380 64
002714 92
000035 26
002776 25
001406 306
002240 307
002386 115
000020 115
000623 55
002592 29
002099 136
002355 308
002314 89
001275 9
001784 309
001082 32
000164 310
001703 49
001177 9
002814 80
000199 48
001233 9
002928 252
001516 33
001882 99
000409 146
000143 26
000023 311
000205 70
001213 312
001365 13
001006 313
000642 55
001699 99
002688 74
001344 185
000385 8
000889 30
002729 314
001086 30
000173 26
000532 113
002812 315
001340 13
001106 29
000400 9
002735 25
000641 21
002880 29
000720 21
000391 146
000936 13
002363 30
000139 117
001149 13
000787 29
001586 33
001119 145
002874 257
002845 80
002374 211
002434 89
001374 59
002490 191
000953 29
002638 299
001196 9
002574 85
002436 224
001575 105
002669 29
002754 85
001290 130
000129 26
002425 4
002867 25
001332 9
000161 17
000932 4
001389 61
002888 61
002085 61
001853 26
002335 30
001379 64
000421 48
002405 4
002480 32
000287 9
002432 31
001865 99
001041 222
000133 204
002787 46
001894 316
002565 64
001080 317
002994 318
002111 29
002390 211
000136 32
001214 13
002895 65
002721 31
000212 19
002296 85
002139 37
000275 48
002050 222
000089 32
000751 32
002293 140
000299 265
002950 44
000568 41
001627 46
000262 123
001729 11
002724 145
000316 319
002130 32
000104 46
001615 295
002024 105
001070 9
002584 64
000927 296
002369 99
002454 270
000366 32
002588 33
000529 145
000045 41
000309 286
001506 64
001551 39
000449 211
001375 9
000572 157
001135 117
001204 9
002263 80
001173 9
001319 29
000600 21
002148 30
001960 13
000834 123
000942 320
000063 321
001683 11
000987 303
002134 13
000333 31
002633 140
002264 295
001896 30
002236 113
001167 140
000630 21
001885 152
002539 34
002136 13
002708 308
002272 41
002415 4
000824 21
001223 9
002348 37
000461 253
001859 11
000160 8
000740 56
000008 145
002162 32
000372 140
002696 64
002080 251
000084 26
001873 105
002417 9
002907 61
001507 13
002817 80
000428 15
000290 235
002695 190
001554 322
000240 141
001944 46
001198 28
000770 29
001624 33
000402 78
001664 135
000155 34
000619 21
002571 25
001091 59
000296 141
000431 141
000280 4
002020 41
000582 21
002815 80
002933 104
002331 26
002595 55
002068 261
000719 21
001657 99
000723 21
002920 80
000596 21
000970 34
001600 104
000699 21
000977 13
001104 135
002717 89
001339 11
001817 191
000951 116
001212 9
001429 68
001670 323
000427 145
002908 13
000176 60
000080 63
000594 19
001348 64
001515 105
001546 238
002847 63
002150 30
000492 324
000989 296
001447 34
001975 204
000755 29
000825 21
000495 325
000800 21
001002 157
001626 26
000848 29
002060 264
002074 222
001468 9
001965 123
000888 116
002828 80
001712 11
002859 11
001789 26
002321 39
001079 63
002925 190
001886 104
001371 306
000140 78
002158 30
002285 261
001665 141
000410 286
000013 141
002199 41
000405 8
002740 25
001098 5
001220 146
002967 44
000793 29
002292 140
001842 204
000952 40
001910 71
001210 9
002893 80
000975 19
000475 68
001942 46
000216 48
002824 25
000501 157
002756 263
002064 263
000472 146
001584 247
002732 80
001635 26
000539 113
001979 34
001131 13
002492 13
000991 13
001305 64
002943 135
001009 8
002894 105
000875 40
000497 326
000312 63
000132 55
000252 43
001315 64
001519 41
001048 303
002168 59
000137 32
001752 13
000648 21
000595 21
002559 8
002339 74
000585 21
000811 1
001803 84
002412 89
002090 41
000279 26
000360 49
000030 60
002341 15
002122 176
002463 1
001732 15
001427 9
001264 64
000351 26
001430 64
002119 299
002483 115
002108 313
002098 85
000028 56
001878 99
000148 211
000660 55
002509 135
000022 60
000571 176
002017 39
000047 327
000752 162
000650 70
001887 105
002826 80
000869 21
002842 80
000891 46
001321 328
002356 26
001052 68
002381 39
000828 21
001022 37
002166 76
002598 185
002830 80
001663 329
000034 259
001844 26
001512 8
001417 330
002860 80
002209 49
001058 49
001520 299
000598 32
001011 8
000861 29
001642 99
000010 331
000091 332
001075 308
001985 333
000790 29
000263 211
000712 21
002305 334
002094 332
002864 162
000149 90
002653 41
001244 5
001415 64
002741 211
000079 68
002530 140
002212 162
002652 299
002892 13
000998 299
000036 26
002120 11
001413 306
000235 140
000350 204
000324 140
000003 162
001031 187
002368 335
002959 44
001756 26
002903 73
001477 41
001274 105
000816 29
001049 68
001241 309
001419 60
000939 309
000396 55
000782 21
002011 63
000863 21
001816 26
002430 4
002996 156
000504 34
002475 308
002639 25
000384 296
001750 17
000311 303
001619 49
002241 89
002031 11
001941 60
000905 34
000521 15
002153 308
001778 13
001691 99
001780 11
002350 330
001230 144
000760 21
001812 13
002674 8
001368 13
001734 78
000664 21
002607 33
002916 190
000743 21
002226 80
002808 145
002501 43
001513 288
000027 34
002586 29
001015 336
000967 337
001601 59
001973 1
000683 8
002579 141
000864 21
000992 90
000915 308
002084 43
002521 8
000186 55
001765 78
000923 21
000075 338
002224 80
002810 291
002752 339
000741 21
002334 89
002582 25
001744 41
000820 29
002192 80
001117 19
001710 84
000157 15
000832 21
001359 109
002528 30
000503 297
002611 340
002870 29
002984 44
002045 41
001981 26
002378 5
001057 13
001347 191
002958 25
000356 41
002360 65
002820 130
000724 136
001977 341
000245 9
001299 9
002722 90
000393 290
001747 11
002624 43
000086 157
000747 26
001181 342
002228 80
001316 191
002091 39
001102 5
000913 33
000963 342
000555 43
002347 34
002863 343
002834 92
000107 9
002008 146
000438 187
001801 13
000171 40
002656 76
001986 146
001372 11
002123 152
001677 99
001159 9
001128 105
002058 15
002370 31
002059 26
000827 117
002416 4
000285 55
002712 73
002726 85
002899 344
002591 204
001441 13
002188 286
002319 211
002570 26
002004 39
001251 8
001955 185
002154 49
001257 9
000056 26
000483 345
000044 211
001822 286
001544 9
000321 146
001342 29
002135 28
002971 80
001438 130
000238 55
001798 46
001810 32
001004 116
002803 288
002514 29
002290 61
001200 61
000301 141
000943 299
002265 286
001260 9
002294 26
000464 84
000006 17
000842 43
001869 346
000327 9
002282 84
002576 4
001465 1
000893 28
002062 99
000695 70
000388 26
000604 21
000843 64
000323 41
001868 99
002879 64
002275 80
002531 33
002468 80
002946 85
001281 9
000831 29
001905 288
000456 309
000308 204
002121 32
002051 31
001303 15
000329 9
002977 41
001705 347
001719 4
000480 140
002919 25
002510 18
000118 348
001972 26
001558 116
002734 31
001030 141
000467 32
002440 349
002249 350
002594 105
001970 99
001199 115
001357 351
001902 152
001976 89
000777 204
000569 157
001787 140
002636 18
002277 211
002941 13
001093 191
001258 141
001999 105
000085 211
001666 116
002685 146
000756 21
002144 279
002200 105
000512 70
002902 25
000732 352
002221 80
002320 64
000531 46
002345 13
000766 29
001480 41
002003 49
001362 288
002491 25
000375 70
001634 11
002784 28
001185 9
001715 63
002536 30
002081 60
001794 99
000239 34
000128 117
000355 303
000165 115
001511 9
002875 128
001320 29
002477 29
000473 28
001998 353
002481 105
002043 46
002408 85
002138 61
002411 71
000098 9
001840 354
001024 34
002015 117
002948 44
000450 146
000551 145
002694 25
000277 73
002267 73
000179 30
000434 145
001341 29
002852 13
001592 9
001644 71
001517 157
000742 61
000868 29
001770 56
000484 28
002022 117
002938 355
002324 261
002359 80
000781 29
000549 11
001964 99
002833 80
000783 157
001890 117
001008 65
002394 303
000674 21
002204 34
000687 21
000876 152
000459 145
001990 26
001911 9
001268 13
000753 356
000122 34
000700 21
002811 80
001445 357
001949 358
002233 80
002087 288
000032 177
002155 85
001751 84
002072 261
000070 146
002838 80
002647 63
001120 34
002813 80
001191 9
001532 140
002851 63
001243 359
000266 288
002421 1
001459 330
001913 46
000505 70
002325 74
000340 146
002604 299
002620 99
002234 89
000799 321
000931 41
002540 105
000745 21
000979 64
002424 4
000062 26
001776 99
001603 11
002927 13
002955 152
000142 34
002786 177
001568 34
000194 48
000647 55
002082 136
000361 360
002747 115
000058 55
000359 33
002672 46
001569 41
002117 321
002340 176
002095 34
000924 13
002042 61
000278 117
002201 80
002944 44
002273 80
000382 34
002193 99
001452 49
001391 73
001025 76
002442 25
001953 89
000067 49
001056 13
001740 152
002077 136
002343 116
000114 9
000246 9
001440 306
001023 342
000981 60
000412 55
002262 76
001063 290
000117 361
002890 145
002690 59
000248 90
000666 11
002651 25
000093 362
000115 349
001377 29
002303 74
000119 162
001982 13
002181 11
000163 117
000264 152
002978 80
001314 29
000247 19
002428 176
000776 64
000553 90
001114 64
002474 37
000581 21
000845 21
001461 30
002476 25
000652 21
001171 9
002942 25
002936 44
001369 145
000898 128
002921 63
000677 21
000015 70
000968 60
001107 190
000241 140
001255 29
002322 89
001937 13
000685 43
000169 331
001640 4
001134 92
002420 4
001879 71
001716 30
000272 177
001474 11
001254 9
001548 130
000215 137
002597 64
000345 141
000839 21
001616 144
002196 363
001836 29
000796 18
000413 8
001713 99
000343 65
000948 261
002222 162
001758 104
000378 145
001492 330
000739 364
002542 278
000053 185
000019 145
001310 64
002270 74
002451 4
000999 9
001390 123
000096 70
001500 64
002310 49
002555 29
000180 145
001599 26
000717 365
000185 34
000468 78
000904 29
002702 71
000072 33
002573 29
001899 39
002554 29
002395 84
002516 366
001208 13
002078 367
002866 25
001064 34
001529 157
002206 63
000659 17
002818 80
001839 49
002443 71
001077 68
000455 18
001384 368
002383 211
000403 37
000990 105
001446 4
001473 49
000678 21
001617 99
001252 9
001984 13
000823 29
000964 115
000836 135
001034 90
000175 26
000940 68
000692 21
000335 63
000874 90
002827 34
002056 26
000198 9
000297 26
002832 4
001531 89
001746 343
000123 55
000379 32
002581 89
002211 141
002173 105
002053 136
000916 21
001872 116
002742 369
000612 21
001772 115
002336 370
000957 371
001633 109
001888 105
002993 25
002661 141
000909 56
000507 32
000357 55
001424 9
002873 1
002401 4
001155 34
001723 288
002682 4
000668 21
000887 60
001285 9
000334 65
000154 9
001421 34
002550 25
001841 29
000722 21
000374 123
000313 109
001850 123
001623 26
000043 55
000972 29
002972 44
000523 34
000418 371
000763 21
000658 55
000705 8
000733 21
002499 18
002751 80
000945 89
002217 320
002801 44
002409 31
001807 105
001019 109
001470 63
000908 30
001694 61
000273 37
001494 330
000520 177
000815 152
000819 21
000735 152
001523 13
001639 99
002910 13
001701 78
001122 13
002177 308
001915 99
001884 26
002593 4
000380 34
002252 80
000344 28
002149 32
002145 39
002567 18
001943 320
001804 288
002823 92
002537 372
001262 373
002013 105
001425 39
001595 13
000233 29
000795 31
001707 11
002904 185
001821 157
002563 29
002406 15
002560 25
000113 19
001000 37
002266 116
001583 33
002548 25
002970 31
000226 374
001043 78
001193 49
001450 320
002446 321
001764 116
001667 9
002589 31
002377 9
000849 65
000622 21
002142 320
000214 130
000771 21
000338 117
000804 375
002261 30
001183 288
001169 9
000037 342
000106 74
000363 26
000851 204
001741 286
002414 31
000857 64
001466 1
000566 11
000250 157
002525 37
001475 376
002503 9
000318 48
001201 9
001108 15
002279 30
000653 31
000071 162
001668 76
002659 33
001175 9
001089 9
002957 145
000411 152
002883 145
002387 76
001026 130
002092 123
000540 46
000602 21
001333 13
002843 80
001435 4
002220 112
002466 105
002762 115
000838 21
002736 28
001628 105
000807 73
000883 29
001485 9
000638 48
000424 21
000728 56
001997 9
000377 286
000525 90
002487 377
002524 378
000151 379
001581 141
001950 288
001775 29
000627 21
002850 375
001846 99
000144 117
000718 104
002575 105
002632 288
000567 308
001881 380
002489 25
001156 130
002223 99
001432 145
002760 92
002172 76
002187 71
000880 21
001076 381
000625 21
002935 13
002976 319
001367 145
002231 80
000618 21
001325 60
001983 162
000691 21
002835 85
002289 26
001690 176
001351 65
002844 141
002507 11
002730 74
001831 11
001687 99
001693 99
000466 382
001188 29
001192 105
000146 288
002255 90
000325 90
002706 141
001763 18
000707 8
000715 185
001835 40
002884 104
001112 342
002128 85
000902 34
000688 21
002215 185
001631 17
002278 34
002500 15
001940 46
001825 71
000101 343
000291 338
002493 288
000879 21
001456 330
000392 34
000087 32
002284 211
002715 25
001276 9
001524 13
000476 146
001695 99
001296 9
002093 28
001138 59
002073 162
001236 374
000833 21
000592 55
002979 13
001621 145
001636 11
000110 9
001161 9
000223 55
001053 32
001312 109
002771 28
002104 383
002981 25
000254 105
001073 59
001620 384
001493 9
002691 4
000546 34
002526 18
000950 49
001572 9
000844 17
000064 60
000414 74
002433 74
000885 116
000452 137
001259 116
000657 55
001880 13
001582 46
001487 29
001486 40
001328 33
002418 13
002738 28
002268 211
000078 85
002070 152
002809 18
000870 185
002469 25
002248 26
000451 61
001020 34
001561 59
001980 13
000697 342
001742 13
000812 64
002973 44
000911 21
001522 33
001050 385
000506 371
000406 31
002366 342
000184 90
001877 70
001718 99
000610 21
002675 89
002034 19
002534 330
002327 211
001969 146
002679 25
000021 26
002219 89
001426 13
001591 116
002225 80
000328 39
002755 145
002519 18
001875 9
002538 145
002975 44
000267 31
001891 99
002664 211
001757 11
002179 386
000866 21
002945 44
002886 152
000490 145
000607 34
002465 141
001739 99
000153 115
000890 336
002939 190
002328 73
000270 109
000097 286
002259 71
002618 9
000965 9
001800 1
000872 387
001573 59
000533 388
001068 117
001100 5
002761 105
002126 130
002312 89
000716 15
002198 9
002949 44
001539 105
002954 44
000470 185
000565 32
001799 46
000462 34
001278 286
001796 380
001870 37
001394 9
001346 338
000696 21
001176 68
001753 11
000929 29
001215 41
002635 26
001373 29
000244 8
002800 152
001680 99
001313 13
000649 191
002644 18
000314 389
000156 15
001304 9
001151 9
001802 99
001047 70
001641 11
001307 390
001928 17
001496 140
000026 105
002245 29
000016 145
001322 13
000884 15
002670 211
001361 49
001845 117
001613 105
000498 8
002841 105
000516 157
002968 46
001479 13
001412 320
001096 5
000543 11
002505 391
000634 21
000432 333
002676 288
000729 21
001289 13
002258 80
000317 28
001921 1
002562 41
001338 64
002878 92
000320 34
001032 49
002026 32
002190 392
001111 34
001889 31
001528 59
000754 130
002629 28
000563 26
002447 177
000669 21
000253 40
002956 44
002517 393
002963 44
000358 68
001279 13
001301 152
001203 4
002557 41
002798 286
000130 113
000145 34
000961 74
002896 92
002764 49
000906 21
001097 5
000236 9
001062 18
