0 1.8976075649261475
001284 1 
000251 2 
002154 3 
002787 4 
000633 5 
000071 6 
000022 7 
000415 8 
000587 9 
000604 7 
002172 10 
002800 11 
002664 1 
001733 12 
002050 13 
001728 14 
001637 15 
002287 16 
001493 17 
002617 18 
002702 19 
002406 20 
001229 21 
001008 22 
000165 23 
002088 15 
002930 7 
000904 24 
000655 12 
002361 16 
000203 4 
002160 7 
002398 8 
002925 25 
001918 26 
000911 27 
002231 10 
000550 21 
002370 4 
000696 7 
001042 28 
002439 29 
000895 30 
001958 31 
002506 32 
002625 20 
001983 4 
000031 33 
000881 9 
000545 8 
001327 22 
001850 22 
002319 34 
001573 24 
002431 7 
000313 29 
002699 35 
001440 36 
000446 37 
000892 38 
000923 19 
000533 39 
000088 20 
002891 16 
001923 40 
000058 38 
002612 31 
002135 41 
000896 42 
001106 43 
000764 44 
001978 6 
001375 20 
002041 45 
002219 46 
001784 26 
000155 19 
002166 47 
000806 29 
002020 48 
002392 48 
002964 10 
000247 21 
000348 29 
002754 49 
001195 47 
000530 50 
002043 41 
001112 21 
002956 1 
001686 12 
002932 51 
001777 34 
001036 30 
002193 43 
000686 52 
000803 6 
000070 41 
001254 44 
002656 14 
001734 13 
002627 44 
002606 24 
002203 53 
001702 8 
001391 54 
001507 47 
000934 4 
002942 4 
001395 55 
001037 43 
002638 50 
001550 12 
001623 3 
001172 50 
000372 57 
002679 4 
000440 58 
000333 28 
002031 10 
002239 59 
001219 60 
001362 61 
000378 41 
002870 52 
001418 3 
000903 62 
001722 63 
002826 55 
002586 17 
002110 64 
002107 61 
000559 48 
000967 6 
001869 41 
001700 8 
001043 58 
001523 19 
002234 52 
002532 12 
000825 66 
002715 58 
002127 7 
000176 67 
002615 26 
000411 68 
001071 5 
000210 59 
000399 16 
000237 41 
002500 50 
000227 31 
000618 69 
001861 13 
000004 2 
002779 27 
001731 41 
001494 30 
001631 70 
002998 71 
002731 72 
001238 59 
001587 12 
001999 73 
002823 20 
001815 12 
002993 74 
000026 64 
002747 76 
002015 77 
001997 31 
001288 13 
000161 25 
000838 28 
000935 15 
001056 78 
002526 45 
002313 40 
001941 53 
001401 42 
001090 60 
001893 69 
000959 73 
002705 59 
000270 23 
002673 6 
001577 74 
000023 10 
001651 66 
001837 72 
002839 64 
000211 35 
001509 24 
001142 59 
002557 47 
000473 28 
001012 41 
001274 79 
000329 42 
000323 24 
002278 6 
002764 10 
001953 79 
000073 44 
001412 68 
000470 8 
002343 80 
001293 11 
001835 11 
000839 74 
001917 52 
001854 27 
000274 33 
000007 81 
002602 53 
002039 44 
002858 40 
001208 41 
002033 59 
000001 48 
001033 74 
000318 64 
000829 59 
002423 29 
002282 41 
002260 83 
001536 8 
002805 85 
002293 30 
002655 72 
001066 86 
001342 42 
001657 87 
000444 19 
002539 6 
002126 38 
002856 3 
001931 88 
001618 5 
002692 13 
002776 52 
002851 26 
002760 38 
001701 71 
000405 48 
002817 52 
001413 71 
000564 40 
001799 50 
000752 4 
001991 54 
001723 36 
001533 16 
002959 44 
001223 21 
000121 8 
001818 80 
002984 23 
000410 37 
001424 72 
001905 22 
000209 83 
002367 24 
001895 7 
000127 26 
001171 68 
002036 58 
000472 89 
001502 14 
001755 10 
001053 52 
001218 24 
002003 90 
002311 48 
001234 50 
000786 17 
000125 12 
000217 74 
002366 52 
000167 59 
000482 24 
000229 28 
002468 13 
000347 4 
000899 80 
002595 48 
000335 29 
001598 34 
001610 36 
000661 64 
000351 80 
000319 4 
001460 74 
000627 22 
001353 28 
000087 14 
001825 90 
000390 88 
000558 5 
001495 2 
000393 29 
000460 45 
002970 9 
001323 20 
002774 50 
000731 15 
000629 88 
000500 19 
002894 28 
002196 91 
002222 24 
000124 4 
001120 24 
000824 19 
001875 16 
000389 12 
002383 80 
001870 12 
002986 3 
002910 70 
001740 67 
000900 37 
000598 24 
000631 22 
002212 79 
002918 92 
002396 64 
001350 48 
002448 31 
001476 93 
001911 94 
001912 55 
001714 95 
000563 29 
000593 14 
001860 51 
000371 87 
001612 87 
002099 1 
002660 19 
001877 58 
000066 41 
002997 4 
000637 4 
001948 80 
000912 24 
002553 60 
000006 58 
000720 96 
002859 5 
000404 1 
000112 47 
001454 41 
001894 40 
002597 42 
001245 91 
001168 27 
000042 72 
001797 24 
002306 87 
000302 58 
001108 88 
000423 49 
002832 11 
002820 50 
001575 61 
002163 96 
001441 95 
000212 40 
002574 20 
000158 70 
000157 81 
001990 67 
000605 8 
001123 71 
002603 87 
000933 79 
000104 29 
000871 71 
001094 18 
000455 7 
000241 94 
002599 1 
001184 17 
000891 64 
000141 19 
000653 98 
000698 31 
002480 5 
001664 81 
002021 79 
002739 8 
002257 17 
000769 4 
002326 19 
001481 34 
002834 38 
000719 40 
002441 86 
000340 99 
000878 4 
002102 40 
002117 44 
000195 4 
001553 74 
001696 4 
000809 72 
001232 33 
001751 25 
001708 19 
001836 21 
001736 11 
002388 29 
002018 4 
001041 54 
000035 53 
002735 73 
001524 79 
000271 100 
002089 19 
002195 44 
001445 101 
000193 24 
001647 80 
001265 4 
001345 66 
002534 80 
000331 8 
002513 92 
001883 22 
002862 43 
001048 40 
001434 37 
002385 4 
000326 58 
002630 8 
002065 28 
002403 11 
002713 40 
000438 4 
001282 46 
000541 64 
000132 69 
001052 10 
002804 102 
001903 24 
001211 74 
001928 29 
002341 6 
000884 25 
002730 37 
000060 67 
000363 87 
002825 28 
002605 51 
002880 103 
002681 68 
002752 72 
002434 8 
001200 76 
002585 5 
000552 15 
000980 4 
000670 29 
000978 3 
000184 45 
002704 4 
000294 64 
001962 37 
000537 85 
001661 34 
002507 104 
001361 15 
002892 72 
002476 4 
002689 55 
002662 37 
001060 105 
001417 12 
000304 66 
001169 24 
002499 30 
001833 29 
001272 43 
001562 64 
002288 96 
001126 99 
000392 27 
000842 17 
002720 35 
001157 10 
000039 40 
000943 19 
000362 91 
000357 7 
000092 31 
001110 24 
002626 50 
002286 60 
000074 11 
000230 11 
001746 41 
001512 95 
000459 42 
001496 11 
001009 13 
002355 50 
000083 25 
001280 92 
001829 19 
000273 59 
002177 19 
001089 41 
000693 74 
002651 13 
000913 4 
000447 88 
002616 50 
002238 3 
001049 4 
002489 72 
001564 34 
000603 72 
002017 40 
001463 31 
000730 55 
001491 24 
001742 43 
002247 28 
002229 30 
002967 4 
002822 4 
000853 24 
000449 10 
000213 4 
000893 72 
002280 40 
001488 61 
000585 50 
001547 51 
000725 2 
001846 15 
002726 79 
000857 19 
002957 100 
002846 7 
001545 104 
001517 37 
000441 73 
002297 45 
002636 13 
001133 12 
001839 4 
002634 2 
000408 47 
002740 72 
000889 63 
001244 15 
001383 6 
002295 20 
002245 6 
000973 63 
001753 11 
002444 30 
000286 16 
001366 52 
000662 67 
001116 90 
002931 40 
001819 29 
000750 11 
002360 26 
001204 105 
002806 52 
000350 8 
002687 19 
000915 59 
001851 16 
002194 29 
001489 48 
001289 41 
001369 29 
002818 15 
001785 27 
001886 1 
002503 64 
001866 52 
002073 12 
001304 43 
001832 58 
000320 102 
000516 47 
001786 29 
000511 72 
000801 13 
001889 92 
002429 6 
002106 44 
002113 4 
001128 10 
002038 48 
001688 69 
001765 7 
000356 80 
001083 74 
000051 14 
002052 94 
002426 58 
000063 45 
001707 48 
000939 41 
001916 32 
002318 80 
002901 6 
002915 11 
001585 73 
000616 61 
002773 19 
001156 28 
000413 88 
001359 74 
001938 67 
000962 11 
002483 25 
001845 12 
000591 14 
002729 8 
001660 80 
000084 66 
000742 13 
001798 11 
001407 31 
001635 15 
002150 106 
001580 43 
000401 4 
001205 14 
002243 31 
000614 34 
002246 50 
001235 26 
001166 24 
001201 87 
001949 23 
000246 23 
000223 12 
000612 6 
002394 20 
000375 51 
002010 29 
001137 51 
001260 64 
001315 52 
001546 92 
001261 104 
001405 90 
001387 38 
002206 43 
002830 19 
001433 68 
002941 19 
001028 90 
001404 1 
000968 24 
002946 107 
001131 72 
002365 7 
000782 1 
000823 6 
000606 59 
000491 105 
000290 28 
000465 10 
001436 12 
000567 26 
002598 4 
000694 15 
001741 108 
002837 72 
002669 3 
001329 45 
002527 5 
002963 33 
001697 79 
001670 64 
002498 80 
001676 25 
002129 4 
000909 99 
000851 8 
001946 7 
001548 107 
001027 3 
001044 67 
002165 67 
002641 51 
000555 87 
001924 108 
000638 45 
001348 28 
000815 4 
002422 109 
001062 23 
002035 30 
002719 10 
000916 11 
001121 41 
001511 24 
002440 4 
002055 88 
002076 24 
002809 9 
001853 8 
000082 67 
002104 50 
001644 91 
000650 88 
001792 8 
000494 6 
001543 25 
001943 92 
000107 74 
002835 4 
002494 89 
001456 92 
002686 14 
001560 74 
001730 36 
002517 90 
002953 71 
002122 98 
001370 26 
001015 8 
002905 71 
002216 4 
000169 55 
001602 100 
000059 24 
000464 11 
000257 108 
001687 15 
000342 12 
001070 79 
001045 18 
001653 8 
002461 19 
000291 68 
001955 53 
001098 80 
001672 38 
001010 72 
000992 4 
001093 4 
000589 27 
000029 94 
002909 19 
002333 15 
000601 12 
002074 18 
001478 43 
002095 72 
001622 43 
002501 24 
000582 20 
000394 58 
000710 19 
001114 3 
000766 4 
002582 66 
000632 89 
002386 48 
000689 37 
001001 4 
002100 72 
001100 80 
000379 50 
002690 92 
000998 29 
000113 63 
001236 51 
001158 11 
002425 68 
002022 45 
000301 3 
001504 47 
002197 43 
002181 24 
001438 72 
001749 110 
002871 76 
002763 77 
000868 73 
001032 8 
002145 10 
001421 35 
001611 91 
002470 4 
000457 67 
002124 73 
001640 13 
002814 11 
002680 104 
001029 111 
000574 8 
000877 8 
000672 12 
000216 24 
000129 43 
001867 50 
000028 12 
000529 47 
000196 48 
002668 21 
000793 48 
000981 59 
002899 19 
000974 85 
001711 4 
001516 24 
002316 50 
000569 79 
001831 6 
001505 74 
001972 24 
000109 40 
001182 4 
000738 29 
002945 100 
001183 4 
002133 30 
000222 74 
001312 26 
001399 28 
000854 92 
000205 26 
000461 23 
000821 44 
000489 32 
002469 41 
000180 19 
001993 15 
002968 50 
002515 33 
002742 53 
000483 13 
000902 24 
002633 72 
000150 3 
001178 29 
001569 47 
001501 29 
000487 14 
000641 19 
000299 26 
000751 106 
001994 55 
002202 80 
000374 77 
002000 12 
002005 19 
001666 85 
000508 19 
000765 74 
000426 108 
002694 112 
002666 25 
002570 87 
001756 7 
000687 40 
002536 24 
002572 51 
002778 28 
000886 4 
000032 48 
001228 113 
001349 26 
001393 104 
002950 42 
002518 24 
001301 17 
000265 89 
000240 55 
001403 59 
001175 52 
000185 11 
001193 58 
001744 72 
002332 4 
001544 51 
002928 91 
000578 6 
002192 32 
000425 4 
000846 29 
002544 81 
001047 12 
000288 18 
001318 27 
002312 33 
000199 114 
001278 20 
001084 50 
002590 24 
002952 29 
001103 18 
000701 29 
001684 74 
000534 108 
000479 71 
002843 104 
001202 64 
000941 4 
001758 58 
002879 13 
001170 28 
001827 40 
001704 85 
001636 24 
000917 48 
002948 13 
001605 64 
001820 51 
000592 14 
002716 6 
000098 29 
000358 105 
001992 80 
001124 50 
002768 114 
002807 11 
001748 52 
002130 34 
000062 115 
002188 7 
002136 61 
001712 4 
002325 74 
001039 64 
002377 96 
002667 34 
002594 4 
001709 105 
001757 14 
001038 105 
001490 39 
002707 93 
002419 4 
002762 48 
001338 114 
002372 43 
000233 9 
000681 41 
001213 58 
002236 74 
000312 81 
001655 10 
002492 107 
002881 104 
002794 5 
002589 67 
000512 24 
002917 20 
000518 68 
002723 3 
000647 80 
000380 29 
000690 19 
000198 68 
001021 27 
002810 92 
002404 87 
000726 50 
002545 99 
000264 116 
001600 21 
000664 85 
002861 105 
002886 18 
002368 2 
002614 24 
000950 59 
001344 64 
001189 27 
000514 7 
001500 4 
001313 25 
002577 38 
000017 43 
002211 61 
001624 23 
001913 79 
000918 10 
002845 115 
001639 4 
000714 27 
002019 43 
001822 24 
001675 34 
001782 11 
002876 77 
001406 24 
001678 87 
002187 26 
002427 61 
000908 80 
000929 30 
001073 79 
000572 26 
002002 74 
000407 38 
000171 108 
002363 1 
002537 4 
002012 74 
002639 9 
002473 12 
000442 11 
000982 6 
001599 62 
001503 29 
001781 22 
002320 37 
000282 4 
001656 102 
000101 11 
002712 21 
001973 52 
002765 8 
000409 63 
002153 41 
000403 24 
000994 50 
001880 4 
000044 36 
002954 19 
000140 92 
001649 25 
000249 24 
002604 29 
002391 8 
002371 4 
002994 24 
002240 68 
001603 13 
000771 14 
000562 80 
001410 22 
001724 50 
001876 72 
000519 58 
000012 79 
002863 73 
001058 117 
001457 61 
000041 69 
000284 87 
001188 20 
000709 29 
001371 90 
001118 10 
000760 1 
001530 34 
000206 92 
002230 18 
002263 118 
002688 30 
000027 18 
001589 24 
000816 59 
000086 10 
002463 59 
001508 79 
002299 13 
001294 44 
000080 59 
000876 3 
000148 29 
002259 3 
001929 69 
001477 10 
000528 16 
002635 32 
001458 92 
001773 1 
000566 4 
001214 80 
001088 20 
000311 89 
002227 33 
000382 4 
002961 48 
002875 15 
002405 80 
001302 89 
000597 101 
001086 18 
000493 105 
000579 43 
001162 101 
001778 72 
002495 8 
002543 103 
002183 41 
002152 59 
002558 72 
002663 24 
001607 2 
002097 93 
002471 37 
002508 107 
001425 1 
001803 74 
002191 20 
001209 80 
002848 12 
002487 98 
002186 29 
000921 88 
001298 115 
001968 92 
001532 4 
001694 43 
001207 62 
000434 50 
002446 17 
002484 11 
002291 10 
001671 19 
000983 19 
002576 40 
001061 48 
001729 44 
001904 98 
001225 80 
002645 99 
000207 115 
002262 110 
001770 21 
000749 91 
002091 103 
000949 79 
000928 69 
001568 43 
001594 103 
002618 43 
001800 24 
000021 74 
000869 6 
002714 35 
000122 20 
000635 77 
000200 30 
002643 12 
000704 4 
001681 25 
001673 81 
000745 6 
001574 8 
000037 74 
000305 51 
001050 92 
000522 105 
000019 115 
000665 11 
001380 15 
001590 89 
001332 24 
000047 110 
001164 77 
001146 74 
002013 60 
002672 44 
002642 41 
000486 15 
002342 96 
002315 79 
002900 41 
002436 37 
000523 24 
002709 50 
001095 13 
002200 26 
002923 58 
002032 60 
002897 62 
001199 24 
002132 35 
002504 24 
001198 52 
001947 19 
002782 44 
002382 104 
002784 55 
001848 72 
000505 98 
002030 30 
002237 4 
001224 88 
002644 81 
000543 18 
002732 72 
002867 74 
000538 72 
002086 55 
002579 71 
001556 72 
000753 12 
000244 69 
002250 52 
002540 4 
002161 50 
002120 81 
001960 92 
002884 92 
001669 1 
000289 14 
000894 21 
002916 89 
002045 11 
000003 3 
002083 29 
000568 2 
001068 119 
000400 48 
000181 11 
000147 71 
000630 15 
000761 7 
000402 24 
000414 96 
001105 3 
000860 4 
000607 48 
000173 19 
000668 4 
002054 24 
000228 72 
002119 100 
000476 87 
001513 26 
000488 98 
002028 12 
000643 60 
000576 80 
002793 20 
001970 23 
002940 72 
001005 51 
000204 34 
000412 67 
000259 100 
002803 100 
001626 104 
000792 101 
000531 36 
002607 88 
002514 6 
002430 92 
001801 55 
002524 64 
000966 9 
002340 12 
000834 18 
002960 1 
001586 91 
000551 51 
002279 111 
001578 29 
001337 79 
002693 34 
002460 42 
000804 3 
001727 6 
001987 69 
002115 54 
000388 51 
001932 4 
001396 25 
001390 90 
002696 31 
002827 73 
002384 42 
002140 64 
002433 40 
002677 50 
002285 31 
002408 20 
001352 19 
001368 24 
000703 100 
001297 5 
000780 24 
000676 34 
000422 34 
002255 13 
002467 72 
002632 15 
002014 2 
000611 94 
000038 14 
000475 80 
002684 71 
002151 43 
001465 59 
001921 115 
001885 5 
000634 10 
000145 40 
002718 114 
002850 11 
002401 111 
001844 96 
000383 29 
001074 55 
002989 69 
002992 59 
001140 53 
001809 19 
002414 11 
002592 61 
001151 1 
000770 58 
000298 50 
002588 95 
001259 12 
001442 47 
001134 4 
000005 50 
002972 52 
001840 72 
001180 26 
001143 90 
000102 74 
002047 26 
001092 92 
000610 76 
001461 16 
001310 74 
001155 29 
000732 8 
001374 87 
000735 12 
002011 8 
000468 26 
001381 8 
001016 74 
001628 73 
001080 20 
001735 14 
001111 26 
002077 80 
002199 8 
002802 37 
000671 85 
002511 38 
001222 24 
001606 7 
001959 10 
001780 4 
000757 92 
000702 32 
000285 66 
000116 50 
002549 4 
002796 93 
002700 19 
002380 115 
001497 30 
000266 40 
001910 50 
000194 20 
002317 100 
002442 90 
000783 39 
001127 48 
002300 24 
000734 16 
002977 64 
000712 4 
000947 72 
002044 29 
000812 17 
000628 67 
002828 110 
002379 37 
000123 59 
002458 4 
002252 4 
002218 34 
002628 11 
001411 102 
001645 63 
001621 24 
001957 54 
000106 51 
000182 74 
002009 24 
000875 68 
001256 48 
002738 28 
001283 4 
001378 120 
000867 6 
001549 7 
002849 4 
002336 31 
000907 71 
001415 72 
000680 83 
002491 30 
001154 10 
000960 73 
002710 40 
002745 40 
002609 50 
002182 92 
002852 100 
000964 24 
002265 14 
000272 4 
000100 99 
000170 114 
001692 9 
002331 48 
001054 35 
001328 2 
000669 104 
000510 53 
002349 72 
000248 24 
000746 48 
000700 88 
000428 43 
001814 1 
000154 90 
002114 94 
002004 20 
000011 111 
002991 19 
000826 64 
001364 62 
000808 59 
000977 49 
001775 110 
000341 95 
002920 4 
000830 38 
002142 89 
002094 114 
002411 7 
000963 105 
001258 89 
000844 33 
002424 24 
000421 19 
000499 72 
000417 24 
000621 50 
002174 22 
001808 16 
000361 10 
001014 53 
002008 60 
001522 33 
002410 20 
002345 121 
000469 59 
001539 53 
000138 16 
002551 11 
001466 24 
002271 35 
000841 90 
001699 79 
001075 8 
001541 28 
000692 50 
002346 47 
001291 108 
001492 58 
000225 51 
002659 55 
002376 20 
002975 92 
001459 103 
000996 99 
002759 67 
001891 122 
001658 72 
002053 101 
000081 64 
001176 29 
000034 29 
001356 21 
001064 8 
001241 59 
002264 34 
001616 19 
001000 59 
001864 24 
001971 7 
000805 90 
000135 107 
000325 31 
002621 4 
000880 52 
000914 79 
001113 79 
002583 10 
001408 52 
002792 13 
001453 4 
002847 29 
002190 85 
001648 4 
002416 49 
001346 8 
000864 24 
000024 40 
000149 59 
001646 104 
001892 3 
002969 105 
001416 99 
002170 20 
000931 18 
002146 8 
000280 102 
002833 52 
000077 89 
001358 46 
002646 58 
002555 52 
002640 72 
002108 19 
002103 4 
001732 29 
002321 102 
000547 70 
002063 11 
000501 80 
002587 3 
002096 13 
000506 19 
002750 103 
002281 43 
002270 8 
002435 1 
001737 43 
000958 32 
002400 87 
000166 43 
001450 3 
000202 59 
001796 122 
000239 64 
001051 38 
000986 93 
000553 24 
002217 8 
002454 21 
002159 19 
001979 13 
000990 123 
002907 60 
001196 2 
001281 12 
001400 61 
000624 17 
000049 80 
001788 19 
002464 34 
002983 90 
002829 115 
002703 12 
002573 22 
000115 64 
001768 31 
001379 10 
000791 52 
002874 23 
001935 72 
000897 31 
001097 70 
002328 28 
001194 70 
000221 44 
000515 19 
000151 47 
001432 74 
000716 36 
001484 69 
002815 12 
001129 41 
001967 74 
001779 10 
001096 13 
000954 79 
000863 43 
001747 3 
002860 8 
002387 124 
001898 104 
000189 87 
001738 4 
000924 10 
001776 23 
002903 39 
002213 10 
002727 14 
001055 125 
002701 39 
002831 107 
001956 18 
000269 81 
000309 77 
002164 19 
001942 37 
002751 13 
001243 25 
001925 24 
002116 126 
001091 80 
000822 13 
002913 23 
000108 40 
002350 51 
002955 31 
001414 69 
001257 19 
002292 11 
001365 14 
002761 24 
000458 43 
001276 24 
000759 27 
000707 14 
002743 111 
001295 87 
000093 74 
000817 29 
002872 20 
000856 127 
000870 4 
001026 19 
000143 128 
002066 8 
001483 8 
001474 87 
000163 4 
002344 77 
000862 4 
002407 122 
000617 71 
001674 7 
001428 15 
002134 10 
001451 19 
001945 114 
001810 35 
000571 23 
000711 24 
002248 29 
000932 29 
000328 100 
002926 77 
000580 13 
001402 38 
001579 49 
000858 85 
001534 44 
000926 80 
002728 47 
001002 64 
000952 87 
002554 76 
000245 28 
000322 31 
000788 13 
000855 29 
001807 63 
002824 4 
001132 29 
001452 19 
002081 4 
002415 29 
002842 69 
001125 34 
000882 40 
002882 129 
001212 7 
001632 43 
001817 4 
001031 88 
002472 53 
000885 14 
001319 77 
002873 44 
000520 74 
000057 67 
001152 38 
000845 90 
002505 21 
001914 67 
000772 19 
000256 48 
001354 47 
000236 77 
002571 64 
001841 79 
002665 72 
000344 29 
000339 26 
000697 10 
000991 2 
001429 52 
002329 30 
002148 64 
000316 29 
001976 68 
001145 4 
001326 74 
000208 64 
001443 25 
002902 64 
001067 43 
000594 19 
001652 2 
000657 40 
001382 31 
001035 8 
001554 59 
002973 130 
002373 93 
002001 59 
002118 55 
000906 74 
000797 26 
001944 10 
000179 15 
001007 90 
000536 25 
001444 4 
000609 24 
001791 8 
000002 1 
000336 45 
002352 50 
002046 85 
001641 19 
001772 3 
001423 21 
001197 101 
000649 29 
000560 30 
002497 99 
001003 13 
001920 108 
000188 29 
002836 122 
000232 53 
001311 33 
002438 19 
001613 100 
000775 29 
001273 24 
000800 7 
002215 41 
002337 29 
001625 115 
000756 38 
001717 76 
002176 21 
001250 68 
000615 12 
002189 80 
002671 40 
002251 100 
001902 92 
000387 112 
000187 1 
001834 24 
002854 10 
001339 85 
001514 73 
002877 37 
000262 128 
001680 19 
000905 80 
002254 64 
000253 29 
002253 19 
001659 59 
000679 12 
000075 19 
000599 80 
001726 12 
000317 15 
000938 77 
001469 20 
001455 31 
001148 48 
001980 50 
001307 58 
002048 50 
002080 7 
002037 72 
002978 59 
002173 22 
000636 19 
001117 96 
001268 8 
001286 38 
001473 8 
002658 108 
002034 4 
001210 24 
002528 54 
000744 11 
002623 19 
000287 17 
000956 10 
000153 10 
002995 61 
002168 24 
000762 31 
000478 41 
000985 4 
002056 92 
001812 98 
000263 6 
001082 20 
000430 23 
000250 19 
002958 34 
002801 10 
000020 52 
002510 10 
002786 122 
000659 25 
002965 123 
002040 110 
000807 34 
001510 100 
002301 58 
000922 27 
000819 74 
002652 24 
000343 71 
000354 64 
000521 51 
002866 80 
000016 103 
003000 91 
000843 105 
000565 8 
002175 74 
002982 8 
000052 77 
002381 87 
002068 24 
002819 7 
002697 5 
001595 87 
001906 29 
000395 74 
002087 12 
000832 98 
000448 8 
001324 5 
000972 19 
002201 85 
002521 36 
001856 10 
000043 18 
002777 11 
001388 60 
002736 64 
001384 37 
001377 44 
002520 110 
000431 88 
000076 120 
001252 100 
000639 74 
002420 41 
001922 73 
000156 40 
001873 31 
001177 43 
000353 43 
002581 87 
002698 47 
001372 102 
001868 68 
002542 19 
000695 115 
002981 30 
000814 87 
001498 38 
002277 54 
001794 47 
000120 13 
002650 69 
001939 24 
000159 33 
000747 114 
000190 51 
002339 115 
002298 30 
000957 24 
000852 25 
002338 61 
002734 74 
002565 115 
002121 80 
001226 11 
002314 79 
002566 69 
001843 25 
002158 64 
001915 58 
000065 103 
000850 131 
002180 52 
002893 100 
001802 29 
002207 77 
000741 6 
002753 1 
000524 41 
000955 3 
002675 38 
002224 44 
001617 29 
001215 83 
002450 1 
002139 18 
001419 50 
001385 31 
002242 81 
000887 24 
001331 29 
000840 91 
001239 66 
001821 99 
002885 34 
000588 112 
000064 40 
000297 34 
002235 48 
002939 2 
001099 11 
002721 30 
001122 6 
001308 81 
000678 112 
001022 44 
001321 95 
002798 115 
002691 61 
000451 6 
000811 48 
002268 61 
002156 104 
000443 4 
001555 19 
000164 10 
001563 32 
002308 12 
001771 132 
002591 87 
001422 64 
002208 93 
001761 8 
002412 4 
001220 2 
002409 67 
001072 68 
002445 28 
000133 99 
001572 12 
002799 40 
001609 43 
001355 4 
000144 11 
001163 11 
002223 80 
002840 72 
000303 59 
002601 105 
002812 74 
000381 3 
002481 31 
000802 54 
000315 19 
002811 92 
000360 34 
001537 52 
000255 29 
002079 36 
000847 52 
000721 108 
001279 27 
000920 48 
002564 64 
000613 8 
001018 133 
002209 13 
001638 27 
001691 19 
001754 42 
000688 87 
000008 60 
000584 7 
001878 37 
000117 67 
002304 20 
001334 26 
002795 29 
000979 126 
001571 94 
000961 134 
001263 2 
000872 104 
000079 13 
001764 72 
002575 23 
001389 90 
001141 41 
000324 4 
001683 74 
001464 7 
000549 71 
000925 48 
000174 15 
000548 4 
000736 19 
001583 29 
002951 98 
000437 80 
002767 8 
002541 78 
001690 4 
002138 8 
002889 8 
001248 63 
000238 55 
002756 35 
000748 103 
000096 44 
002522 7 
000046 72 
000728 8 
002725 29 
002007 74 
002919 107 
000898 47 
000953 25 
000818 105 
000191 100 
001752 21 
001019 67 
001705 25 
001940 105 
002273 27 
001437 4 
000763 41 
000503 15 
002455 7 
000586 67 
002757 70 
002682 24 
000424 74 
002058 60 
002934 73 
002171 48 
002649 30 
002353 87 
001267 29 
002908 135 
002006 72 
002769 62 
001475 8 
001871 13 
000540 77 
001285 6 
000946 34 
000575 4 
000119 110 
000787 104 
001227 34 
002789 50 
000110 78 
002477 10 
000784 120 
001952 12 
002578 136 
002717 37 
001119 13 
002258 72 
000215 17 
000779 40 
001551 74 
000310 72 
001161 4 
002533 21 
000219 48 
000429 77 
002622 37 
000713 61 
002141 42 
002284 9 
000009 29 
002906 8 
001662 54 
001221 17 
002179 8 
000596 14 
002857 38 
001472 74 
002296 111 
002226 19 
000517 11 
001588 49 
002016 137 
002449 31 
001663 74 
001874 24 
001217 90 
001806 61 
001333 29 
000675 108 
000820 61 
000432 41 
002746 8 
001069 50 
001774 51 
000314 2 
002303 92 
002737 52 
000061 73 
001963 4 
000683 72 
001908 92 
002766 87 
001153 52 
000890 19 
000945 26 
002057 68 
001336 61 
001862 90 
000645 83 
001887 102 
000527 49 
000507 69 
001231 90 
002927 73 
000717 19 
002024 62 
001842 60 
001017 59 
001969 16 
000055 80 
000050 12 
000767 14 
002475 45 
002157 52 
000810 28 
002071 123 
000377 48 
000737 54 
002580 8 
000595 24 
000349 51 
000094 50 
001249 12 
002788 18 
002883 41 
002567 81 
002375 34 
002509 51 
001682 74 
002962 74 
000136 95 
002465 100 
000936 7 
001715 62 
002988 50 
000778 34 
001135 14 
001679 52 
001665 30 
000708 116 
000561 7 
000654 23 
001271 52 
002808 11 
000418 48 
001879 24 
000987 20 
002538 12 
000131 20 
000848 9 
001150 74 
000025 99 
001805 57 
001890 71 
001528 3 
002204 1 
002276 81 
001023 105 
000873 41 
001567 11 
000226 19 
002023 23 
001470 31 
001462 12 
001057 29 
002432 92 
002670 120 
002228 8 
000948 20 
001909 81 
002059 79 
000355 72 
000068 32 
001698 24 
000722 79 
000146 92 
000416 28 
001531 52 
002949 12 
000172 31 
000727 4 
001896 8 
000056 47 
000139 89 
002244 52 
000450 48 
001998 48 
000989 21 
000970 31 
000137 30 
001897 72 
000175 116 
001966 38 
000386 51 
001725 71 
002741 15 
000445 16 
001102 8 
002781 15 
001828 50 
002922 24 
001884 8 
001290 12 
001582 126 
000090 50 
002451 10 
001306 43 
002101 2 
002049 83 
002178 79 
001030 25 
001330 92 
000040 17 
001013 26 
000944 4 
000666 52 
002327 64 
000453 11 
000781 51 
002987 57 
001149 4 
000178 87 
002185 28 
000337 100 
001919 48 
002167 59 
002979 23 
001557 59 
002890 95 
001601 52 
001642 71 
000352 72 
000625 81 
002241 20 
002519 35 
002478 59 
001552 48 
002184 10 
002561 29 
002090 105 
000724 90 
000699 34 
000359 26 
002868 7 
001322 28 
001614 50 
002980 28 
002563 71 
001526 50 
000619 72 
000466 12 
001435 63 
002733 47 
001420 37 
002496 8 
001703 48 
002128 66 
001988 115 
000492 4 
002869 110 
001766 40 
002474 24 
002459 100 
001789 94 
002938 73 
001482 98 
002657 1 
001136 135 
001936 52 
002378 79 
001581 29 
000480 29 
002266 29 
000103 29 
001479 2 
000743 42 
002775 4 
000054 72 
000988 108 
002619 29 
000069 133 
000718 80 
001101 28 
000334 14 
002417 78 
001392 47 
001240 14 
000785 59 
001174 11 
001159 27 
001316 29 
001138 1 
000128 22 
001584 104 
001975 24 
001262 74 
002695 50 
001107 105 
000951 24 
002123 25 
001130 18 
002898 122 
001559 19 
000462 31 
000640 48 
000758 2 
002637 1 
000930 64 
000231 16 
001320 87 
000556 80 
000544 50 
002547 8 
002488 102 
002399 25 
002486 4 
000099 52 
001431 122 
001251 3 
001888 10 
001900 79 
001006 72 
001471 89 
002061 98 
002310 27 
000295 47 
002402 19 
002674 110 
002790 4 
002354 8 
000160 8 
001237 40 
000651 58 
000910 64 
002816 1 
002620 9 
001558 91 
000321 4 
000015 19 
000976 43 
002456 138 
001447 131 
000463 25 
002944 2 
001693 103 
001720 79 
000644 55 
000620 55 
000652 79 
000254 100 
001882 52 
000874 8 
000467 19 
000754 100 
002611 53 
000942 41 
000883 52 
000292 72 
000234 19 
002943 29 
001305 4 
001767 139 
001519 23 
002272 83 
002841 11 
002098 19 
002418 2 
002026 67 
001486 47 
001242 52 
000535 103 
000526 8 
001426 62 
001081 19 
002685 12 
000590 128 
000674 140 
002678 3 
002155 10 
001347 10 
001376 80 
000836 52 
000252 4 
000667 40 
002210 28 
001872 91 
000391 114 
001468 8 
002548 80 
001363 20 
000795 10 
001985 48 
001934 11 
002105 50 
000682 63 
001206 40 
001078 4 
002895 90 
002395 112 
000152 8 
001525 40 
002771 7 
000828 104 
001255 44 
000525 28 
001266 8 
002070 64 
000406 126 
000258 7 
002838 47 
002437 27 
000186 88 
002092 29 
000474 68 
000813 83 
002389 26 
001167 8 
000365 23 
002936 24 
001859 24 
001351 59 
002364 19 
000330 21 
000513 7 
000663 122 
000346 90 
001604 30 
000833 89 
000684 77 
002629 74 
001677 20 
002947 19 
000773 6 
000067 51 
001951 20 
002706 90 
001716 4 
002421 43 
000235 2 
000646 4 
002466 59 
002348 79 
001667 47 
001823 131 
002078 79 
001139 48 
000542 52 
001314 103 
002896 43 
000201 90 
001964 69 
001296 5 
002362 87 
000307 44 
001309 68 
000130 105 
000396 59 
002864 40 
001930 108 
000327 44 
000192 21 
000723 10 
001855 6 
000308 111 
001065 91 
001398 26 
000496 95 
000385 102 
000583 24 
000398 50 
002933 92 
001630 80 
000162 34 
001335 79 
002724 4 
001104 21 
000937 8 
001040 72 
001367 80 
001275 100 
002749 37 
001927 19 
001950 81 
002069 107 
000570 8 
001160 80 
001561 103 
001592 103 
001881 24 
002530 31 
002082 100 
000048 37 
000030 12 
001596 29 
001926 72 
000502 11 
001847 7 
002502 64 
002755 64 
001186 31 
001269 69 
002559 64 
001857 11 
001863 58 
001795 23 
002648 100 
002550 29 
000433 123 
002302 29 
000997 141 
002855 8 
002791 52 
000367 92 
001077 90 
001079 25 
000261 77 
002347 85 
000557 21 
002067 2 
000573 27 
002912 4 
002274 8 
000600 4 
002661 29 
002042 21 
000420 40 
002137 44 
001303 44 
001247 66 
001233 29 
001449 26 
002267 8 
002356 123 
002205 52 
001813 15 
002220 6 
001467 6 
000276 19 
000706 52 
002335 35 
000454 105 
000114 11 
000072 28 
002029 8 
002131 90 
002935 142 
002064 79 
001826 40 
002584 29 
002290 48 
000919 58 
000452 34 
002624 4 
002453 47 
001515 4 
002393 7 
001566 3 
000740 40 
002413 29 
001654 66 
000105 24 
001858 143 
002821 24 
002887 40 
002722 1 
000242 4 
002479 95 
001989 89 
001570 23 
001620 12 
000097 58 
002516 2 
001191 83 
000085 61 
001719 30 
000010 23 
000879 1 
001340 29 
000774 49 
001386 86 
000277 79 
001409 8 
001593 29 
001373 100 
000089 34 
000091 71 
000281 69 
001907 39 
001485 5 
001824 48 
001325 10 
001427 120 
000993 29 
000366 48 
002072 29 
000677 8 
002027 80 
000999 10 
001190 10 
002359 19 
001760 7 
002289 89 
001343 24 
000095 24 
001287 100 
002147 37 
000168 19 
000497 52 
001750 104 
002324 3 
000715 99 
001540 4 
000332 72 
000220 38 
002482 68 
002937 24 
002772 60 
002535 13 
001538 9 
000532 33 
001865 40 
002797 72 
002309 105 
001981 80 
000306 87 
001650 50 
000197 27 
001165 7 
001619 144 
001147 42 
000495 114 
000111 105 
001109 71 
001270 37 
002562 34 
000370 90 
000794 19 
000927 53 
002322 11 
001816 15 
000397 37 
001179 4 
001216 44 
000798 68 
001299 4 
001063 3 
000419 66 
000376 66 
002512 105 
000471 54 
001542 50 
002608 4 
002351 90 
002631 52 
002990 6 
001762 8 
000799 45 
002060 29 
001487 28 
000539 4 
002676 10 
002330 18 
000984 105 
000481 12 
001480 121 
000224 7 
000673 92 
001394 60 
002985 80 
000995 7 
000581 28 
001046 6 
000078 20 
002596 72 
002996 62 
001759 114 
000827 4 
000126 78 
001253 64 
001961 20 
002770 32 
001597 67 
000577 94 
001576 31 
000622 30 
000768 24 
001230 72 
001341 24 
000660 48 
002853 85 
002888 25 
001518 1 
002758 10 
002974 4 
002785 47 
000260 68 
000283 25 
002683 107 
001615 4 
001185 34 
001974 90 
002523 87 
000456 7 
002369 26 
000435 86 
000300 62 
001763 16 
002485 13 
002865 3 
001933 19 
000439 4 
002374 8 
002025 50 
002452 11 
002613 2 
001627 53 
000293 41 
001838 64 
000279 4 
000656 24 
001059 54 
000733 74 
000554 80 
002143 43 
002914 98 
001901 40 
002294 10 
001192 21 
001527 69 
001996 36 
001357 24 
001695 10 
000776 24 
000427 24 
001787 12 
001187 48 
002198 10 
002275 72 
000866 92 
001710 52 
001793 18 
001246 122 
000901 72 
002748 45 
001529 105 
000602 128 
001292 64 
000218 4 
002269 93 
000214 7 
000036 80 
002443 52 
000368 79 
000013 87 
000477 108 
001721 47 
002283 12 
002744 8 
001085 74 
002904 107 
001633 4 
000014 24 
002112 98 
002783 87 
001024 33 
000965 74 
000608 29 
002062 47 
000436 83 
000018 37 
002813 64 
001783 41 
001804 7 
002397 87 
002256 42 
001115 19 
002390 105 
001954 64 
000345 87 
002844 8 
002600 100 
002647 24 
001718 52 
000033 24 
000373 8 
000658 14 
002221 62 
001087 24 
002457 24 
002929 85 
002249 23 
001317 23 
000861 47 
001608 21 
000045 19 
001535 29 
002878 16 
002971 64 
000490 29 
000504 41 
002261 50 
000134 79 
002109 107 
000691 78 
002075 83 
002149 111 
000975 72 
002999 89 
000777 12 
000789 3 
002569 7 
000364 80 
002358 10 
000796 141 
001937 34 
001629 55 
001277 52 
002593 12 
000940 4 
001506 104 
002490 4 
000648 24 
001004 145 
002525 2 
002111 27 
001173 25 
000484 20 
001811 19 
000053 92 
000243 8 
002084 11 
001986 114 
001203 11 
000739 15 
002169 80 
001300 24 
001020 92 
002093 99 
000837 48 
002125 89 
001745 72 
000369 61 
000268 23 
000729 25 
002493 6 
002552 79 
001520 3 
001034 40 
001713 104 
002334 102 
000296 29 
001849 60 
000626 4 
000278 24 
000498 4 
000485 43 
001521 74 
000183 80 
000971 8 
001852 13 
002225 5 
000685 108 
001769 1 
002976 64 
002085 12 
001181 50 
002051 35 
000755 15 
000509 132 
002546 10 
002357 105 
001982 12 
001439 4 
001446 91 
000142 74 
000865 80 
002232 15 
002323 49 
001011 35 
000849 10 
002560 27 
002780 74 
001995 64 
000888 8 
000118 83 
002162 24 
000546 72 
001790 11 
002214 87 
001977 77 
002233 31 
001984 13 
001397 31 
000275 12 
000705 3 
001025 146 
001591 4 
001565 99 
001743 43 
000384 80 
001430 58 
002610 24 
002911 40 
001830 81 
000177 79 
001360 15 
002428 105 
002568 99 
000831 96 
002556 10 
001643 11 
002462 128 
001634 40 
000623 73 
002921 11 
000859 105 
000642 100 
002307 116 
000835 25 
002711 99 
001499 107 
000338 2 
002447 42 
001448 92 
002654 20 
001965 33 
001685 59 
002529 80 
001144 93 
002966 15 
001706 92 
002924 29 
001739 77 
002708 32 
000790 47 
002305 29 
000969 32 
001668 8 
001689 80 
001899 4 
000267 56 
001076 65 
002653 75 
002531 82 
001264 84 
002144 97 
