0 1.721999168395996
001958 1 
002088 2 
001395 3 
001521 4 
001099 5 
000394 4 
000029 6 
000100 7 
000352 8 
002021 9 
001353 8 
001145 10 
002856 11 
001226 5 
000298 12 
001786 12 
000127 13 
002758 14 
001597 15 
002028 16 
002997 15 
000682 17 
000046 18 
001437 15 
002748 19 
000302 4 
002649 20 
001608 21 
000637 10 
000548 15 
001266 22 
001271 23 
000679 16 
002613 24 
002157 25 
000706 26 
001509 27 
000111 28 
002354 22 
002178 29 
002049 19 
000283 30 
001101 31 
000561 32 
000564 12 
000578 33 
001820 34 
001951 35 
001560 16 
000300 36 
001923 12 
001066 37 
002039 38 
000535 39 
002924 12 
002766 40 
002227 5 
000274 5 
000395 4 
000193 27 
000099 25 
001202 41 
002631 23 
002246 22 
001229 21 
000541 41 
002389 13 
000042 29 
000956 14 
002329 20 
002621 10 
001136 32 
001598 42 
000206 27 
002260 19 
000004 43 
000621 44 
000536 4 
002361 7 
001491 27 
000293 34 
000928 18 
002301 4 
001661 42 
000433 45 
000749 46 
000608 43 
000614 42 
000789 11 
001989 3 
000784 47 
001793 48 
002030 20 
002472 7 
000797 16 
002186 12 
001673 25 
000714 29 
002213 14 
001966 3 
000528 49 
001637 2 
000051 50 
002816 7 
000292 18 
001431 18 
000221 38 
001824 51 
002460 52 
001552 51 
002161 17 
002546 14 
002767 22 
002964 14 
001154 14 
000814 40 
001947 47 
001590 52 
002699 47 
002673 41 
002365 15 
000005 53 
000726 40 
002456 54 
001948 55 
002681 56 
000007 17 
001105 11 
001293 30 
002710 12 
001630 52 
002849 15 
000526 33 
001927 47 
000912 36 
002097 40 
001855 38 
000774 57 
000590 54 
000903 58 
002600 27 
001968 59 
002930 16 
001684 4 
002704 10 
001847 32 
002583 14 
001662 2 
000307 22 
000517 60 
001614 53 
001587 16 
003000 61 
002572 62 
000041 18 
000367 63 
001652 59 
000589 23 
000011 3 
002687 26 
001239 64 
002337 65 
002689 52 
002342 49 
002338 15 
002657 7 
001827 12 
002947 47 
001376 55 
002797 29 
001219 38 
001127 51 
001987 18 
000322 35 
002923 66 
001407 35 
001563 30 
000397 67 
001434 67 
002146 21 
002191 68 
000772 47 
001242 23 
002739 22 
002770 30 
001146 27 
001656 11 
001754 69 
000112 70 
001698 27 
002668 21 
002535 49 
002692 40 
001525 12 
000331 22 
002697 71 
000256 51 
000158 72 
000319 10 
000631 73 
002207 74 
000315 47 
001826 12 
002960 7 
001545 39 
000855 12 
002016 59 
002398 22 
000347 15 
000599 5 
000443 15 
002333 2 
002001 26 
002848 15 
001534 38 
000762 35 
002012 76 
002901 22 
001358 28 
001638 23 
001078 15 
001991 77 
000966 50 
002276 13 
002195 38 
000587 50 
000066 55 
000937 22 
002485 49 
000731 2 
001235 16 
001132 12 
001472 4 
002317 27 
000757 59 
002027 36 
002250 23 
002515 5 
002256 69 
002953 7 
001594 14 
001609 7 
002052 78 
000798 56 
001269 50 
001774 5 
000249 27 
000108 12 
002419 15 
002750 53 
002129 10 
001901 38 
002891 79 
002763 74 
001505 27 
002318 52 
001393 76 
000228 18 
002602 7 
002037 18 
002684 80 
000976 13 
000886 15 
002596 18 
000225 81 
000917 51 
002183 82 
002403 60 
002625 67 
001675 42 
002238 28 
002046 65 
001527 18 
002287 78 
000488 79 
002783 40 
001733 16 
001326 76 
001768 35 
002778 14 
002035 40 
002628 60 
002804 11 
002253 47 
000559 83 
001696 10 
002426 4 
001653 21 
001454 82 
002455 32 
002677 44 
001065 84 
002616 33 
001261 39 
001992 52 
000871 7 
000231 79 
000018 67 
002552 35 
001574 21 
000955 11 
001072 85 
002527 67 
000305 62 
001702 22 
000791 23 
002610 27 
001929 50 
001256 51 
002779 9 
000665 60 
000219 51 
000188 83 
002961 51 
002990 41 
002066 22 
001932 10 
001538 12 
000601 16 
002617 48 
000930 41 
002210 22 
001166 36 
002768 77 
002357 28 
000522 28 
000304 64 
002067 43 
000758 43 
002170 30 
000261 74 
002299 49 
001952 82 
002497 61 
000368 29 
002071 45 
001643 60 
001679 23 
002189 52 
000988 56 
002427 15 
001081 26 
000910 79 
001164 74 
002033 49 
001302 52 
000383 17 
001769 82 
000611 6 
001381 22 
002281 7 
002107 15 
001172 78 
002998 20 
000082 11 
000152 22 
002429 41 
000962 60 
002785 70 
000202 49 
001306 13 
000672 16 
002023 86 
000055 55 
000439 15 
002438 47 
002391 22 
001422 36 
001537 23 
000166 13 
002502 79 
001129 34 
001005 9 
002839 36 
002029 22 
000914 9 
000482 27 
000500 47 
001797 36 
000919 4 
001903 36 
001194 72 
002962 76 
002151 13 
000162 42 
002926 74 
000813 19 
001238 18 
002733 70 
001405 43 
000076 68 
001163 60 
002075 31 
002794 71 
001488 15 
002703 16 
001398 16 
002025 44 
001777 42 
002288 38 
002983 87 
001876 68 
001834 27 
001909 13 
002705 26 
000404 7 
000232 7 
001334 13 
002332 10 
001042 8 
001448 65 
002590 36 
001914 15 
000606 49 
001249 16 
002821 16 
002445 31 
001143 88 
002441 37 
002922 27 
000204 34 
000785 26 
002373 42 
000014 36 
002208 89 
002905 23 
000676 42 
002885 42 
002603 40 
000465 14 
000775 83 
001935 68 
000496 88 
000803 33 
000170 77 
002449 35 
002169 52 
000959 71 
002965 45 
000446 67 
001457 15 
002002 4 
001423 21 
000896 69 
000429 34 
002658 50 
001735 50 
000196 51 
002556 14 
000547 62 
001828 53 
002897 67 
001585 71 
001567 30 
002549 15 
002746 21 
000088 68 
000633 71 
001959 14 
000583 36 
000257 90 
001090 74 
001814 7 
001411 11 
000048 67 
001651 64 
001530 54 
001248 31 
001503 85 
000059 27 
002731 18 
002683 41 
000073 38 
001811 47 
000474 85 
002577 3 
001382 1 
000124 15 
001217 88 
000881 72 
001336 15 
002399 30 
001148 51 
001354 70 
000336 91 
001495 43 
002230 85 
001917 23 
002486 15 
000181 26 
001451 47 
002543 14 
000617 84 
000121 22 
000109 12 
002790 15 
001962 67 
001579 92 
001704 43 
000750 60 
000684 74 
001724 44 
002545 64 
000172 35 
000103 83 
002458 10 
000773 41 
002232 2 
000416 27 
000491 28 
001165 32 
001141 82 
002769 83 
001329 19 
001378 68 
001399 31 
001612 40 
001400 15 
000830 45 
001308 93 
001352 47 
001602 93 
002728 70 
000182 4 
001681 30 
001688 18 
000178 40 
000694 2 
002400 40 
002678 11 
001012 55 
001916 30 
000286 79 
000899 55 
000894 21 
002086 3 
002913 86 
001851 79 
000701 12 
001455 1 
001404 7 
001187 51 
002235 51 
001224 85 
002096 49 
002608 10 
002083 83 
001919 51 
002175 16 
002915 30 
001142 26 
002630 22 
002966 2 
002372 76 
000276 26 
001297 71 
002171 51 
001562 36 
001843 30 
001408 23 
001645 31 
001971 15 
001593 83 
001370 16 
001323 67 
001605 36 
000867 41 
000946 42 
001300 36 
000980 15 
001856 14 
000222 4 
001994 30 
000922 23 
001433 27 
001074 30 
001895 32 
002393 32 
000138 85 
002578 74 
001364 67 
002831 94 
002504 27 
001029 3 
000603 18 
002701 95 
000837 51 
001837 18 
001001 10 
001818 52 
002100 18 
002184 14 
001040 18 
000440 96 
002496 22 
000095 43 
002743 3 
002000 20 
001179 15 
000269 13 
000033 36 
000200 20 
001489 51 
000229 22 
001139 51 
001610 49 
000303 49 
001550 43 
001938 58 
002665 18 
000135 27 
002799 12 
000809 29 
000680 19 
001957 96 
000841 88 
000481 16 
002379 67 
001708 47 
002749 67 
002544 13 
000689 67 
001604 97 
000686 25 
001436 20 
000288 48 
000703 93 
000502 60 
000120 48 
000365 86 
002435 7 
000558 67 
001317 60 
000562 98 
002143 97 
001152 3 
001556 80 
001978 41 
002599 82 
002229 40 
002280 64 
002307 69 
000667 12 
002793 68 
000725 43 
000574 22 
002806 23 
001121 50 
000234 26 
000907 7 
000342 16 
001189 23 
000083 30 
002777 60 
000189 40 
001672 45 
000550 21 
000805 88 
002397 40 
002553 38 
002203 7 
002792 40 
000544 44 
000478 82 
002304 68 
000817 12 
002753 7 
000398 22 
000935 2 
000655 16 
002269 99 
000708 69 
001010 18 
002018 10 
000251 77 
000974 43 
001225 52 
000786 31 
000281 18 
002857 3 
001478 13 
002974 10 
000792 49 
002346 70 
000778 42 
000675 19 
001790 60 
001218 36 
000938 74 
000430 86 
001013 76 
001654 64 
001711 10 
000556 55 
000187 7 
000167 49 
000995 32 
001237 12 
000477 56 
001027 11 
001761 33 
001808 79 
000057 11 
000209 19 
002511 86 
002380 33 
002506 100 
001498 3 
000426 50 
002645 64 
001559 47 
000242 15 
002757 72 
001570 86 
000570 21 
001267 14 
002194 14 
002247 31 
002048 44 
002881 39 
002532 20 
001174 60 
002283 16 
001557 71 
001178 12 
002619 83 
002654 68 
001930 50 
000651 4 
002634 24 
001518 7 
001017 49 
001501 83 
001460 85 
001231 53 
000560 20 
001409 33 
001974 88 
000738 12 
002564 36 
001745 29 
001295 40 
000826 36 
000624 31 
000220 3 
000258 32 
001282 28 
002775 15 
000926 98 
000217 66 
000511 29 
002367 27 
001588 92 
000593 44 
000493 91 
000332 18 
002829 101 
002216 15 
000415 21 
002132 74 
001045 102 
001908 65 
000645 19 
001823 103 
001039 36 
001508 29 
002271 16 
000639 16 
000944 10 
002615 16 
002585 67 
000195 10 
000575 15 
002362 40 
000818 28 
000958 100 
002765 22 
002711 64 
000897 1 
002772 82 
000840 84 
001396 30 
001862 88 
000636 47 
000721 50 
000255 83 
002118 30 
002005 47 
001731 82 
000192 66 
001773 7 
001484 18 
002989 18 
001206 12 
001819 14 
002951 23 
002862 4 
001504 70 
001420 67 
000453 60 
001418 11 
000197 35 
002918 27 
002457 27 
000534 50 
000878 10 
001037 97 
000460 19 
000487 50 
001892 25 
000681 82 
002453 70 
000419 64 
001350 51 
000877 33 
001650 44 
001900 29 
002330 48 
001709 28 
002105 44 
000454 28 
001414 18 
002876 74 
000580 49 
000125 16 
001898 97 
000339 13 
001416 61 
002858 60 
000090 44 
000447 14 
002106 33 
001893 18 
001150 27 
001925 27 
001848 101 
001918 13 
000997 61 
000734 79 
000628 58 
002609 44 
002512 28 
001939 27 
001240 44 
000330 97 
001428 2 
001469 30 
002388 83 
001578 83 
002626 44 
000545 22 
002693 42 
002614 27 
000369 10 
002642 55 
002802 67 
001222 27 
002396 36 
002991 47 
000994 44 
000458 7 
002402 47 
001337 29 
001443 30 
000737 93 
001564 42 
002601 28 
002061 24 
002986 1 
000736 80 
001442 70 
000933 29 
001021 9 
001993 2 
000661 104 
001033 27 
000423 57 
002450 7 
002805 25 
001061 23 
001044 58 
000289 44 
000471 93 
002326 47 
002174 73 
001088 30 
001907 17 
001912 52 
002877 67 
000227 35 
000761 15 
000577 78 
000092 1 
000515 47 
002364 47 
000271 100 
000518 96 
002384 69 
002202 52 
001046 41 
002718 45 
002836 61 
002914 23 
000960 71 
001388 38 
002482 27 
000769 15 
002371 15 
002520 62 
001860 34 
001228 52 
000985 10 
001813 2 
001402 45 
002295 67 
002871 105 
000847 23 
001961 68 
002900 82 
001160 46 
001806 10 
000469 49 
002940 18 
000969 30 
001197 9 
001792 33 
001967 4 
000341 88 
002298 20 
002315 29 
000900 67 
001069 76 
001186 35 
001343 27 
001576 35 
000693 96 
000588 33 
002254 36 
000131 68 
002423 83 
001397 35 
000554 52 
002323 57 
000656 27 
000445 79 
002650 18 
001483 22 
000094 44 
001157 14 
000768 45 
001386 37 
002937 27 
000134 29 
002931 12 
001051 3 
001721 106 
002854 14 
001566 72 
000859 28 
000552 2 
001543 4 
002376 68 
002302 12 
001490 95 
000609 27 
000349 34 
002297 19 
001700 22 
001622 76 
000613 33 
002488 11 
001833 17 
001717 32 
000710 26 
000573 9 
002869 62 
000744 60 
000704 10 
000925 51 
000183 5 
002788 48 
000243 33 
002807 60 
000371 40 
002076 36 
000441 71 
000654 86 
002709 44 
000709 85 
001383 22 
000024 12 
002141 69 
001118 14 
000934 10 
000858 83 
001227 42 
000509 25 
001003 49 
002274 22 
002723 11 
002300 27 
002470 10 
002909 47 
002999 98 
002392 51 
002131 88 
001782 60 
002009 27 
002032 74 
000765 76 
001669 7 
000486 2 
000237 82 
001211 16 
002349 29 
001071 67 
000713 92 
002461 47 
000646 10 
002932 91 
002906 22 
001458 65 
001692 72 
000616 15 
000671 43 
002671 12 
002791 23 
002185 31 
000901 18 
002789 44 
000986 89 
002110 36 
001392 70 
002969 28 
000207 96 
002313 38 
000031 5 
000259 93 
001265 10 
000174 2 
001283 15 
001292 36 
000860 10 
001170 66 
001618 71 
000444 47 
002698 70 
000808 49 
001180 13 
001016 66 
002774 44 
000494 33 
001195 70 
001931 14 
001857 60 
002410 68 
001467 41 
001216 38 
001309 52 
000973 31 
001766 38 
000442 60 
001659 60 
001444 10 
000690 26 
000764 22 
001272 97 
002522 32 
002444 20 
001133 16 
000017 97 
001232 5 
001439 10 
001660 52 
002069 85 
001247 64 
001906 83 
002257 27 
002934 71 
001115 47 
000615 16 
002125 46 
000422 34 
001788 47 
000918 14 
000586 58 
001144 42 
002663 27 
002745 12 
000077 46 
000191 27 
001234 22 
002165 69 
002007 4 
001345 64 
002167 96 
001549 32 
000002 7 
000640 51 
000376 64 
001697 29 
002479 88 
001936 23 
002478 49 
000746 51 
002666 4 
000643 74 
000190 81 
002109 85 
002309 28 
000012 29 
000354 79 
002622 67 
002529 52 
001360 2 
000201 88 
001611 61 
001686 43 
002667 42 
000448 33 
002014 43 
001934 60 
001514 71 
001988 96 
000882 107 
001190 14 
001059 77 
001762 57 
002980 31 
000116 44 
001385 35 
001926 20 
001867 53 
000407 3 
002995 10 
001366 23 
001028 88 
002840 18 
002102 60 
001945 77 
001502 44 
002889 22 
001625 96 
002464 34 
002316 44 
001933 26 
000326 4 
000941 15 
001298 27 
002643 56 
001095 49 
002471 82 
001805 18 
000853 36 
001920 50 
001103 3 
000779 12 
001130 48 
002725 17 
002569 32 
002089 47 
000141 47 
002239 49 
001749 69 
000390 39 
000821 38 
002612 35 
000698 35 
002846 32 
001209 55 
000485 13 
001137 81 
001736 60 
002036 66 
001331 83 
002985 52 
002439 83 
002344 74 
001606 15 
000025 64 
001356 21 
000102 4 
000629 21 
001730 23 
000993 83 
002719 14 
002407 61 
000009 83 
001067 13 
000364 62 
002887 12 
001014 7 
000401 15 
002197 7 
002865 11 
002054 36 
000039 12 
002112 23 
000865 52 
000346 53 
002115 77 
000386 96 
002868 32 
000788 49 
000208 41 
001054 88 
002101 43 
001737 13 
001335 9 
000049 55 
002019 13 
000670 83 
001689 52 
002623 47 
001829 47 
002164 47 
000294 36 
002707 89 
000895 20 
002513 63 
002103 10 
000984 59 
001113 29 
000632 52 
001547 62 
000213 10 
002063 60 
001781 73 
002459 27 
002214 40 
001676 4 
001476 99 
002160 15 
001832 66 
001809 47 
001924 56 
000224 32 
002641 62 
000524 82 
000230 60 
002124 54 
002159 47 
002744 22 
002781 2 
001714 88 
002251 93 
000584 32 
002547 22 
001124 44 
000829 49 
002038 51 
002010 83 
002982 21 
000822 40 
001250 90 
001205 44 
001779 78 
001727 41 
000399 95 
002140 41 
002782 38 
000892 45 
000748 14 
001464 32 
001897 29 
000038 50 
002912 10 
001510 100 
001849 74 
002237 10 
001649 30 
002566 18 
000373 22 
001162 22 
002311 51 
002700 26 
001738 10 
002065 22 
002385 15 
001288 49 
001092 27 
001147 69 
000295 70 
001743 97 
000978 11 
000260 90 
000159 5 
001153 23 
000971 33 
002796 89 
002662 67 
001671 47 
000846 14 
002286 74 
002819 32 
001540 10 
002116 78 
002837 29 
002079 49 
002044 12 
002163 79 
000514 32 
000068 99 
000538 18 
001706 65 
001852 49 
002917 68 
000310 18 
000801 54 
002508 96 
002911 12 
001084 44 
002533 108 
000126 109 
000069 8 
001535 85 
001245 84 
001760 15 
000150 11 
001755 14 
002180 23 
002646 4 
001387 3 
001864 27 
000921 39 
002780 16 
002431 110 
000437 52 
002218 34 
002568 7 
000852 30 
000673 65 
000061 53 
002853 65 
000265 3 
002713 60 
001324 67 
000457 58 
000597 49 
002047 16 
000983 26 
002716 33 
000210 94 
001767 111 
002929 43 
000203 15 
000348 65 
001871 48 
001785 9 
001085 4 
002352 17 
001110 27 
000702 30 
001541 31 
001838 104 
000635 74 
001449 16 
000835 30 
001674 32 
000268 86 
001858 112 
002494 3 
002147 67 
002640 18 
000810 22 
001123 24 
001646 113 
002861 28 
001207 37 
002156 39 
000982 33 
001035 33 
002558 18 
001771 102 
000052 74 
000306 40 
001647 98 
001555 47 
001954 36 
001038 91 
000727 10 
000370 87 
002648 27 
001221 31 
002413 83 
001363 68 
000105 27 
001678 40 
001286 3 
002452 60 
001720 29 
001728 50 
000576 36 
001497 20 
001996 91 
001995 79 
002127 32 
002375 42 
001580 13 
001355 15 
001685 26 
001094 48 
001874 36 
001158 60 
001403 49 
001109 7 
002987 100 
001726 16 
001116 53 
000436 102 
001815 43 
001499 41 
002353 40 
002467 29 
002495 21 
001036 97 
000211 25 
000054 18 
000780 59 
002587 11 
000387 22 
002422 11 
002992 49 
000147 7 
000499 29 
000620 30 
000996 64 
001795 86 
001861 11 
000794 47 
000510 7 
002137 38 
001854 9 
000168 26 
001883 73 
001607 43 
001866 23 
002655 18 
001453 10 
001759 114 
002882 115 
000759 9 
002114 44 
002727 50 
002057 52 
002952 83 
002498 52 
000662 58 
002561 85 
002605 34 
002152 26 
002686 50 
001294 83 
000663 99 
002523 40 
000530 63 
001273 27 
001946 32 
000060 115 
000949 29 
001648 116 
001682 4 
000282 10 
001184 31 
002988 44 
002606 27 
002244 23 
002205 25 
001536 21 
002176 21 
002825 66 
002822 15 
001327 73 
001571 78 
002484 60 
000854 65 
001904 23 
001277 23 
001284 82 
000519 4 
001526 42 
000806 83 
002680 39 
002637 7 
000711 27 
001722 31 
000050 87 
000644 102 
001007 44 
000802 34 
002133 20 
002055 14 
001311 5 
001791 33 
000850 103 
000425 15 
000417 27 
000001 51 
001482 23 
001410 73 
002773 47 
001830 25 
001270 67 
000177 29 
002404 40 
001565 44 
000513 32 
000537 14 
001287 93 
000920 51 
001463 35 
000362 84 
002243 35 
001140 7 
001655 14 
001658 29 
000337 27 
000767 44 
001349 20 
000435 37 
001863 4 
001055 117 
001533 79 
002660 47 
002720 59 
002759 115 
000408 70 
001263 43 
002541 69 
002872 68 
002898 61 
001318 49 
001330 65 
002437 49 
000381 11 
001553 96 
002113 15 
002580 33 
001956 48 
002358 14 
000579 97 
000479 7 
001748 26 
002308 14 
001783 55 
002040 50 
000420 12 
000626 15 
000040 31 
001168 9 
001481 42 
002448 1 
001060 28 
000081 36 
000947 18 
000074 60 
001126 64 
000557 21 
002041 85 
002795 83 
001253 36 
001725 7 
001632 97 
001589 57 
001596 12 
002291 14 
000542 25 
001462 16 
000508 47 
001182 10 
002462 46 
000489 30 
001125 42 
002242 25 
001542 44 
000389 16 
000218 15 
001018 8 
001246 61 
002855 57 
001629 102 
001291 100 
000463 4 
002518 36 
002473 16 
000862 15 
000527 97 
002351 53 
001963 15 
000284 40 
002306 40 
001471 52 
001087 27 
000873 118 
000591 50 
002382 66 
001577 4 
000065 39 
001083 85 
002551 60 
001280 27 
000605 22 
002737 23 
000730 102 
002006 18 
000353 13 
000954 29 
001401 69 
002627 38 
002182 27 
001922 53 
001380 2 
002714 54 
000035 7 
002776 23 
001406 27 
002240 85 
002386 51 
000020 25 
000623 71 
002592 15 
002099 7 
002355 53 
002314 29 
001275 27 
001784 16 
001082 30 
000164 14 
001703 51 
001177 76 
002814 60 
000199 46 
001233 12 
002928 102 
001516 27 
001882 26 
000409 31 
000143 113 
000023 14 
000205 16 
001213 4 
001365 44 
001006 18 
000642 93 
001699 29 
002688 103 
001344 36 
000385 11 
000889 31 
002729 33 
001086 48 
000173 26 
000532 5 
002812 27 
001340 14 
001106 97 
000400 51 
002735 39 
000641 26 
002880 39 
000720 49 
000391 77 
000936 15 
002363 7 
000139 46 
001149 10 
000787 39 
001586 84 
001119 54 
002874 86 
002845 33 
002374 22 
002434 33 
001374 40 
002490 10 
000953 30 
002638 44 
001196 24 
002574 25 
002436 67 
001575 15 
002669 11 
002754 92 
001290 16 
000129 97 
002425 90 
002867 4 
001332 36 
000161 30 
000932 83 
001389 12 
002888 4 
002085 16 
001853 22 
002335 59 
001379 14 
000421 47 
002405 98 
002480 67 
000287 31 
002432 59 
001865 12 
001041 93 
000133 64 
002787 15 
001894 107 
002565 96 
001080 35 
002994 27 
002111 23 
002390 28 
000136 90 
001214 52 
002895 88 
002721 20 
000212 12 
002296 87 
002139 48 
000275 27 
002050 54 
000089 42 
000751 53 
002293 103 
000299 16 
002950 69 
000568 16 
001627 7 
000262 82 
001729 38 
002724 10 
000316 83 
002130 42 
000104 83 
001615 10 
002024 67 
001070 9 
002584 83 
000927 7 
002369 119 
002454 21 
000366 51 
002588 90 
000529 106 
000045 26 
000309 74 
001506 39 
001551 4 
000449 14 
001375 68 
000572 13 
001135 50 
001204 28 
002263 120 
001173 30 
001319 74 
000600 10 
002148 36 
001960 65 
000834 48 
000942 82 
000063 19 
001683 4 
000987 68 
002134 14 
000333 31 
002633 18 
002264 34 
001896 21 
002236 16 
001167 22 
000630 2 
001885 67 
002539 36 
002136 15 
002708 100 
002272 19 
002415 83 
000824 47 
001223 21 
002348 29 
000461 86 
001859 27 
000160 33 
000740 12 
000008 38 
002162 27 
000372 18 
002696 35 
002080 32 
000084 64 
001873 35 
002417 49 
002907 74 
001507 70 
002817 23 
000428 13 
000290 31 
002695 44 
001554 49 
000240 46 
001944 14 
001198 25 
000770 4 
001624 86 
000402 27 
001664 93 
000155 47 
000619 18 
002571 36 
001091 55 
000296 83 
000431 14 
000280 78 
002020 51 
000582 68 
002815 16 
002933 65 
002331 51 
002595 51 
002068 76 
000719 12 
001657 40 
000723 14 
002920 10 
000596 50 
000970 1 
001600 108 
000699 34 
000977 57 
001104 21 
002717 67 
001339 65 
001817 15 
000951 27 
001212 32 
001429 118 
001670 41 
000427 27 
002908 32 
000176 115 
000080 18 
000594 47 
001348 31 
001515 10 
001546 27 
002847 83 
002150 53 
000492 15 
000989 21 
001447 103 
001975 36 
000755 2 
000825 64 
000495 77 
000800 32 
001002 41 
001626 39 
000848 30 
002060 83 
002074 3 
001468 21 
001965 5 
000888 22 
002828 69 
001712 15 
002859 67 
001789 78 
002321 78 
001079 4 
002925 84 
001886 82 
001371 88 
000140 65 
002158 79 
002285 35 
001665 20 
000410 67 
000013 40 
002199 22 
000405 51 
002740 18 
001098 98 
001220 43 
002967 10 
000793 51 
002292 60 
001842 38 
000952 40 
001910 44 
001210 36 
002893 93 
000975 18 
000475 55 
001942 67 
000216 27 
002824 15 
000501 98 
002756 59 
002064 29 
000472 98 
001584 39 
002732 18 
001635 2 
000539 15 
001979 48 
001131 18 
002492 94 
000991 43 
001305 10 
002943 12 
001009 48 
002894 31 
000875 62 
000497 23 
000312 13 
000132 18 
000252 15 
001315 23 
001519 86 
001048 12 
002168 27 
000137 20 
001752 21 
000648 27 
000595 27 
002559 36 
002339 96 
000585 78 
000811 51 
001803 76 
002412 15 
002090 28 
000279 15 
000360 34 
000030 82 
002341 33 
002122 111 
002463 49 
001732 83 
001427 121 
001264 14 
000351 55 
001430 4 
002119 27 
002483 30 
002108 26 
002098 47 
000028 16 
001878 67 
000148 83 
000660 51 
002509 62 
000022 32 
000571 86 
002017 60 
000047 44 
000752 15 
000650 14 
001887 122 
002826 102 
000869 33 
002842 50 
000891 36 
001321 73 
002356 45 
001052 14 
002381 40 
000828 39 
001022 22 
002166 70 
002598 10 
002830 47 
001663 4 
000034 85 
001844 49 
001512 90 
001417 27 
002860 22 
002209 40 
001058 123 
001520 11 
000598 36 
001011 59 
000861 70 
001642 7 
000010 86 
000091 7 
001075 33 
001985 51 
000790 70 
000263 41 
000712 10 
002305 83 
002094 77 
002864 12 
000149 49 
002653 15 
001244 2 
001415 29 
002741 2 
000079 48 
002530 35 
002212 9 
002652 27 
002892 68 
000998 83 
000036 52 
002120 13 
001413 7 
000235 43 
000350 22 
000324 15 
000003 11 
001031 14 
002368 43 
002959 22 
001756 32 
002903 95 
001477 14 
001274 29 
000816 18 
001049 15 
001241 96 
001419 53 
000939 58 
000396 94 
000782 124 
002011 22 
000863 97 
001816 2 
002430 32 
002996 36 
000504 80 
002475 19 
002639 19 
000384 90 
001750 39 
000311 98 
001619 30 
002241 67 
002031 14 
001941 7 
000905 98 
000521 5 
002153 53 
001778 18 
001691 26 
001780 10 
002350 34 
001230 18 
000760 91 
001812 79 
002674 62 
001368 27 
001734 54 
000664 43 
002607 14 
002916 52 
000743 125 
002226 47 
002808 60 
002501 124 
001513 13 
000027 48 
002586 72 
001015 33 
000967 33 
001601 23 
001973 23 
000683 29 
002579 7 
000864 36 
000992 10 
000915 26 
002084 5 
002521 49 
000186 39 
001765 32 
000923 47 
000075 47 
002224 33 
002810 63 
002752 29 
000741 33 
002334 11 
002582 64 
001744 18 
000820 15 
002192 30 
001117 49 
001710 23 
000157 93 
000832 23 
001359 4 
002528 77 
000503 2 
002611 21 
002870 23 
002984 86 
002045 30 
001981 52 
002378 35 
001057 12 
001347 14 
002958 42 
000356 52 
002360 13 
002820 33 
000724 53 
001977 74 
000245 31 
001299 10 
002722 7 
000393 83 
001747 11 
002624 15 
000086 14 
000747 77 
001181 53 
002228 33 
001316 83 
002091 39 
001102 22 
000913 15 
000963 28 
000555 40 
002347 65 
002863 71 
002834 2 
000107 4 
002008 38 
000438 10 
001801 30 
000171 50 
002656 44 
001986 77 
001372 11 
002123 30 
001677 67 
001159 79 
001128 14 
002058 74 
002370 10 
002059 29 
000827 10 
002416 36 
000285 64 
002712 21 
002726 29 
002899 26 
002591 40 
001441 88 
002188 32 
002319 42 
002570 40 
002004 68 
001251 11 
001955 91 
002154 11 
001257 26 
000056 70 
000483 54 
000044 87 
001822 27 
001544 34 
000321 10 
001342 95 
002135 55 
002971 41 
001438 29 
000238 102 
001798 60 
001810 53 
001004 80 
002803 126 
002514 41 
002290 51 
001200 105 
000301 11 
000943 47 
002265 44 
001260 41 
002294 102 
000464 30 
000006 4 
000842 31 
001869 80 
000327 38 
002282 82 
002576 12 
001465 18 
000893 18 
002062 70 
000695 127 
000388 34 
000604 59 
000843 28 
000323 27 
001868 52 
002879 49 
002275 18 
002531 47 
002468 48 
002946 41 
001281 15 
000831 49 
001905 73 
000456 32 
000308 3 
002121 55 
002051 59 
001303 38 
000329 125 
002977 36 
001705 30 
001719 20 
000480 83 
002919 41 
002510 14 
000118 19 
001972 27 
001558 61 
002734 4 
001030 4 
000467 47 
002440 10 
002249 86 
002594 15 
001970 86 
001199 36 
001357 27 
001902 27 
001976 106 
000777 16 
000569 9 
001787 16 
002636 49 
002277 22 
002941 47 
001093 10 
001258 98 
001999 96 
000085 15 
001666 27 
002685 16 
000756 3 
002144 89 
002200 13 
000512 27 
002902 36 
000732 21 
002221 37 
002320 67 
000531 49 
002345 118 
000766 10 
001480 128 
002003 88 
001362 15 
002491 78 
000375 96 
001634 12 
002784 19 
001185 34 
001715 70 
002536 27 
002081 15 
001794 70 
000239 36 
000128 73 
000355 18 
000165 86 
001511 36 
002875 2 
001320 40 
002477 14 
000473 31 
001998 51 
002481 35 
002043 82 
002408 35 
002138 22 
002411 15 
000098 2 
001840 18 
001024 80 
002015 74 
002948 49 
000450 51 
000551 62 
002694 45 
000277 29 
002267 22 
000179 2 
000434 129 
001341 36 
002852 100 
001592 39 
001644 61 
001517 67 
000742 49 
000868 71 
001770 21 
000484 30 
002022 85 
002938 113 
002324 25 
002359 26 
000781 81 
000549 24 
001964 18 
002833 25 
000783 95 
001890 44 
001008 73 
002394 68 
000674 130 
002204 7 
000687 12 
000876 11 
000459 69 
001990 58 
001911 6 
001268 22 
000753 16 
000122 30 
000700 71 
002811 32 
001445 131 
001949 86 
002233 1 
002087 20 
000032 51 
002155 14 
001751 4 
002072 83 
000070 55 
002838 70 
002647 36 
001120 36 
002813 36 
001191 19 
001532 10 
002851 13 
001243 30 
000266 12 
002421 96 
001459 39 
001913 29 
000505 24 
002325 27 
000340 64 
002604 83 
002620 85 
002234 49 
000799 19 
000931 48 
002540 10 
000745 33 
000979 78 
002424 27 
000062 96 
001776 102 
001603 49 
002927 54 
002955 27 
000142 66 
002786 61 
001568 13 
000194 68 
000647 52 
002082 124 
000361 14 
002747 105 
000058 45 
000359 13 
002672 38 
001569 70 
002117 38 
002340 16 
002095 18 
000924 14 
002042 21 
000278 27 
002201 85 
002944 43 
002273 23 
000382 10 
002193 97 
001452 26 
001391 77 
001025 1 
002442 53 
001953 9 
000067 81 
001056 109 
001740 58 
002077 52 
002343 46 
000114 5 
000246 86 
001440 91 
001023 28 
000981 94 
000412 58 
002262 62 
001063 11 
000117 115 
002890 90 
002690 63 
000248 27 
000666 23 
002651 40 
000093 76 
000115 36 
001377 38 
002303 65 
000119 62 
001982 20 
002181 36 
000163 10 
000264 69 
002978 60 
001314 97 
000247 108 
002428 28 
000776 27 
000553 36 
001114 11 
002474 83 
000581 31 
000845 88 
001461 79 
002476 10 
000652 29 
001171 83 
002942 15 
002936 27 
001369 83 
000898 70 
002921 60 
000677 33 
000015 47 
000968 36 
001107 28 
000241 78 
001255 38 
002322 60 
001937 42 
000685 50 
000169 26 
001640 48 
001134 10 
002420 82 
001879 57 
001716 15 
000272 15 
001474 40 
001254 22 
001548 81 
000215 31 
002597 125 
000345 40 
000839 16 
001616 47 
002196 84 
001836 21 
000796 85 
000413 85 
001713 87 
000343 80 
000948 68 
002222 27 
001758 4 
000378 55 
001492 4 
000739 2 
002542 47 
000053 63 
000019 39 
001310 76 
002270 22 
002451 14 
000999 14 
001390 88 
000096 33 
001500 10 
002310 23 
002555 23 
000180 47 
001599 37 
000717 47 
000185 60 
000468 132 
000904 27 
002702 26 
000072 31 
002573 73 
001899 15 
002554 105 
002395 71 
002516 43 
001208 55 
002078 29 
002866 98 
001064 33 
001529 28 
002206 13 
000659 30 
002818 2 
001839 15 
002443 23 
001077 66 
000455 32 
001384 67 
002383 52 
000403 27 
000990 45 
001446 84 
001473 21 
000678 117 
001617 12 
001252 93 
001984 48 
000823 41 
000964 27 
000836 23 
001034 12 
000175 69 
000940 10 
000692 44 
000335 12 
000874 22 
002827 71 
002056 65 
000198 90 
000297 42 
002832 129 
001531 23 
001746 55 
000123 26 
000379 53 
002581 40 
002211 15 
002173 73 
002053 9 
000916 60 
001872 84 
002742 7 
000612 33 
001772 11 
002336 1 
000957 27 
001633 10 
001888 14 
002993 76 
002661 83 
000909 24 
000507 18 
000357 32 
001424 18 
002873 83 
002401 3 
001155 12 
001723 91 
002682 36 
000668 15 
000887 36 
001285 41 
000334 44 
000154 88 
001421 88 
002550 14 
001841 29 
000722 29 
000374 74 
000313 23 
001850 73 
001623 11 
000043 48 
000972 26 
002972 23 
000523 27 
000418 51 
000763 82 
000658 44 
000705 11 
000733 16 
002499 20 
002751 49 
000945 119 
002217 21 
002801 14 
002409 15 
001807 31 
001019 58 
001470 35 
000908 55 
001694 14 
000273 26 
001494 40 
000520 16 
000815 15 
000819 76 
000735 16 
001523 47 
001639 10 
002910 68 
001701 7 
001122 41 
002177 26 
001915 66 
001884 22 
002593 16 
000380 83 
002252 10 
000344 14 
002149 3 
002145 14 
002567 25 
001943 27 
001804 32 
002823 68 
002537 10 
001262 4 
002013 38 
001425 7 
001595 40 
000233 72 
000795 14 
001707 51 
002904 85 
001821 64 
002563 7 
002406 68 
002560 23 
000113 31 
001000 26 
002266 85 
001583 83 
002548 52 
002970 62 
000226 47 
001043 4 
001193 4 
001450 11 
002446 31 
001764 18 
001667 70 
002589 58 
002377 41 
000849 14 
000622 20 
002142 46 
000214 32 
000771 44 
000338 43 
000804 11 
002261 44 
001183 10 
001169 36 
000037 129 
000106 62 
000363 40 
000851 22 
001741 56 
002414 60 
000857 47 
001466 36 
000566 10 
000250 47 
002525 59 
001475 33 
002503 36 
000318 36 
001201 40 
001108 39 
002279 59 
000653 111 
000071 41 
001668 21 
002659 46 
001175 23 
001089 82 
002957 97 
000411 85 
002883 82 
002387 133 
001026 47 
002092 83 
000540 74 
000602 134 
001333 12 
002843 39 
001435 31 
002220 33 
002466 3 
002762 51 
000838 22 
002736 36 
001628 71 
000807 42 
000883 23 
001485 67 
000638 96 
000424 4 
000728 22 
001997 1 
000377 51 
000525 22 
002487 111 
002524 36 
000151 70 
001581 12 
001950 93 
001775 19 
000627 73 
002850 60 
001846 2 
000144 30 
000718 52 
002575 86 
002632 2 
000567 16 
001881 27 
002489 18 
001156 22 
002223 98 
001432 4 
002760 3 
002172 119 
002187 13 
000880 23 
001076 27 
000625 93 
002935 135 
002976 41 
001367 52 
002231 14 
000618 18 
001325 14 
001983 15 
000691 62 
002835 15 
002289 98 
001690 15 
001351 26 
002844 22 
002507 87 
002730 67 
001831 41 
001687 2 
001693 39 
000466 16 
001188 68 
001192 21 
000146 27 
002255 40 
000325 35 
002706 88 
001763 90 
000707 44 
000715 64 
001835 60 
002884 65 
001112 21 
002128 64 
000902 27 
000688 40 
002215 82 
001631 113 
002278 36 
002500 53 
001940 28 
001825 88 
000101 30 
000291 106 
002493 41 
000879 7 
001456 65 
000392 136 
000087 50 
002284 132 
002715 4 
001276 27 
001524 9 
000476 40 
001695 14 
001296 67 
002093 64 
001138 7 
002073 16 
001236 34 
000833 52 
000592 44 
002979 86 
001621 27 
001636 27 
000110 109 
001161 15 
000223 16 
001053 27 
001312 13 
002771 32 
002104 53 
002981 20 
000254 93 
001073 9 
001620 16 
001493 31 
002691 15 
000546 18 
002526 96 
000950 49 
001572 20 
000844 5 
000064 38 
000414 49 
002433 12 
000885 50 
000452 42 
001259 27 
000657 12 
001880 10 
001582 26 
001487 22 
001486 70 
001328 43 
002418 43 
002738 31 
002268 59 
000078 67 
002070 36 
002809 132 
000870 15 
002469 82 
002248 12 
000451 41 
001020 65 
001561 40 
001980 44 
000697 14 
001742 97 
000812 31 
002973 137 
000911 23 
001522 5 
001050 63 
000506 47 
000406 108 
002366 23 
000184 9 
001877 4 
001718 23 
000610 105 
002675 3 
002034 10 
002534 98 
002327 36 
001969 79 
002679 15 
000021 49 
002219 28 
001426 67 
001591 10 
002225 67 
000328 124 
002755 79 
002519 97 
001875 79 
002538 15 
002975 27 
000267 59 
001891 95 
002664 7 
001757 44 
002179 33 
000866 32 
002945 93 
002886 48 
000490 39 
000607 51 
002465 96 
001739 74 
000153 14 
000890 47 
002939 43 
002328 31 
000270 86 
000097 4 
002259 11 
002618 13 
000965 66 
001800 36 
000872 20 
001573 27 
000533 95 
001068 138 
001100 52 
002761 27 
002126 45 
002312 5 
000716 91 
002198 14 
002949 15 
001539 7 
002954 47 
000470 22 
000565 22 
001799 44 
000462 35 
001278 67 
001796 61 
001870 27 
001394 38 
001346 22 
000696 32 
001176 83 
001753 60 
000929 20 
001215 19 
002635 125 
001373 64 
000244 18 
002800 60 
001680 47 
001313 30 
000649 12 
002644 13 
000314 43 
000156 12 
001304 97 
001151 7 
001802 12 
001047 16 
001641 47 
001307 66 
001928 83 
001496 60 
000026 36 
002245 41 
000016 39 
001322 1 
000884 84 
002670 129 
001361 2 
001845 15 
001613 124 
000498 15 
002841 60 
000516 70 
002968 53 
001479 59 
001412 12 
001096 28 
000543 48 
002505 21 
000634 14 
000432 82 
002676 14 
000729 30 
001289 82 
002258 18 
000317 2 
001921 96 
002562 42 
001338 46 
002878 79 
000320 11 
001032 21 
002026 58 
002190 43 
001111 13 
001889 63 
001528 22 
000754 27 
002629 85 
000563 83 
002447 125 
000669 20 
000253 83 
002956 7 
002517 88 
002963 5 
000358 28 
001279 136 
001301 31 
001203 60 
002557 106 
002798 96 
000130 28 
000145 12 
000961 139 
002896 97 
002764 14 
000906 4 
001097 52 
000236 74 
001062 86 
000856 75 
