0 1.8829665184020996
001292 1 
000596 2 
000237 3 
002825 4 
001291 5 
001400 6 
002517 7 
000672 8 
000333 4 
002888 4 
001436 8 
002500 9 
001396 10 
001029 11 
002146 6 
000231 12 
001802 13 
002711 14 
000143 15 
002040 16 
002945 17 
002403 18 
002492 19 
001764 20 
000982 21 
001012 3 
002698 22 
001081 23 
000172 4 
000558 24 
001227 25 
002592 6 
000339 26 
002855 27 
002320 28 
001158 18 
000650 29 
000314 30 
002732 20 
002383 31 
000550 32 
001191 33 
000632 1 
000153 34 
002129 35 
000111 36 
002938 37 
002894 4 
000730 23 
001597 10 
001872 38 
002399 10 
001103 4 
001468 6 
001410 39 
002460 16 
000108 14 
000481 8 
002902 1 
001078 6 
001564 25 
001480 40 
002019 39 
002043 3 
002672 27 
001216 27 
001369 41 
001406 27 
002617 33 
001140 42 
000528 12 
002033 12 
000266 14 
002131 43 
002300 27 
002431 4 
002695 9 
002992 12 
001853 4 
000348 13 
001487 35 
000832 44 
000241 22 
002692 45 
000356 31 
000905 1 
000521 46 
001137 46 
001734 45 
001573 27 
002110 1 
002235 7 
001738 35 
001620 47 
002703 8 
002706 43 
001051 48 
000064 49 
002954 50 
000737 17 
000867 51 
002633 20 
000577 22 
002665 20 
001849 6 
001177 39 
001314 27 
000994 9 
002137 27 
000271 52 
000369 35 
000099 53 
000597 54 
002537 35 
000016 47 
001115 50 
001882 53 
002122 44 
001333 13 
000291 2 
000789 2 
002873 27 
001888 34 
001212 27 
002002 4 
001569 22 
002115 53 
000957 27 
001108 29 
000557 32 
001753 18 
002511 4 
002494 1 
000489 55 
001326 15 
001615 35 
001428 56 
001448 57 
000144 18 
000524 3 
001026 50 
000530 59 
001112 32 
002737 53 
000219 7 
000612 21 
002823 60 
000740 14 
000858 12 
002374 27 
001129 23 
000123 61 
001807 54 
002375 25 
001515 35 
001203 18 
002417 62 
000281 19 
001294 27 
002748 33 
002754 63 
001873 25 
002483 10 
000600 35 
000817 13 
001557 12 
002310 34 
000782 64 
002813 1 
000717 50 
001798 18 
001679 53 
002486 6 
002485 62 
000113 54 
000158 66 
000495 43 
002865 2 
000682 67 
000260 12 
001249 30 
002871 68 
001805 69 
001720 61 
001988 2 
002117 27 
002401 11 
002866 30 
001090 6 
002675 48 
001355 31 
000929 54 
001195 22 
002387 70 
000028 8 
002629 21 
002721 29 
001463 4 
002133 54 
000825 19 
001276 27 
000628 10 
000069 71 
001993 56 
001013 72 
002606 27 
000516 22 
001981 31 
002204 42 
001486 22 
000102 4 
001390 9 
001495 30 
002183 3 
002101 30 
001306 39 
000500 50 
000080 20 
001736 18 
000766 35 
001654 19 
002526 17 
002333 56 
002324 15 
002767 4 
002513 59 
001509 27 
002539 73 
000342 8 
001443 10 
001577 4 
002747 55 
002845 10 
001073 74 
001688 19 
002830 50 
001847 27 
000159 41 
000055 47 
002831 19 
000063 33 
000313 61 
000959 37 
000205 72 
000132 15 
002536 27 
001984 45 
002326 50 
000337 27 
000085 6 
002465 26 
000242 6 
000791 53 
001394 21 
002026 2 
001425 42 
001467 51 
001497 54 
000077 16 
002851 26 
000094 9 
001709 36 
002708 52 
000138 75 
000843 36 
002872 60 
002412 31 
002789 51 
001821 14 
001490 76 
001345 19 
002739 27 
001062 77 
001488 31 
001860 78 
001891 56 
002013 21 
000759 36 
001149 35 
001578 41 
002712 32 
000073 27 
000228 20 
002440 35 
001493 79 
002488 80 
001007 43 
000809 81 
002506 52 
001940 36 
000130 36 
000983 23 
001102 6 
000664 17 
002505 32 
001057 35 
002305 41 
001354 22 
000222 4 
002149 11 
000693 2 
002162 27 
001461 12 
000586 10 
002937 8 
000956 34 
002838 22 
000745 26 
000733 21 
000476 82 
002870 53 
000735 8 
000005 9 
000962 18 
000660 7 
002138 6 
000070 3 
001836 32 
000921 29 
002145 34 
002859 24 
001933 23 
002094 43 
002005 50 
000049 47 
000254 26 
000503 56 
002849 6 
000083 10 
000734 12 
002595 7 
000061 37 
000024 14 
001634 14 
000506 50 
000522 36 
000827 35 
000970 4 
002329 54 
000924 34 
001269 19 
002781 56 
002875 56 
001600 32 
001464 27 
002551 18 
002192 55 
002489 20 
001731 3 
000585 63 
001248 54 
002166 22 
002372 39 
000477 45 
002274 27 
000799 33 
000318 1 
000469 12 
000402 27 
002946 19 
001175 7 
000104 41 
000512 27 
002575 77 
001687 56 
000997 84 
001774 46 
001482 44 
001347 34 
001592 25 
001689 76 
000620 23 
002393 27 
000185 18 
000457 10 
001831 51 
002613 85 
002582 19 
001160 16 
002051 30 
000945 82 
002939 30 
001266 6 
000103 41 
000468 86 
002278 73 
001607 30 
001322 4 
001781 39 
000131 60 
002063 87 
000828 47 
001496 18 
000587 88 
001806 35 
001627 42 
002784 5 
001692 88 
000531 49 
000264 89 
002456 90 
000777 8 
001867 9 
000141 50 
000552 56 
001730 45 
001717 27 
002191 60 
001746 3 
000787 47 
002993 4 
000763 3 
000473 4 
001920 5 
001284 3 
002410 60 
001662 3 
001004 28 
002262 16 
001209 47 
000653 44 
001614 9 
001710 48 
000785 61 
002929 30 
002815 8 
000995 27 
002025 9 
000898 22 
001647 30 
000581 4 
001551 4 
002281 39 
001819 64 
002344 21 
002953 1 
001349 72 
001776 33 
002630 27 
001941 42 
000538 20 
002436 28 
000096 91 
002959 61 
000464 18 
002014 30 
001382 4 
001156 6 
000220 4 
001747 2 
002585 24 
002546 34 
000770 17 
001828 9 
001727 51 
002168 27 
000329 74 
002366 66 
002037 20 
000112 22 
002529 31 
000967 21 
000432 3 
002288 93 
000149 12 
000908 47 
000261 21 
000376 19 
002520 38 
000019 94 
002969 36 
002988 9 
002663 8 
001998 7 
000274 41 
002626 9 
001128 34 
001642 1 
002139 33 
001432 82 
001237 14 
002066 44 
002125 16 
001883 39 
000269 95 
001939 27 
001650 82 
001611 90 
002962 15 
001117 62 
002000 54 
001079 82 
000364 16 
002064 61 
001711 35 
000034 29 
001726 8 
002173 39 
001537 53 
001659 61 
001305 35 
001698 27 
001735 89 
001417 8 
000279 35 
001795 77 
000935 56 
001572 8 
000363 82 
001961 60 
002568 72 
001440 62 
001424 20 
002847 41 
002395 45 
002099 42 
001565 14 
000708 89 
000386 78 
002229 82 
002024 42 
002175 21 
002400 82 
002328 4 
002075 33 
000987 60 
001678 82 
000659 10 
001568 39 
002118 23 
001991 53 
002213 34 
002893 26 
000527 14 
001956 33 
002077 31 
001750 94 
001596 13 
002837 81 
001904 44 
000287 79 
001835 18 
000268 77 
001874 73 
002793 60 
002425 12 
001788 50 
000644 23 
000647 31 
002319 25 
002342 12 
002577 48 
002165 55 
002614 27 
002768 53 
001996 62 
001919 7 
000210 19 
002930 8 
001331 41 
000622 54 
001265 35 
002086 5 
002116 90 
000564 14 
001966 48 
000200 54 
001437 35 
000015 50 
000209 33 
002726 61 
000834 33 
001098 30 
002337 64 
000692 9 
000684 21 
002477 34 
001119 45 
000582 60 
001721 2 
002525 30 
000120 45 
002176 32 
002227 41 
001606 35 
000295 22 
002258 20 
002985 31 
002237 35 
001449 86 
001190 34 
000009 41 
000311 1 
002370 35 
001165 27 
000478 3 
001729 27 
001066 99 
000505 44 
002141 55 
000355 20 
001256 7 
000038 89 
001704 30 
002790 6 
002593 8 
001748 53 
001749 89 
001258 1 
002574 46 
001146 59 
002819 93 
000941 6 
002915 18 
000640 7 
001093 35 
001070 74 
001126 14 
000656 27 
002690 59 
002354 66 
000419 19 
001231 9 
001143 43 
001172 63 
002474 41 
002224 54 
002664 42 
002089 50 
002228 27 
002661 13 
002481 25 
001719 54 
000203 6 
002679 6 
000811 7 
002981 29 
002480 24 
002631 34 
000370 29 
000195 35 
002610 27 
000502 18 
001584 94 
002484 87 
000887 73 
001768 4 
002688 54 
002702 16 
000298 63 
002058 6 
002246 27 
001107 5 
002919 19 
002041 17 
002874 77 
002475 33 
000233 88 
000930 101 
002918 59 
001147 55 
002275 20 
002567 4 
002913 77 
002579 1 
001167 6 
001978 51 
002047 72 
000643 6 
002038 7 
002911 14 
002885 25 
000736 51 
000685 16 
001591 35 
001295 102 
001715 48 
001670 101 
002004 60 
002955 25 
000808 12 
001626 94 
000991 30 
000985 35 
002668 32 
000361 34 
000330 94 
001778 20 
001476 103 
000598 41 
001700 27 
002608 35 
002496 6 
001635 56 
002549 31 
002603 82 
001042 71 
002968 9 
000109 14 
002010 41 
001544 78 
001416 14 
001232 41 
000128 39 
002434 54 
002186 41 
001552 7 
001395 5 
000616 6 
002418 30 
000661 1 
000365 77 
000965 4 
000701 13 
002416 41 
002509 78 
001368 27 
000591 2 
000504 34 
000623 37 
001325 34 
002844 41 
000157 26 
002773 50 
002749 28 
002979 77 
001005 62 
000840 38 
001399 4 
001527 19 
001420 28 
002612 25 
002912 35 
000007 67 
000869 21 
002119 27 
002109 93 
000602 53 
001289 3 
002042 32 
000595 27 
001323 24 
002571 1 
002398 27 
000892 73 
000835 10 
002364 50 
000837 7 
000739 56 
001562 1 
002462 16 
002082 27 
002081 6 
001862 43 
000774 81 
002744 6 
001096 36 
000630 56 
001559 50 
001315 53 
000216 27 
001856 34 
001556 81 
002053 84 
000292 20 
002001 61 
001530 78 
002681 45 
001902 59 
000227 4 
000542 53 
000857 50 
002090 36 
001633 35 
002522 27 
000217 4 
000720 38 
000830 56 
001977 91 
001638 12 
002242 4 
000174 56 
002927 45 
001257 23 
002135 3 
002507 47 
001293 18 
002933 61 
000322 4 
000324 6 
000270 77 
001206 14 
002285 25 
000754 27 
001159 12 
000427 13 
000004 30 
002642 3 
002006 20 
002501 64 
001471 16 
000565 6 
001517 28 
000357 27 
001999 37 
000955 2 
002381 82 
001316 41 
002421 81 
002563 1 
001925 27 
002350 18 
001197 84 
000474 52 
000247 32 
000201 39 
002883 3 
002752 81 
002203 42 
000181 61 
001668 54 
000350 27 
000875 16 
001273 27 
001618 90 
000847 66 
002007 4 
001864 27 
002479 43 
001742 104 
001358 5 
002069 93 
001757 89 
000345 102 
001383 21 
001740 10 
000731 56 
002924 41 
001763 75 
000588 41 
001380 23 
000862 31 
000177 61 
000455 27 
000373 66 
002564 1 
001105 59 
002598 35 
002148 12 
002541 55 
000961 102 
001811 50 
002775 35 
000601 30 
000317 56 
002699 95 
000783 76 
001869 3 
001843 10 
001268 66 
001348 4 
000593 89 
001262 82 
002349 81 
001344 1 
002956 42 
002922 41 
002039 27 
002743 11 
000915 61 
000283 10 
000186 29 
000453 18 
001037 27 
002622 28 
001501 41 
002307 89 
001745 81 
001477 34 
002359 16 
002504 27 
000696 27 
001168 49 
002766 102 
002365 35 
000849 34 
002323 81 
001765 27 
001936 48 
001771 62 
000548 35 
001188 59 
002114 40 
001817 35 
000607 7 
000973 54 
002674 33 
001820 78 
000814 82 
001733 27 
001303 86 
000796 21 
002487 44 
001088 24 
002247 4 
002778 4 
000511 81 
002367 27 
002982 6 
001640 45 
000288 33 
000076 105 
001023 36 
001661 25 
000100 14 
000750 18 
002396 1 
001353 82 
000306 82 
000316 41 
001793 33 
000072 4 
000309 21 
002926 91 
002560 34 
001032 6 
002296 11 
001401 55 
001313 10 
001405 9 
002899 23 
000678 67 
000826 1 
000666 66 
000335 41 
000124 35 
002449 4 
001240 89 
001267 29 
001985 7 
000366 7 
000285 19 
001381 27 
000488 44 
002787 35 
001582 106 
001871 45 
000134 61 
002756 30 
001460 21 
000958 52 
002197 39 
002841 18 
002596 20 
001967 4 
001684 4 
001895 27 
002742 42 
002550 29 
002852 52 
000037 15 
000954 61 
000118 33 
002452 18 
000392 38 
001301 79 
001135 89 
002277 102 
001124 63 
000599 31 
000492 6 
000615 8 
002801 101 
000918 101 
001478 39 
000788 62 
001716 31 
001896 26 
002439 41 
001545 47 
001224 29 
001913 61 
001854 49 
000756 48 
000841 9 
000273 61 
000572 26 
002682 41 
001230 20 
001357 41 
002251 26 
000167 12 
001909 95 
001278 24 
002691 37 
001491 27 
002272 33 
002111 12 
000540 21 
001824 7 
001162 20 
001438 81 
002084 46 
001816 56 
001064 27 
001550 30 
001690 31 
001865 14 
000910 12 
001714 107 
000062 108 
000800 27 
000780 27 
001414 19 
000689 28 
002314 61 
002463 12 
002895 43 
002521 62 
001236 62 
002380 10 
002905 51 
001707 7 
001812 44 
000579 79 
000778 25 
000293 78 
000460 5 
000035 42 
002573 39 
000543 33 
001901 49 
000998 41 
000257 109 
000371 102 
000081 1 
002420 23 
000497 53 
000729 10 
001022 1 
001641 50 
000446 28 
001696 35 
002723 102 
002659 16 
001777 25 
000517 18 
001520 2 
002994 41 
001009 45 
002177 23 
000433 56 
000276 23 
001047 30 
001724 63 
000282 35 
001885 24 
001541 4 
000646 35 
001893 19 
002161 73 
002591 82 
002220 21 
001178 41 
000039 14 
000336 17 
001125 25 
000541 101 
000943 50 
000383 41 
002384 55 
000885 2 
000240 16 
002448 4 
001675 25 
001489 7 
001388 21 
001929 62 
002725 41 
002209 45 
001163 18 
002896 104 
001288 12 
001377 27 
000243 54 
002361 39 
000569 74 
002190 30 
000218 35 
000649 41 
001937 25 
002222 27 
001299 35 
002806 53 
000757 57 
000146 59 
000289 89 
002760 48 
000560 54 
000059 27 
001625 108 
001930 5 
000221 27 
000232 42 
000926 30 
003000 84 
000147 1 
001131 20 
002357 36 
000084 19 
002185 4 
001671 50 
000244 19 
000771 89 
001077 43 
001255 27 
002476 35 
001238 61 
000182 4 
000795 34 
001182 35 
001752 32 
000576 30 
001456 57 
001458 57 
001132 41 
001946 110 
002635 111 
002394 60 
002558 20 
000304 19 
001797 41 
001261 47 
001161 35 
002556 34 
000786 79 
001818 31 
000212 14 
001282 5 
001973 53 
001952 53 
002335 30 
002502 12 
001318 49 
001455 4 
000571 77 
000465 34 
001758 17 
002810 59 
002616 54 
001421 105 
002524 1 
000117 78 
000461 77 
002451 34 
000621 40 
001528 70 
002020 7 
001270 28 
000978 2 
002221 90 
001694 39 
000712 35 
000405 7 
000430 77 
001631 94 
002694 112 
000518 2 
000769 6 
002730 28 
000046 20 
001792 54 
000467 50 
001796 88 
002347 57 
002210 6 
001655 34 
000810 6 
000690 23 
001637 56 
000758 30 
001982 8 
001446 113 
000753 8 
002261 40 
000307 1 
000482 27 
000162 25 
001254 21 
000923 50 
002917 60 
000852 10 
000449 34 
002826 23 
000652 61 
001186 4 
002248 41 
002317 25 
001989 1 
001075 54 
002995 31 
001201 102 
000609 27 
002594 35 
001309 12 
000912 73 
001581 13 
001243 10 
001055 114 
002975 27 
000040 79 
000031 41 
002590 41 
002297 33 
000732 6 
002052 22 
001931 29 
002298 54 
002250 53 
002153 9 
000388 62 
002200 26 
001067 39 
002532 8 
000377 7 
001673 4 
000249 27 
002325 59 
002833 53 
002031 34 
000044 115 
001702 27 
000456 27 
002132 91 
002719 34 
001813 56 
002055 29 
000415 6 
002073 8 
001979 45 
002223 1 
000115 1 
001080 24 
001801 23 
002255 45 
002065 6 
001848 81 
002343 16 
002700 23 
002134 34 
002750 40 
000170 70 
000749 116 
002796 117 
001441 107 
000523 27 
002605 62 
001657 82 
000713 5 
001221 79 
000917 7 
000804 2 
002011 66 
000525 6 
001965 41 
000722 61 
001866 48 
000977 71 
000746 7 
001987 19 
000471 17 
000338 30 
000567 72 
001855 21 
002619 41 
001878 28 
002280 18 
002299 62 
001024 115 
002127 93 
002792 45 
000626 6 
001605 1 
000053 57 
002740 20 
002353 102 
000196 7 
000645 33 
000066 3 
001810 9 
002910 60 
000424 4 
000399 76 
000784 105 
001887 102 
000284 82 
002714 91 
001360 56 
001253 1 
002552 74 
002618 39 
001063 102 
001686 30 
001769 17 
002253 50 
002059 61 
000904 27 
002970 111 
001142 61 
002218 25 
002812 59 
001452 23 
001772 2 
001251 102 
002680 94 
000553 41 
000829 12 
000198 12 
002023 77 
002469 3 
002036 4 
001144 73 
002686 2 
002478 12 
001166 41 
001027 2 
002249 77 
002644 95 
000603 20 
000387 41 
002799 14 
002861 36 
001336 31 
002653 6 
000805 43 
000953 10 
000493 15 
000697 34 
002032 6 
002771 27 
002832 105 
000166 39 
002646 17 
001370 72 
001576 4 
000485 95 
001744 20 
002584 41 
001423 32 
000155 50 
002358 34 
000592 89 
002142 16 
001756 59 
000379 9 
001028 43 
002828 89 
002339 78 
002689 15 
000067 46 
000119 16 
000003 102 
001518 72 
002239 12 
002113 6 
002814 18 
000412 3 
002974 35 
002252 35 
000838 6 
000250 50 
002271 30 
001505 59 
000533 76 
001976 118 
000272 6 
000344 29 
000278 27 
000466 8 
001330 57 
000574 27 
000280 90 
000368 61 
000023 34 
000760 104 
002976 101 
000836 53 
000086 34 
000845 43 
001903 41 
001975 27 
002652 27 
001538 88 
001016 4 
002856 102 
001141 3 
002231 34 
001951 24 
000353 95 
002405 73 
002923 4 
000008 21 
001522 41 
002829 119 
001560 30 
002120 95 
002234 12 
002627 27 
002717 28 
000236 91 
001651 19 
001145 35 
002611 103 
000950 12 
002304 60 
002056 57 
000539 35 
001069 15 
002701 76 
002557 120 
002497 14 
001339 57 
001639 35 
002906 6 
002705 61 
002535 62 
000764 1 
001109 1 
001247 19 
001723 115 
000202 62 
000872 54 
002404 82 
002107 31 
001554 12 
001222 27 
000976 39 
000889 54 
000952 82 
002545 14 
001153 53 
002898 88 
001949 77 
000633 90 
002645 14 
002736 1 
002746 6 
000886 6 
001099 46 
002049 33 
000142 4 
001799 9 
000816 20 
001091 3 
000082 2 
000156 14 
001041 17 
002243 4 
002003 43 
002450 42 
002150 121 
002798 108 
000184 72 
000611 22 
000618 19 
000881 88 
002219 5 
001229 32 
001986 70 
000319 35 
002169 31 
000161 10 
001636 27 
000362 38 
001076 27 
001889 59 
000095 27 
002776 53 
002921 87 
001280 27 
000334 89 
002581 82 
000459 55 
002163 38 
002709 82 
002095 20 
001321 122 
000509 107 
002181 41 
000448 66 
000447 29 
000975 20 
000779 14 
001045 33 
002544 95 
002931 14 
000347 31 
000127 26 
002091 47 
000340 14 
002021 74 
001089 3 
001465 81 
001019 10 
001470 4 
000974 120 
001039 1 
002230 24 
002466 69 
000551 120 
001052 34 
000375 78 
001851 12 
000484 24 
000888 27 
000401 31 
000263 51 
002602 42 
001783 3 
000992 35 
001773 42 
000821 27 
000472 1 
002385 35 
000944 35 
000451 51 
001643 18 
002445 4 
002632 56 
001877 17 
002044 13 
001312 26 
001531 66 
001439 35 
000394 40 
002862 8 
002881 47 
001767 123 
000676 25 
000824 50 
002977 1 
001513 26 
002027 30 
001508 61 
001703 7 
000302 12 
001151 42 
002467 81 
001630 31 
002950 55 
000480 41 
001610 78 
000561 93 
002245 51 
001761 54 
002848 94 
000773 51 
002363 42 
002157 53 
001343 3 
002621 35 
002289 30 
000842 79 
001785 49 
002685 8 
001297 90 
001210 41 
002016 57 
002731 20 
002493 51 
002415 41 
000718 31 
000041 19 
002877 28 
002160 35 
000012 61 
000663 103 
002990 51 
001015 54 
001959 34 
000584 27 
002454 32 
001960 57 
002241 24 
002199 6 
002427 31 
000359 26 
002660 50 
001870 86 
000853 41 
000105 27 
000235 124 
000695 59 
000194 60 
001561 47 
000617 51 
001879 27 
001049 31 
001056 55 
001916 55 
001157 34 
000514 27 
001595 82 
000634 34 
000385 80 
001543 82 
002604 41 
000850 125 
002295 24 
000714 12 
001542 43 
002718 16 
002311 7 
001583 41 
000090 9 
002035 82 
001837 20 
000308 11 
001311 41 
002009 41 
001935 67 
001171 41 
001363 60 
000743 74 
001590 16 
000922 12 
000211 91 
002916 16 
000384 31 
000691 109 
000709 61 
000403 27 
000702 55 
002377 51 
000999 39 
002085 8 
000544 9 
001208 3 
000404 42 
002667 25 
001083 21 
002225 24 
001945 70 
000442 18 
001524 74 
002991 50 
002196 116 
002308 34 
001934 18 
001533 12 
000559 7 
000861 22 
001134 35 
001502 89 
002824 6 
001947 50 
000087 2 
000546 20 
002785 22 
000463 82 
002512 36 
000815 35 
000854 59 
002050 45 
002158 12 
001665 54 
001006 20 
000234 23 
000395 82 
001603 62 
000189 82 
002070 1 
000614 25 
000437 31 
000164 34 
001844 12 
001219 21 
001200 55 
000820 31 
001547 46 
000515 50 
000776 27 
001469 24 
002045 18 
001963 35 
000487 89 
002625 24 
000793 7 
002508 78 
000583 41 
000578 21 
001412 13 
000748 34 
001850 39 
002206 39 
001787 8 
000566 35 
002301 17 
001838 1 
002763 21 
000580 62 
002903 76 
001290 8 
001593 41 
000803 21 
000259 26 
000458 39 
000725 30 
000116 9 
002151 39 
001104 32 
002772 126 
001842 21 
001298 59 
002345 127 
000547 60 
001755 34 
002226 50 
000418 7 
000047 82 
000310 20 
000878 35 
000721 5 
002332 35 
001525 14 
002447 74 
001728 2 
000947 20 
001808 12 
002908 59 
002901 21 
000150 2 
001213 17 
000408 22 
001340 29 
002423 13 
002607 29 
000806 41 
001454 3 
000846 29 
000625 95 
002868 27 
001880 35 
002600 25 
000193 27 
000331 54 
000122 24 
002864 14 
001384 28 
000312 95 
001082 24 
002184 34 
001043 17 
000741 21 
000883 53 
002390 36 
002647 41 
001404 42 
001858 128 
001942 28 
002498 31 
000018 28 
000354 12 
000258 93 
001263 30 
000863 104 
002468 45 
002734 4 
001529 36 
000060 10 
001612 82 
001994 23 
002623 50 
001095 62 
000519 17 
000422 25 
001570 77 
000860 35 
000013 102 
001829 50 
000372 69 
000389 8 
002470 35 
000420 14 
001494 82 
001712 6 
001800 41 
002965 56 
001567 18 
002123 10 
002046 57 
000938 21 
000494 21 
002762 7 
002839 1 
000638 78 
000428 39 
002290 7 
001308 95 
002820 73 
000305 120 
002428 36 
000909 69 
000409 54 
000716 78 
000981 12 
001442 22 
000920 7 
001307 4 
000088 60 
002533 32 
001649 10 
000513 93 
000110 55 
000680 33 
002017 18 
001725 1 
002379 28 
001894 70 
001827 14 
000398 41 
001274 61 
002967 35 
002753 42 
002172 101 
000662 3 
001185 25 
002194 29 
000797 72 
002140 101 
002878 12 
001695 34 
000738 41 
002729 6 
002836 88 
001782 18 
001462 8 
002963 41 
001453 35 
002461 50 
001926 20 
000679 8 
002949 6 
001558 84 
000822 45 
001857 18 
000042 81 
002650 19 
000213 35 
000772 50 
000323 41 
002336 4 
002376 60 
000931 33 
000979 90 
000303 62 
001992 31 
001260 101 
000092 36 
001044 10 
001365 89 
001207 85 
001622 95 
000022 27 
002889 6 
000949 61 
001106 39 
002205 53 
002426 17 
000423 71 
002126 56 
000175 89 
001287 26 
000208 101 
000499 81 
002188 93 
000071 51 
002850 18 
000635 91 
002561 29 
002887 14 
002782 27 
000021 82 
001685 61 
000925 7 
001038 15 
000613 54 
001310 4 
001356 32 
000045 23 
002759 78 
002897 42 
002707 117 
002106 91 
001971 35 
000129 39 
002530 4 
001427 105 
001621 27 
000239 1 
002327 1 
002609 9 
001604 27 
001917 53 
001743 39 
001097 120 
000665 18 
000454 36 
002777 18 
002330 33 
000687 14 
001020 57 
001003 62 
001846 56 
001516 41 
000520 21 
002392 7 
000178 82 
001918 26 
001250 12 
000204 25 
002900 3 
001337 61 
001366 53 
002980 4 
001130 33 
001713 47 
000290 4 
000048 28 
000160 54 
001521 82 
002733 22 
002651 45 
002783 82 
000933 61 
001196 85 
001018 71 
001924 45 
000068 55 
001387 48 
001133 8 
002693 25 
001059 108 
002080 93 
001598 25 
001415 81 
002360 26 
002867 4 
002464 25 
000406 67 
001304 39 
000286 12 
000707 89 
000946 25 
002909 50 
001697 61 
002096 62 
001184 79 
002321 90 
002794 90 
001154 34 
002419 31 
002313 49 
002356 56 
000667 14 
000252 31 
002195 27 
001546 59 
002510 34 
000700 29 
001285 51 
001693 47 
000604 11 
000986 117 
002755 13 
000906 4 
001669 42 
002947 50 
000526 54 
001194 79 
002232 56 
002678 2 
000545 54 
001914 10 
002957 39 
002817 53 
001834 27 
002279 20 
001908 59 
002751 12 
001653 6 
002757 66 
000706 53 
001225 31 
000673 57 
000762 4 
000378 3 
002860 6 
001852 12 
001683 4 
001372 80 
000744 18 
001068 129 
002802 28 
001861 2 
002270 27 
000654 77 
002268 30 
001826 14 
002373 73 
000868 45 
002316 43 
000848 10 
002015 21 
002028 27 
001092 59 
002971 101 
002964 34 
001444 35 
002174 39 
000139 16 
001619 122 
000326 17 
000341 107 
000554 31 
001040 20 
001183 35 
002437 12 
002797 81 
000238 23 
002519 39 
002528 108 
001279 38 
001084 40 
000648 27 
001897 81 
000253 41 
001732 41 
002935 130 
000328 64 
001434 28 
001972 27 
001539 42 
001000 61 
001418 2 
002518 41 
001164 91 
000728 6 
002932 23 
001574 6 
002941 50 
002999 1 
001928 41 
000183 31 
002067 30 
001035 27 
000790 22 
000358 36 
000942 3 
000173 23 
002720 30 
000594 50 
000470 27 
002805 102 
002362 102 
002840 20 
002435 42 
001648 131 
002722 42 
000165 77 
001485 24 
002677 9 
000251 124 
001085 4 
002657 104 
000400 7 
000802 23 
001969 12 
002572 120 
002553 21 
000029 132 
000642 26 
000927 42 
002998 31 
001061 53 
000452 25 
001957 81 
002334 80 
001932 35 
001825 43 
002414 18 
000380 41 
000536 29 
001762 27 
001575 6 
001841 61 
000352 72 
000294 1 
002391 54 
001169 41 
001116 43 
002346 22 
002072 41 
002543 34 
002458 35 
000091 1 
000960 64 
000001 7 
001646 94 
000683 81 
000382 35 
002637 104 
002523 102 
001492 17 
002178 61 
001252 26 
000627 39 
000916 18 
000705 102 
002315 61 
000619 20 
001645 54 
001510 52 
001422 1 
000320 80 
000224 27 
000214 27 
000573 49 
000078 24 
002892 81 
001413 1 
000440 118 
002217 6 
000343 115 
001033 59 
002944 30 
002676 34 
001859 27 
000491 36 
002472 42 
002628 18 
000932 41 
001921 108 
000686 53 
002727 2 
000255 13 
002639 111 
002207 91 
001875 12 
002943 13 
001223 32 
000296 41 
000710 23 
002060 13 
000641 23 
001868 12 
001334 26 
002216 35 
001737 39 
001839 31 
002008 21 
002264 25 
002312 41 
002649 54 
001352 50 
001511 41 
001602 95 
000190 46 
002424 41 
001373 3 
001296 24 
000556 47 
002713 18 
001111 26 
001189 34 
001892 66 
001121 33 
000698 4 
001218 27 
001886 17 
000988 45 
000327 27 
002960 42 
001180 26 
001708 50 
001555 50 
002155 34 
000668 31 
000874 27 
000057 2 
001054 105 
001503 29 
002858 18 
000017 39 
001435 54 
002254 1 
002124 37 
000135 93 
000002 42 
000438 35 
002827 37 
002459 25 
002809 111 
002687 23 
001346 27 
000568 30 
001192 32 
002846 27 
001087 27 
000426 5 
001114 2 
002804 80 
002745 14 
001181 9 
001466 41 
001699 61 
001536 66 
001008 11 
002987 69 
001155 13 
002978 61 
002879 12 
002433 14 
000871 44 
001498 48 
001138 42 
000866 94 
000768 73 
001954 1 
001205 89 
000180 50 
002835 35 
001122 51 
001779 39 
001962 28 
002770 55 
000864 41 
002769 88 
001617 41 
000346 43 
002368 30 
001275 27 
001320 82 
000051 2 
000969 55 
000121 6 
001317 77 
002914 44 
001968 59 
001393 15 
001217 43 
000844 41 
002284 111 
001286 48 
001995 12 
000479 1 
002658 5 
001571 22 
000075 50 
001211 30 
000575 6 
001457 31 
001804 27 
001036 63 
001790 18 
001876 81 
000964 27 
000655 8 
001021 49 
002293 54 
001234 6 
001204 36 
000902 27 
000441 37 
000984 114 
001881 8 
000206 59 
002105 82 
001409 27 
000501 30 
002062 22 
000532 41 
000742 12 
002788 33 
002673 51 
001335 74 
000590 45 
002286 6 
001905 39 
001451 50 
001174 18 
000606 12 
002882 10 
000176 78 
001214 31 
001784 72 
001481 25 
002340 8 
000413 29 
001391 108 
001342 74 
002078 61 
002890 12 
002201 29 
002936 41 
002446 79 
002764 34 
000349 18 
002514 51 
002322 18 
000884 38 
002843 47 
002891 12 
000265 1 
002786 88 
001624 77 
002587 2 
001179 35 
002098 50 
002071 130 
001563 55 
000882 70 
001431 88 
001283 6 
002276 95 
002034 35 
002934 37 
002156 47 
001389 41 
001681 10 
002984 77 
001549 27 
002079 49 
000011 11 
001629 23 
000439 31 
001367 31 
000972 23 
000711 27 
001483 6 
002371 35 
000670 41 
001193 17 
000126 55 
002306 82 
002670 105 
001927 50 
001338 16 
002012 4 
001060 36 
000199 16 
000629 108 
000410 28 
002741 56 
001741 45 
002443 53 
001199 41 
002761 27 
001202 101 
001300 41 
002765 6 
000014 41 
002951 44 
002620 111 
000657 14 
000537 64 
000968 41 
002589 3 
001666 27 
001663 4 
002402 50 
002212 74 
001136 59 
001594 34 
001459 47 
000483 45 
001245 50 
002583 34 
002179 54 
002780 30 
000694 56 
002601 36 
002074 4 
002121 3 
002547 27 
001540 35 
001579 63 
002061 44 
001472 4 
002724 35 
002455 27 
002257 27 
002352 73 
001601 53 
001534 27 
001907 76 
002389 26 
000812 79 
001371 43 
000154 9 
001329 33 
000043 33 
001241 62 
001419 9 
000879 42 
001950 95 
002559 1 
001484 19 
000360 25 
000056 22 
000880 53 
001319 21 
000027 33 
000681 3 
001239 19 
001514 37 
000136 12 
001535 21 
002259 2 
001378 105 
002989 19 
002104 9 
001001 35 
001863 17 
002265 89 
001065 38 
000397 28 
002920 35 
000054 20 
002294 34 
000179 56 
000508 50 
000301 2 
001553 108 
001664 95 
002634 85 
001002 101 
000079 45 
000996 14 
000727 35 
000229 6 
000819 4 
001398 72 
000989 32 
000030 53 
001658 81 
000562 30 
000226 50 
000006 17 
001228 133 
000445 12 
000033 41 
000966 88 
001682 4 
000894 32 
000669 47 
002211 6 
001359 4 
001407 4 
002554 68 
001397 4 
000152 54 
002669 2 
000223 8 
002490 35 
000703 26 
001667 22 
002666 4 
001445 130 
000855 41 
001833 41 
001587 27 
001526 59 
000114 46 
002097 82 
002338 31 
001101 4 
000207 108 
002534 30 
001148 7 
001822 27 
001411 80 
000890 50 
002972 53 
000900 28 
000833 16 
001246 88 
002983 43 
001242 53 
001983 6 
000870 6 
001660 55 
000674 134 
002457 8 
001375 60 
001677 24 
002599 31 
000140 59 
000490 29 
000914 74 
001616 50 
001672 130 
002214 102 
001899 6 
002562 25 
000813 33 
000215 79 
001944 34 
002180 53 
000315 50 
002187 26 
000417 27 
001030 82 
002087 54 
002102 18 
000137 54 
000747 70 
001475 27 
001123 44 
000794 50 
000036 31 
000026 1 
000658 89 
001403 12 
000450 7 
001402 73 
001259 86 
002351 43 
000752 31 
001271 53 
002958 25 
001450 2 
002422 80 
001053 27 
002438 50 
000245 4 
002152 61 
000277 61 
002442 43 
002159 50 
000589 12 
002208 117 
000971 27 
001948 47 
002570 82 
002624 31 
002388 13 
002378 74 
001760 35 
002182 59 
001324 24 
000168 23 
002273 12 
000928 15 
000025 14 
000807 25 
000444 50 
001780 35 
000151 22 
002791 53 
002143 39 
000755 56 
002266 29 
002430 57 
001048 14 
000781 46 
000901 20 
000865 31 
001953 74 
002341 21 
001198 53 
000101 18 
001050 59 
001628 37 
002444 54 
002538 6 
001272 27 
001759 43 
002684 115 
001379 34 
000767 89 
000751 121 
000963 36 
002716 21 
002291 34 
000169 23 
000074 18 
002973 135 
001884 27 
002167 62 
001139 7 
002569 27 
000993 41 
002054 41 
001500 35 
002303 57 
001906 41 
001094 33 
001385 4 
002432 59 
001739 21 
002648 27 
001504 22 
002565 108 
001632 39 
002103 35 
002516 30 
000267 24 
001034 14 
001830 4 
002586 88 
001845 6 
002108 16 
002641 120 
002215 3 
000145 14 
000332 20 
001974 43 
000248 41 
000374 21 
000381 102 
002548 31 
000321 35 
002240 12 
000637 35 
001588 63 
001332 73 
002842 19 
002638 9 
002615 86 
002283 8 
001215 33 
000431 29 
001011 30 
000192 32 
002655 20 
001176 41 
000436 103 
002735 94 
001691 23 
001943 59 
001281 6 
001900 61 
001187 7 
001017 62 
002233 4 
000688 82 
001566 66 
000639 30 
000570 6 
000934 35 
001408 53 
001170 4 
001361 56 
000534 5 
002996 73 
001823 125 
002715 17 
000197 49 
002482 27 
001803 4 
000496 107 
002640 20 
000937 6 
000980 35 
002429 51 
002076 41 
001302 67 
001814 42 
001656 80 
000396 19 
002369 72 
001706 59 
000148 41 
000798 45 
001751 82 
000624 79 
002287 41 
002029 27 
001010 20 
001519 77 
000911 12 
001623 2 
000896 55 
001474 87 
002822 31 
001362 6 
000107 4 
000351 47 
001548 114 
000651 17 
000390 29 
001473 6 
001118 34 
000555 102 
000300 73 
000171 5 
001277 53 
002355 9 
000416 4 
002966 56 
000765 4 
000429 136 
000187 42 
001840 20 
001915 73 
002318 31 
001890 4 
000631 39 
000951 27 
000163 35 
000414 12 
001074 23 
002144 117 
002147 28 
002018 35 
001031 29 
000877 54 
000818 36 
000823 51 
002256 55 
000873 3 
000246 77 
000230 18 
000907 1 
002057 12 
000897 4 
002236 21 
002884 57 
001754 55 
002925 38 
002154 2 
000792 62 
002238 45 
001911 22 
001328 30 
002309 36 
002193 104 
001652 30 
000699 25 
002491 22 
000891 1 
002643 8 
001718 53 
002580 54 
000895 54 
001152 48 
001447 125 
000058 56 
001980 40 
001923 14 
001058 137 
002331 7 
002411 35 
002292 18 
000093 4 
001235 72 
002386 7 
001014 42 
001701 1 
000948 60 
001794 22 
001110 27 
000191 64 
002088 56 
001532 35 
001997 4 
002683 19 
001955 62 
000724 43 
002112 44 
002282 3 
000677 54 
000106 46 
002948 62 
001964 19 
000903 35 
002302 41 
001433 41 
002471 64 
000775 41 
001233 13 
000859 36 
001429 66 
002030 54 
002128 19 
000990 56 
000498 31 
002942 6 
001608 32 
002136 31 
001990 10 
000065 47 
002654 60 
001815 30 
000275 86 
000726 43 
001680 50 
002597 74 
001150 59 
002202 31 
002662 28 
001364 42 
000411 12 
000831 38 
000913 31 
002566 15 
002093 14 
000391 70 
002269 103 
002189 31 
001374 82 
002406 60 
000723 34 
000262 17 
000899 47 
002244 48 
002164 50 
000719 14 
002441 99 
002068 15 
002407 88 
002876 91 
000936 138 
002803 17 
000421 50 
002198 101 
000010 77 
001938 10 
001120 27 
002928 116 
000535 47 
000549 44 
001585 37 
000299 72 
002171 7 
001386 99 
002758 34 
002863 37 
002818 56 
001676 82 
001392 22 
000089 25 
001644 90 
000098 56 
002100 20 
002397 102 
000510 42 
002260 33 
000704 35 
001970 77 
002795 41 
001046 51 
001507 22 
000940 35 
001430 17 
001809 50 
001912 23 
002940 20 
000608 41 
002886 33 
002527 24 
002540 35 
001071 24 
002413 41 
000297 25 
000050 54 
001512 75 
000225 46 
001775 16 
001244 56 
001922 63 
000851 88 
001786 41 
002696 4 
001226 18 
000563 41 
002671 14 
002853 59 
000605 6 
000443 35 
002473 8 
001599 90 
001025 136 
002588 12 
002816 42 
002811 57 
002738 4 
000188 41 
000407 48 
001173 10 
002800 87 
002961 7 
000462 4 
000671 27 
002704 35 
002834 56 
001958 25 
000715 14 
001351 61 
000425 31 
002092 41 
002710 14 
000636 50 
000529 120 
002267 27 
001766 49 
002869 16 
002997 35 
002952 41 
002904 93 
001499 19 
000610 55 
000486 56 
001479 30 
001086 33 
002130 94 
001705 10 
000325 4 
000020 66 
002503 1 
000839 21 
002022 108 
002807 18 
001674 59 
001341 41 
002083 41 
002857 48 
001791 41 
001613 64 
001523 50 
000801 45 
001580 39 
000097 17 
002495 6 
000475 47 
001789 22 
000367 139 
001898 104 
001722 54 
001910 63 
002555 101 
000761 35 
000919 17 
001426 24 
002808 87 
000393 41 
001770 32 
000507 15 
000435 99 
002697 90 
002048 63 
001832 4 
001586 38 
002986 66 
000133 14 
001589 27 
002499 54 
000032 7 
002170 24 
001376 47 
001327 39 
001113 61 
001350 7 
000256 7 
000893 20 
002408 24 
000052 21 
000876 2 
000939 3 
002821 27 
001127 7 
001220 124 
002728 22 
002854 34 
000125 8 
002453 22 
002779 49 
002880 47 
001072 12 
002774 9 
002636 12 
002656 89 
000434 140 
000675 5 
002409 10 
001100 31 
002515 41 
002348 61 
001609 39 
002542 50 
002576 14 
002531 58 
002578 65 
002263 83 
002907 92 
000856 96 
001506 97 
001264 98 
002382 100 
