0 2.125669002532959
010251 1 
001357 1 
105997 2 
207285 3 
395028 4 
195469 5 
396075 4 
011264 2 
014930 6 
529996 3 
426212 3 
355363 7 
041864 3 
027003 2 
344527 2 
065436 3 
054840 8 
091066 3 
010958 1 
201049 4 
387500 3 
285934 6 
199664 9 
028721 4 
002322 3 
102042 2 
207801 4 
053535 10 
089196 5 
029715 3 
176811 2 
403369 2 
005663 6 
452992 3 
492917 10 
157977 9 
295282 9 
270976 11 
167940 3 
290085 9 
082022 2 
026614 3 
047414 10 
070277 10 
337800 3 
318621 3 
230250 2 
244763 10 
111905 9 
016053 9 
299213 3 
157488 3 
001348 6 
184310 3 
458475 12 
491986 13 
036860 14 
372709 14 
389697 3 
005909 15 
090564 2 
395344 3 
213254 16 
050523 12 
474663 17 
034942 3 
298111 2 
379074 16 
473220 16 
159150 6 
008801 6 
120397 2 
242155 10 
029148 7 
125673 3 
027499 4 
158787 6 
399900 13 
402157 1 
018277 1 
346892 14 
074326 7 
027082 9 
283725 6 
083628 9 
006275 6 
028885 6 
105306 2 
113387 3 
298974 18 
499633 10 
267574 17 
498120 3 
045891 19 
348600 3 
477290 11 
014767 6 
043413 10 
334285 3 
007311 6 
029331 13 
334070 13 
010796 2 
244927 5 
331289 17 
109124 2 
489211 3 
093397 15 
278687 16 
245727 6 
010563 2 
006721 6 
097567 12 
464321 5 
297580 3 
218253 7 
252821 9 
092553 15 
083629 7 
027331 9 
053167 3 
118192 12 
218188 20 
323656 10 
480893 3 
410236 3 
055048 12 
040724 6 
130098 6 
012241 6 
471288 2 
003321 10 
343231 7 
011091 2 
045220 7 
068332 7 
137286 7 
088340 12 
351619 3 
198910 11 
061377 6 
158845 3 
051786 10 
066854 2 
313091 21 
091844 9 
056302 7 
300045 12 
011804 3 
023070 14 
316417 7 
014362 10 
149383 1 
089123 10 
356763 3 
457660 17 
019396 6 
311303 16 
007148 11 
148385 22 
072611 3 
152612 7 
502444 12 
228919 7 
066256 3 
030681 3 
293825 2 
263379 6 
025695 11 
286726 1 
268897 7 
408967 13 
156449 7 
109744 12 
064426 4 
155595 2 
006438 3 
014361 10 
020105 3 
045561 16 
039697 3 
008800 6 
376825 3 
133063 2 
311795 11 
446982 2 
024942 7 
092311 12 
397469 7 
429047 6 
006805 7 
154637 20 
353071 3 
075917 2 
105596 11 
006502 3 
107900 13 
277847 18 
528473 18 
418953 1 
324876 4 
081027 3 
244954 2 
006069 15 
025231 2 
095193 2 
007167 2 
400679 3 
014958 9 
089358 7 
280385 2 
531500 12 
002930 9 
005434 18 
091364 3 
247056 4 
102249 1 
062258 14 
031712 3 
006614 15 
012217 2 
088660 9 
088556 3 
059802 7 
206197 3 
107923 12 
449745 4 
452739 2 
260986 10 
021858 3 
048053 13 
448255 23 
042294 3 
072463 11 
051649 12 
020827 3 
123090 16 
030580 9 
370136 7 
003260 3 
306889 2 
385210 2 
367398 6 
040092 3 
013880 6 
026054 1 
048346 6 
470634 11 
046983 12 
100827 1 
039774 12 
066929 3 
461713 9 
017711 14 
022286 2 
106087 18 
108858 4 
117143 4 
082222 9 
105251 8 
145012 24 
488828 10 
024297 12 
468186 11 
058173 3 
115123 6 
405648 9 
034616 7 
311255 4 
095743 6 
318547 2 
156299 20 
377260 2 
233784 6 
009031 9 
068962 7 
474694 7 
382258 3 
021712 13 
009848 10 
001842 21 
467989 3 
001101 10 
009661 6 
294482 10 
399645 2 
517839 1 
006551 1 
024579 3 
467106 4 
184850 2 
035033 3 
033833 6 
013373 6 
020628 3 
142484 7 
025815 6 
081383 7 
474746 16 
069205 11 
288398 7 
214006 3 
093237 17 
159734 4 
008066 3 
080309 16 
000037 1 
153445 11 
027618 6 
022729 6 
017171 10 
176151 26 
018419 10 
126808 9 
006552 1 
001215 14 
281055 18 
075916 6 
132172 23 
044317 9 
381854 18 
028415 3 
127449 2 
446842 2 
214925 18 
532438 18 
268447 3 
002375 9 
197922 9 
512267 7 
100843 9 
069356 7 
146342 18 
228378 3 
005724 3 
197280 27 
068871 6 
041597 15 
004446 3 
011373 2 
460039 26 
049732 2 
085683 3 
092809 27 
143048 4 
068558 4 
361605 6 
095273 2 
186212 3 
493392 16 
044686 10 
005094 6 
182640 7 
508890 9 
030621 5 
057440 18 
004507 9 
037620 9 
053120 6 
020672 3 
510223 22 
012544 10 
009006 3 
060504 9 
051527 28 
306463 3 
072620 9 
043132 10 
063073 7 
214487 27 
137401 29 
397061 9 
024862 9 
281126 10 
010859 3 
007842 3 
173547 20 
112492 4 
126974 3 
171971 2 
062873 3 
022508 6 
288546 12 
266108 9 
181662 6 
021009 3 
471785 2 
423800 3 
461513 7 
172432 2 
035933 12 
299143 11 
019500 9 
417490 9 
088834 10 
266590 3 
474371 10 
359110 14 
169012 3 
017258 9 
009172 9 
423886 10 
004408 1 
026596 4 
024472 11 
021876 3 
168505 6 
084740 9 
215846 7 
039980 10 
047300 3 
223210 12 
024989 2 
050806 6 
221251 12 
046592 2 
382758 2 
218411 3 
035498 1 
007019 2 
161207 11 
018172 2 
501775 12 
278381 6 
040982 9 
519743 30 
005092 16 
123836 9 
454365 9 
014221 3 
446933 9 
426676 13 
034208 13 
340344 3 
211842 4 
069505 3 
124262 11 
071913 6 
039070 3 
128406 2 
067545 9 
296876 10 
018954 3 
446491 16 
189819 6 
448309 2 
035842 7 
130137 6 
012303 6 
241311 2 
141679 2 
484291 7 
029993 3 
496461 13 
291549 11 
083048 12 
463093 9 
145110 24 
308316 14 
298328 2 
528360 10 
065326 9 
051489 10 
046047 6 
179928 17 
059242 3 
047181 6 
004550 6 
012717 3 
278219 4 
178157 6 
291688 11 
065784 6 
431686 17 
496689 12 
011588 3 
033043 3 
063207 6 
320977 23 
219729 13 
456263 2 
046881 7 
042973 10 
111722 7 
373030 10 
038315 9 
015183 6 
192400 3 
034816 2 
480870 2 
103452 3 
309423 7 
006099 3 
020201 3 
025937 6 
270595 21 
084698 7 
300205 31 
237833 7 
183189 14 
390259 7 
367361 9 
501520 3 
057127 7 
375342 3 
065850 13 
221762 20 
056216 2 
164404 13 
059367 9 
124717 12 
277501 17 
156737 9 
145833 19 
093901 7 
346313 6 
316157 6 
407273 4 
064335 3 
075894 6 
309691 20 
181129 3 
109607 10 
410510 7 
320035 2 
236283 4 
035414 3 
407087 12 
015732 10 
047330 14 
024118 6 
247014 6 
102049 3 
300537 14 
222720 3 
055530 9 
225059 20 
046667 1 
320680 12 
091951 12 
456251 6 
395452 9 
017595 15 
152628 10 
037698 13 
353380 9 
072576 9 
339260 10 
342116 3 
399261 26 
007918 3 
017456 2 
387897 2 
407872 7 
132545 9 
113823 10 
099326 10 
494812 32 
159596 6 
068539 9 
006748 3 
104593 6 
147919 9 
425373 12 
114804 2 
000691 7 
140857 12 
288609 16 
042034 2 
063213 3 
024142 3 
076938 16 
085510 11 
065295 9 
203087 9 
012304 6 
002986 3 
298252 6 
140488 10 
020010 3 
082121 6 
062000 13 
027636 3 
377887 2 
445581 12 
023355 3 
028645 12 
414291 2 
429395 12 
014297 14 
457493 2 
477303 1 
299713 9 
255764 12 
036296 10 
005058 11 
057405 15 
328805 4 
052298 3 
156491 6 
397468 7 
026650 11 
032837 1 
034937 9 
094135 2 
077345 11 
285078 9 
012718 3 
503111 3 
234882 10 
453424 26 
195942 2 
263546 12 
040946 26 
094946 3 
043488 10 
059015 13 
035032 3 
460777 7 
006080 10 
011521 15 
040173 6 
010011 3 
069708 9 
124988 9 
322337 33 
053434 6 
028133 3 
001347 6 
079873 2 
372316 7 
190630 6 
182874 3 
085684 3 
414750 4 
339417 10 
148008 3 
278711 9 
112586 15 
407025 6 
030647 3 
268654 4 
241938 3 
038939 12 
016524 6 
050258 15 
121881 15 
059997 24 
491525 7 
025066 3 
106997 2 
024087 7 
258509 30 
391598 18 
025820 3 
150162 2 
244050 16 
009588 11 
226732 3 
500841 4 
020420 10 
067903 9 
045623 6 
002580 14 
093729 3 
120229 10 
419366 2 
310711 11 
226245 3 
083273 10 
012397 5 
171706 2 
432027 1 
015547 2 
042621 11 
502394 2 
346269 15 
005855 7 
016783 3 
180521 6 
126970 9 
421717 3 
188516 34 
260106 28 
472549 10 
025933 6 
463850 35 
035043 9 
144396 9 
265037 1 
077430 6 
003938 3 
356840 3 
165711 9 
021693 3 
322185 12 
271912 32 
074089 3 
187145 16 
293498 10 
212894 2 
014772 13 
178244 16 
081520 6 
173869 12 
488996 9 
213006 7 
249718 2 
254281 3 
071981 9 
421387 9 
026526 10 
483257 13 
042016 6 
123316 36 
039795 6 
068870 6 
002508 6 
012638 9 
125452 12 
399856 4 
107811 2 
140581 10 
006613 15 
020342 6 
482014 13 
193898 17 
496165 9 
222125 10 
231061 17 
136860 4 
047413 10 
004037 3 
151871 3 
278085 2 
074745 2 
519878 2 
399334 33 
083010 6 
037130 3 
038557 7 
000188 2 
010370 6 
143295 9 
440799 14 
047194 9 
090721 13 
297489 2 
102145 12 
062742 6 
040230 10 
107727 1 
026774 6 
067597 6 
489621 14 
205836 14 
423077 15 
141382 12 
350717 1 
331619 3 
079206 3 
028722 9 
039445 3 
381869 12 
172042 2 
011709 3 
378446 7 
362102 3 
049440 3 
000031 10 
471006 6 
036813 13 
360102 7 
234592 7 
030056 6 
022509 6 
019254 2 
086369 6 
126142 9 
302973 12 
227601 2 
053632 3 
071508 6 
375473 3 
411665 11 
236710 2 
001375 6 
143261 37 
069074 6 
091886 3 
311564 12 
167136 10 
130795 30 
006274 6 
240163 9 
010524 10 
051528 10 
178158 4 
241356 9 
173312 11 
007445 9 
153471 6 
169491 12 
317260 12 
088743 2 
505727 2 
197017 9 
197559 30 
009037 9 
502376 15 
036120 12 
018711 12 
078623 7 
441628 12 
114998 33 
269000 3 
309186 1 
061999 13 
074656 2 
050805 6 
027359 9 
322130 4 
236937 4 
439946 34 
016520 3 
128488 3 
047808 3 
039332 14 
446658 33 
180722 6 
011708 3 
024486 3 
371495 12 
372487 3 
428063 12 
181897 26 
325088 10 
353847 3 
039426 2 
486307 15 
091744 20 
067303 3 
298195 16 
346800 2 
051836 12 
052284 17 
037916 3 
000078 3 
014288 9 
407860 9 
114956 4 
001376 6 
029737 13 
009132 12 
074017 6 
002929 9 
114861 12 
377061 3 
048541 3 
010371 6 
089059 10 
019487 3 
528506 12 
111212 9 
080285 3 
235961 33 
055070 6 
205806 33 
399919 12 
130752 23 
243413 10 
010588 10 
087439 12 
401685 32 
061147 5 
010359 6 
013778 6 
004017 6 
028132 2 
181996 10 
099421 2 
406599 23 
075736 16 
312726 16 
421783 13 
082224 2 
068373 10 
052949 11 
210073 12 
006577 9 
047724 9 
376093 17 
075955 9 
207541 12 
053243 3 
069707 9 
007976 3 
259973 9 
396310 3 
026856 14 
000038 1 
066399 7 
112965 16 
006938 10 
444248 7 
461944 18 
022217 11 
064935 4 
010311 3 
516745 14 
330882 2 
013430 3 
470852 3 
020660 3 
177432 6 
029055 2 
005057 11 
013690 3 
391712 3 
076078 3 
065381 2 
114834 12 
248792 10 
161554 6 
052933 14 
060188 1 
015954 6 
025987 6 
242863 34 
152583 14 
023803 2 
010307 7 
035211 13 
109436 33 
213898 15 
152806 6 
001286 3 
011434 10 
033093 6 
024261 3 
016474 10 
509958 3 
136663 6 
027911 10 
022630 10 
004893 3 
074097 6 
000027 12 
002009 16 
476242 2 
485009 11 
115180 12 
067767 9 
020307 10 
331390 3 
009007 3 
240454 2 
516686 15 
107700 12 
164217 7 
108002 4 
012018 9 
030971 3 
026104 7 
217862 17 
001885 12 
105882 9 
054444 3 
182935 3 
008838 11 
486011 3 
106091 10 
364017 6 
137217 10 
023640 6 
026363 2 
008578 10 
386248 4 
046902 3 
130941 1 
224152 10 
139308 38 
226927 12 
121567 14 
284959 12 
076432 7 
276557 3 
491765 12 
010957 1 
018420 10 
026259 11 
003544 6 
068398 20 
014931 6 
261512 2 
243075 2 
017160 15 
414345 9 
208934 34 
116044 2 
298701 1 
005375 3 
203596 10 
037617 10 
152779 3 
003829 6 
035679 3 
384311 2 
493693 2 
000525 6 
087130 9 
153031 10 
243441 6 
105883 9 
375177 9 
020472 6 
015139 9 
057489 9 
240504 17 
065109 3 
457215 11 
358160 7 
356139 2 
176498 3 
239480 18 
118673 21 
433612 12 
482487 12 
123507 33 
016519 3 
072111 10 
007754 6 
069079 3 
023718 10 
491809 3 
018296 1 
130317 12 
040060 10 
080779 9 
029994 2 
107492 9 
039690 3 
037175 3 
010564 6 
028429 6 
497810 18 
096383 13 
424810 6 
140200 6 
159296 3 
087384 10 
007752 10 
331482 29 
504192 3 
077764 7 
505131 3 
091206 9 
060956 6 
458478 9 
334398 4 
086109 6 
227177 10 
312532 7 
031224 3 
000433 3 
120358 4 
119464 3 
076902 6 
109791 15 
021374 1 
059385 3 
042108 1 
025033 7 
000526 6 
059096 6 
297398 2 
036152 9 
051663 9 
477551 7 
275377 7 
049343 9 
070360 2 
017754 4 
073163 10 
159405 3 
006070 9 
051558 9 
282739 7 
093588 21 
006171 3 
508330 12 
027517 13 
029453 3 
033069 7 
036435 3 
332145 3 
003982 2 
441491 16 
118103 2 
054065 9 
194015 10 
005272 15 
180644 2 
019199 3 
048103 14 
317782 24 
390651 2 
008461 3 
121509 3 
006313 6 
483690 6 
253369 3 
120668 11 
408151 3 
010321 9 
017308 3 
066920 12 
013113 3 
089546 10 
005882 9 
481785 3 
240539 10 
356984 12 
024437 5 
011882 6 
024204 10 
069665 7 
029377 2 
189329 1 
467579 24 
013748 6 
408330 7 
465120 3 
503489 9 
123128 2 
005856 7 
103035 3 
536662 6 
045974 11 
178498 3 
005912 10 
044877 2 
007975 5 
036093 11 
143273 1 
385521 31 
004914 12 
481169 3 
258009 12 
055735 32 
189796 14 
055843 6 
454993 12 
391332 11 
114951 4 
468275 3 
361364 4 
015115 11 
008428 6 
283864 4 
007168 3 
369018 22 
443795 11 
087547 10 
004367 6 
257314 9 
326766 7 
055923 6 
013049 3 
098263 9 
152058 7 
239402 3 
254282 3 
070278 10 
032295 10 
003121 6 
218360 20 
508539 3 
041016 3 
192828 37 
052876 2 
078819 32 
095224 3 
018053 6 
066219 15 
047818 2 
318193 4 
145125 6 
000966 9 
026645 10 
052345 6 
049437 14 
191426 3 
462051 2 
033176 6 
061559 14 
085165 3 
011393 6 
223714 4 
009036 2 
098264 9 
050265 3 
096246 9 
447035 4 
002566 2 
392368 33 
049184 7 
062335 7 
078383 9 
352783 10 
186380 3 
439867 12 
405831 3 
032509 10 
067852 9 
054786 10 
053296 9 
472806 7 
175152 16 
028236 1 
184653 4 
116503 11 
110798 10 
114209 2 
189702 3 
005664 6 
282919 9 
006800 3 
433552 4 
020826 3 
505417 12 
418888 2 
471559 7 
388724 10 
477152 10 
004251 6 
176098 12 
170676 10 
029614 9 
118283 7 
170776 11 
284437 2 
124039 11 
020169 4 
192869 3 
506404 3 
079487 9 
012214 3 
334979 3 
142602 4 
536364 2 
262108 7 
138120 4 
030400 11 
001646 4 
398639 9 
069550 1 
386552 10 
235090 16 
433311 7 
148917 11 
531698 2 
216590 12 
012191 12 
275782 6 
000642 6 
145489 3 
316103 3 
042586 2 
266389 12 
145914 3 
130011 4 
005359 9 
068431 2 
468755 17 
007529 6 
245761 7 
002438 3 
311477 39 
497100 9 
150483 9 
252570 6 
170385 10 
386010 9 
189031 9 
533849 9 
013779 6 
461220 3 
009826 3 
174567 2 
514716 3 
063552 7 
032317 3 
348455 6 
330065 7 
057736 9 
002066 10 
029501 9 
004264 6 
049639 3 
217566 7 
324676 10 
490362 11 
284036 9 
045126 1 
184278 35 
047195 12 
081242 9 
138556 6 
164720 7 
004848 27 
007446 9 
051605 18 
472363 10 
486718 3 
155826 17 
506935 4 
461041 3 
454491 9 
314803 10 
035930 6 
067393 6 
197387 3 
514818 3 
014442 9 
021770 13 
004506 9 
068515 9 
174191 2 
006001 6 
056215 12 
381253 3 
355382 9 
092551 6 
038502 10 
254402 11 
263283 17 
199396 12 
171655 7 
024792 6 
014287 9 
089547 10 
040046 3 
466878 10 
065284 2 
077258 10 
450453 3 
311758 12 
379520 9 
365504 20 
023071 28 
361334 17 
246772 3 
089299 9 
022064 3 
053870 12 
050006 6 
056321 21 
017651 3 
007753 6 
071825 6 
234555 7 
491709 3 
404891 10 
026773 6 
333006 10 
049696 3 
114783 20 
333249 12 
185861 14 
170275 23 
014490 6 
514588 4 
229868 9 
029169 9 
036847 6 
148400 11 
152593 3 
082345 1 
075768 6 
005745 14 
140021 9 
052522 6 
030340 2 
184303 6 
028639 1 
080153 3 
022008 6 
277944 2 
024438 5 
098357 3 
038296 3 
085451 6 
007016 3 
101241 13 
296710 6 
018001 17 
133649 1 
035921 14 
293673 29 
008154 12 
515697 2 
043294 6 
055435 3 
034839 2 
233314 28 
051617 3 
497733 3 
473176 4 
060733 23 
036620 11 
295891 4 
403933 1 
290887 9 
011796 9 
071740 6 
061018 1 
082818 20 
033427 9 
285276 7 
234924 24 
029413 6 
259519 9 
394027 28 
276985 7 
071816 18 
017491 10 
067788 2 
022048 22 
210689 9 
258913 9 
004352 3 
463432 9 
323037 33 
091321 2 
026184 13 
008067 3 
069864 6 
401567 3 
506673 33 
007800 12 
102445 6 
022873 1 
032957 10 
062156 9 
004950 9 
212350 13 
414085 3 
136896 9 
144599 10 
356643 1 
079431 2 
010329 9 
090178 11 
133591 9 
031868 1 
182601 4 
105595 11 
041716 3 
041625 10 
015953 6 
029874 14 
175720 3 
239980 2 
021273 10 
372092 6 
249792 4 
007919 3 
132113 28 
023367 11 
019789 1 
365925 2 
002559 2 
079339 9 
092977 6 
008475 10 
033339 6 
075209 33 
032423 10 
039755 14 
133135 13 
229179 3 
016764 9 
040373 3 
229696 16 
011396 3 
334363 13 
010436 6 
318938 4 
115207 3 
247869 6 
018066 9 
007059 14 
034819 7 
010562 9 
023639 6 
106451 11 
002264 3 
031406 6 
237983 4 
036801 6 
249733 10 
138134 9 
325877 9 
003750 14 
406683 7 
011092 3 
213248 3 
069277 7 
069839 9 
056331 6 
018753 3 
049310 10 
535850 6 
176844 2 
015784 6 
008040 9 
199582 16 
053415 6 
043097 6 
030696 3 
043605 9 
346841 20 
190330 2 
030048 6 
196098 33 
022218 11 
078382 6 
193781 4 
043745 1 
460160 6 
183670 9 
409136 2 
288519 4 
108633 12 
453479 9 
438932 14 
420321 10 
180592 10 
005913 10 
034603 9 
246663 19 
232604 1 
006481 6 
030554 9 
065311 9 
032694 3 
233989 12 
077350 9 
017535 3 
053467 2 
018918 9 
132696 4 
203014 33 
480004 15 
027004 2 
035314 9 
009827 3 
419918 9 
526558 2 
026126 2 
093519 9 
471929 16 
421086 2 
056862 9 
479568 4 
256931 18 
046919 9 
161827 7 
532677 12 
236000 2 
036057 10 
400286 40 
273851 9 
409664 3 
489379 2 
024572 9 
189337 9 
140309 3 
117230 4 
106677 14 
018917 9 
217859 2 
012441 2 
115067 10 
044269 3 
044474 3 
121060 9 
134878 18 
226647 3 
531273 2 
056303 7 
368672 7 
027127 9 
231298 9 
005123 6 
139754 3 
334420 3 
002581 14 
070739 9 
002985 3 
271428 10 
310176 2 
504042 6 
311141 3 
009830 9 
018052 6 
078187 9 
025422 7 
048242 7 
416536 12 
231403 12 
099593 6 
477463 3 
000546 2 
170967 12 
480335 4 
135874 3 
078693 13 
014850 6 
195093 40 
334400 3 
005358 2 
346310 4 
078703 34 
171822 6 
136042 3 
396342 2 
044318 3 
033400 33 
005723 3 
004039 6 
455052 4 
028736 14 
107152 9 
002323 3 
003507 2 
001886 3 
534668 2 
004250 6 
226178 10 
014412 3 
028430 6 
003939 3 
370677 19 
005908 15 
238437 12 
245078 7 
013749 6 
356165 7 
362009 9 
345488 33 
329417 3 
097123 10 
421719 37 
060125 14 
023975 2 
011168 6 
312757 14 
267940 12 
101433 6 
026613 3 
049460 9 
000066 10 
063168 10 
261961 2 
012252 3 
358965 10 
449648 9 
076575 9 
174579 34 
524812 10 
060274 6 
007312 6 
095300 10 
011342 6 
487312 10 
093413 3 
027083 9 
046237 2 
164809 12 
140233 9 
028280 12 
052182 2 
175596 3 
024473 3 
036835 10 
183913 10 
391690 1 
216730 17 
015745 3 
034952 9 
006480 6 
152925 18 
060263 2 
014110 6 
179782 6 
440457 6 
153802 2 
310418 16 
184711 4 
138229 3 
339018 3 
536744 7 
033156 6 
004951 1 
195244 7 
096787 6 
378607 38 
043721 6 
006749 3 
149924 2 
039086 6 
054064 9 
046567 3 
061179 3 
408881 3 
136377 11 
005938 3 
069278 31 
020127 3 
070263 3 
040238 6 
003749 14 
358637 6 
012442 2 
009899 2 
260919 2 
366867 2 
147768 7 
066734 3 
454955 40 
047968 16 
131177 9 
170194 4 
424501 3 
013689 3 
137496 9 
162836 3 
001039 2 
134655 3 
104923 3 
264646 3 
327729 3 
118125 2 
020126 3 
212909 3 
465692 4 
417647 11 
025423 7 
012851 3 
040229 10 
209897 14 
281772 33 
026185 1 
017854 1 
285666 4 
015309 6 
234219 6 
002920 6 
504225 3 
075290 6 
261417 16 
026264 37 
027906 37 
297672 9 
019981 10 
010312 3 
147756 3 
474271 2 
090589 6 
384013 9 
125972 4 
384266 12 
042615 6 
156658 29 
059435 2 
393308 16 
037921 3 
062858 9 
011263 3 
440909 2 
007060 11 
001100 10 
065098 3 
014670 14 
081588 10 
000759 18 
111301 2 
169427 17 
310373 3 
013088 10 
085102 13 
425819 37 
385938 12 
208900 6 
004040 6 
025672 3 
420275 41 
370536 3 
015733 10 
333813 10 
473438 2 
259740 1 
059991 3 
055585 12 
504479 7 
004447 3 
055061 3 
113162 9 
064334 5 
023593 9 
005883 9 
405974 10 
008885 3 
405877 6 
015277 2 
362592 1 
074665 6 
003596 9 
037657 2 
318399 2 
052638 4 
191820 6 
299197 10 
075014 6 
076452 4 
454600 3 
003313 12 
313838 16 
114669 6 
018091 11 
360851 33 
146730 3 
266130 33 
113767 12 
114169 3 
068126 6 
381703 34 
340735 23 
111105 2 
339057 32 
478880 34 
048856 4 
536363 6 
208313 2 
032422 10 
038984 3 
056037 11 
083500 2 
388362 3 
052722 10 
318703 4 
064694 2 
002921 6 
240469 6 
424690 1 
359982 10 
001063 14 
169806 6 
264198 3 
485637 12 
229261 33 
045213 11 
004475 9 
153694 9 
081385 10 
245279 10 
008577 10 
132426 10 
014696 3 
012639 1 
180857 10 
182857 4 
109656 9 
537334 2 
003062 14 
269286 9 
017110 3 
055974 14 
191586 6 
024723 3 
138230 7 
407036 9 
448032 16 
251640 10 
450531 9 
025023 2 
123169 26 
073544 3 
000146 3 
085811 6 
155087 7 
208799 10 
002892 6 
086097 12 
061323 7 
207342 9 
499024 6 
261395 7 
014927 3 
220694 3 
247066 14 
184562 6 
049438 14 
482987 6 
470245 29 
161265 9 
110929 4 
233443 9 
013650 10 
065637 3 
002439 3 
126090 3 
254892 16 
038362 2 
004368 6 
029359 3 
437543 18 
191934 9 
014071 6 
161981 7 
015632 6 
405895 2 
140190 16 
067855 6 
135299 18 
321320 4 
396092 2 
489593 9 
020190 6 
250573 11 
007530 6 
052948 11 
043898 2 
011726 7 
043697 12 
253411 20 
316638 10 
016199 9 
057933 3 
040059 10 
470052 10 
034554 6 
456765 10 
008041 15 
263164 2 
010495 15 
176094 3 
032831 6 
242113 1 
036777 3 
134780 2 
411882 2 
367829 9 
422197 37 
009900 9 
019980 10 
034756 9 
007522 14 
380815 3 
049414 7 
023786 6 
102117 12 
006727 9 
000032 10 
326315 3 
365708 4 
337520 11 
003794 2 
007801 12 
521348 13 
312582 2 
051475 6 
067768 15 
321175 2 
361963 12 
066410 2 
054267 6 
377262 16 
024960 10 
012259 6 
123339 4 
037759 9 
099661 3 
327561 36 
368538 33 
056665 7 
276632 33 
474272 4 
089160 3 
111478 2 
077734 6 
317600 6 
226812 23 
224423 12 
166160 20 
071948 6 
041624 10 
006380 2 
001287 3 
345782 6 
479713 10 
420406 22 
413955 2 
482190 4 
065116 3 
014926 2 
100941 3 
253241 6 
370509 3 
000547 3 
167444 14 
100968 3 
016726 29 
019399 11 
176263 2 
032200 1 
000817 12 
387562 16 
318368 2 
032645 2 
260110 4 
111008 9 
339610 9 
002712 2 
122241 10 
076936 10 
009171 2 
062741 6 
010473 14 
024296 3 
083976 37 
137822 33 
133426 9 
383762 1 
253211 9 
434502 2 
015631 6 
020096 1 
096028 6 
061318 11 
262969 12 
256399 22 
107021 14 
347358 2 
215236 9 
392252 7 
066465 3 
533905 9 
145010 17 
013756 3 
037340 10 
460674 3 
359423 6 
022036 40 
082962 42 
421100 9 
005122 6 
084243 7 
093145 10 
003261 3 
018276 1 
002067 10 
017057 6 
002032 34 
065980 6 
032032 1 
075889 1 
099106 9 
151828 12 
469211 2 
267209 6 
049591 2 
003795 2 
037006 6 
167736 6 
024861 3 
204525 9 
309240 18 
080454 10 
083195 10 
289243 9 
336171 7 
280380 9 
008685 3 
170295 6 
017259 1 
433157 18 
004052 3 
005656 9 
286408 13 
063768 33 
441289 32 
330767 2 
474323 33 
034135 3 
010248 3 
175350 37 
451754 36 
034776 28 
070505 10 
093414 3 
318041 2 
066484 2 
134237 2 
228382 3 
095432 43 
424203 11 
141595 14 
004415 3 
305640 3 
011476 3 
527040 38 
025318 6 
005718 11 
023868 9 
231140 7 
343912 16 
138585 33 
344489 9 
009662 6 
001933 3 
024272 6 
232936 2 
024735 3 
459649 6 
300954 3 
205500 3 
162078 11 
008509 6 
054116 6 
283672 7 
071756 6 
180066 7 
228674 14 
039890 2 
311271 33 
005514 3 
084697 11 
061027 33 
215185 9 
532481 6 
064429 6 
046925 3 
037078 3 
018953 3 
216192 3 
008037 3 
439871 18 
040091 3 
383803 3 
097182 10 
480704 3 
108830 2 
006312 6 
030835 5 
033412 1 
066604 11 
023147 6 
334839 6 
087803 3 
378300 3 
029987 12 
328231 27 
328149 5 
069872 3 
284553 11 
337035 7 
009511 12 
058035 7 
296476 10 
069108 3 
021634 33 
302477 7 
073336 28 
043784 2 
202974 33 
039225 6 
007707 3 
021492 27 
030130 10 
019546 14 
101414 6 
281287 2 
040653 34 
039850 3 
322562 3 
004351 3 
288818 9 
463990 2 
106002 7 
028713 14 
050856 1 
026639 3 
035003 2 
408879 3 
068820 6 
069862 6 
102677 6 
057725 7 
242875 10 
004051 9 
165873 10 
279554 10 
106024 2 
427115 2 
312790 12 
261957 3 
024715 33 
060557 9 
018194 14 
163439 2 
074655 2 
021807 3 
005877 15 
426717 3 
415932 14 
016814 14 
427048 3 
382662 3 
395135 2 
005042 9 
445473 9 
000077 3 
191409 3 
282690 16 
365967 13 
016346 3 
274808 7 
202305 6 
001961 14 
014111 6 
400627 9 
039651 3 
026053 1 
053868 3 
344315 6 
359613 3 
009840 4 
396316 2 
014142 14 
146824 2 
360637 9 
093475 3 
118351 7 
390419 9 
048521 9 
017942 2 
021548 6 
001214 14 
205096 1 
393798 3 
159067 2 
135028 2 
020601 6 
025911 3 
372576 12 
235089 7 
022214 16 
080914 3 
147657 2 
117128 2 
115459 3 
010234 3 
010215 3 
207471 12 
103047 9 
025673 3 
042970 3 
475340 9 
024203 10 
001717 9 
001183 10 
277308 3 
081682 3 
167907 10 
017135 3 
145013 16 
013144 12 
397712 16 
001750 6 
096474 18 
506194 2 
017109 3 
215410 2 
010472 14 
019200 3 
056424 9 
322090 20 
515651 4 
054749 1 
117686 3 
281245 23 
444607 12 
327321 11 
007708 9 
275889 2 
057359 3 
109071 6 
163635 22 
319557 10 
056078 41 
016782 9 
264427 11 
058067 7 
017490 10 
390331 2 
115793 1 
234122 9 
520948 12 
339502 10 
064362 10 
344960 10 
287715 13 
005746 10 
175518 12 
358429 16 
006079 10 
322668 6 
337158 3 
067460 12 
017437 2 
055033 3 
444855 3 
293304 9 
006100 12 
445259 34 
203329 9 
204801 40 
118873 19 
150541 10 
356365 2 
332421 3 
287149 2 
198114 7 
263212 14 
268145 38 
002025 10 
091007 2 
088319 2 
081601 9 
066930 3 
062336 10 
344026 9 
310641 13 
049864 7 
176268 10 
003350 7 
205083 12 
127166 3 
136744 3 
178992 14 
010042 9 
314002 1 
185774 6 
041576 14 
001062 14 
294669 16 
316394 4 
271197 2 
080301 9 
517656 7 
004476 9 
468425 3 
366388 3 
143461 11 
505493 7 
181725 9 
043700 15 
041575 11 
054287 14 
525213 3 
355604 32 
221936 9 
049788 10 
217163 10 
023908 3 
139798 16 
329193 13 
098452 9 
020012 9 
169526 8 
055955 13 
336255 4 
005556 5 
174203 6 
478186 2 
026997 16 
144711 12 
119685 3 
148251 33 
026435 2 
402381 3 
165755 3 
073603 9 
174014 12 
482477 18 
213325 18 
121808 7 
155498 1 
221428 2 
008462 3 
042223 33 
019547 14 
170110 28 
015766 6 
438404 9 
051939 18 
107901 13 
054190 33 
483757 4 
277841 3 
139755 9 
004044 3 
011797 9 
124131 19 
017761 3 
067403 3 
082276 9 
315658 29 
010012 2 
019842 3 
435450 3 
060295 3 
463165 12 
155441 2 
000145 3 
370065 33 
393365 18 
023717 10 
008353 6 
061483 2 
011435 10 
485287 12 
004038 3 
078586 6 
019621 1 
276150 14 
079614 4 
017905 4 
021549 6 
129216 2 
475504 3 
011167 6 
064848 10 
018429 10 
146508 40 
013216 6 
035932 9 
178751 13 
047507 5 
017812 1 
086522 3 
204524 9 
167858 3 
219753 6 
000057 12 
097562 2 
082970 14 
003061 14 
120042 3 
158918 13 
277191 4 
344782 38 
218260 6 
127016 6 
320530 4 
004265 6 
242206 9 
041598 3 
242167 13 
031295 22 
111699 3 
027851 3 
352698 3 
159367 12 
055782 9 
015140 9 
116461 9 
010161 34 
005876 9 
015413 3 
532042 3 
074374 11 
235235 6 
447494 9 
036297 10 
216720 2 
010565 6 
003349 7 
467044 3 
386682 3 
079182 3 
180240 2 
171256 9 
163368 33 
001962 14 
126503 7 
040251 6 
399425 11 
216769 18 
023148 6 
034522 14 
032924 6 
235492 3 
459322 17 
477852 26 
239977 9 
030030 33 
024523 6 
014999 9 
184792 17 
407143 1 
105925 3 
371608 43 
020128 9 
024580 3 
045289 9 
394580 10 
032854 3 
004407 1 
041760 9 
014695 3 
048102 10 
019329 3 
000967 9 
025765 3 
035894 16 
076618 7 
445312 2 
195943 2 
303774 23 
005449 6 
200258 12 
314941 1 
164707 37 
230643 16 
001978 2 
526276 18 
066853 9 
246597 3 
284256 6 
254916 4 
362507 9 
035301 3 
493781 7 
163624 9 
391333 11 
231724 10 
054010 3 
327014 3 
396641 3 
511837 9 
157187 23 
093170 10 
001358 1 
209298 12 
046127 10 
009849 10 
005041 1 
038211 3 
209789 9 
030055 6 
141142 2 
306418 17 
002893 6 
009632 7 
476214 2 
421073 9 
011397 3 
050259 9 
010437 6 
339191 3 
333812 12 
326823 6 
001182 14 
001934 9 
039387 10 
333741 7 
163592 9 
264666 3 
489644 3 
017868 4 
184297 4 
091205 6 
242154 10 
012852 3 
151533 2 
390906 6 
009874 2 
017159 9 
053892 1 
056644 2 
452219 1 
017537 2 
053000 9 
014129 7 
168575 5 
498166 13 
182152 3 
235566 33 
061254 14 
355594 33 
537585 9 
039092 33 
121937 12 
191163 15 
074131 2 
092097 3 
206183 14 
108004 22 
036836 10 
017507 1 
492085 12 
482700 3 
489838 3 
261365 34 
090513 34 
069258 9 
030021 2 
093146 10 
300681 6 
028174 2 
066152 7 
233333 11 
121220 4 
048082 3 
330848 2 
015414 3 
108894 2 
025000 9 
138910 3 
381165 1 
050183 9 
272861 2 
041669 2 
002561 12 
025032 7 
063934 14 
374525 12 
061315 9 
018355 2 
356859 7 
241940 9 
029425 7 
412281 17 
082486 16 
162765 9 
164702 9 
037037 23 
000877 6 
077671 17 
063316 6 
024779 14 
129972 10 
128534 9 
006937 10 
049715 3 
065294 9 
065743 3 
001527 9 
273850 6 
072573 9 
177774 1 
363093 18 
169735 2 
338414 3 
006806 6 
003506 15 
023814 9 
286019 10 
147552 7 
025278 12 
108442 10 
000876 6 
135164 3 
171713 2 
091414 6 
028559 3 
413863 3 
127922 10 
067102 2 
335587 3 
024471 9 
132275 12 
056332 6 
318197 10 
041484 2 
275565 34 
123592 6 
508922 6 
007751 10 
002374 1 
433431 26 
036806 9 
121442 11 
407565 33 
035123 3 
064674 9 
258354 10 
033070 7 
152406 4 
037213 10 
016490 3 
420263 2 
080722 9 
017100 3 
018758 6 
430520 34 
403898 3 
086762 10 
273511 6 
025230 2 
020607 9 
006437 3 
044331 1 
017506 1 
298116 16 
281025 4 
190018 13 
005715 3 
011392 6 
009873 2 
221900 10 
116978 9 
025984 3 
018759 6 
055922 6 
030047 9 
099507 6 
071509 6 
123848 10 
102320 6 
444721 16 
343082 4 
373542 3 
060503 3 
223695 10 
512458 33 
124127 9 
396879 13 
335824 34 
383777 33 
024734 3 
287657 13 
001772 9 
071446 6 
142409 3 
201408 10 
001977 9 
341311 6 
328300 16 
005555 5 
105454 20 
501957 2 
331120 9 
217650 9 
416081 32 
259511 29 
013889 14 
407542 16 
101696 14 
121510 9 
386325 10 
077414 2 
429999 20 
018629 1 
043544 2 
039372 9 
295167 9 
033031 2 
281964 2 
050123 6 
008839 11 
218851 28 
434016 6 
010249 6 
011343 6 
458019 3 
296461 9 
003830 6 
410785 33 
104108 11 
029949 7 
002026 10 
207363 9 
000643 6 
269551 22 
097466 2 
187610 3 
015596 10 
078670 6 
338492 3 
459019 10 
165146 12 
322296 6 
078084 6 
353242 3 
261713 10 
024260 3 
029716 9 
069337 4 
479278 3 
087132 10 
020383 33 
479544 2 
498348 2 
042620 2 
244491 6 
077287 10 
129985 7 
389359 3 
064428 6 
459866 10 
343689 2 
178595 33 
366277 9 
010523 10 
001718 9 
011881 6 
302975 3 
096805 12 
066915 7 
429183 3 
043626 4 
191965 12 
484722 9 
003595 3 
122390 3 
010433 3 
374098 3 
109453 2 
156306 2 
002509 6 
438595 3 
047967 14 
149859 7 
054317 9 
008510 6 
443522 3 
004944 10 
132164 3 
288682 16 
067236 9 
088399 34 
047573 12 
109728 11 
181747 23 
059095 6 
022902 10 
390379 19 
076565 7 
490961 44 
004018 6 
476681 15 
020550 3 
039796 6 
418783 12 
002567 2 
301597 7 
070221 6 
381107 7 
215435 12 
052733 6 
237296 3 
486310 3 
450320 1 
032233 6 
000209 9 
045091 10 
011877 2 
410768 26 
004818 6 
306677 11 
463789 3 
519858 14 
024793 6 
110897 10 
119370 7 
002656 14 
299458 13 
366772 15 
049323 2 
033359 3 
066448 10 
089595 7 
205939 9 
042587 2 
318651 2 
435012 9 
124799 9 
260444 9 
048241 7 
045090 10 
002265 3 
128068 18 
444630 2 
047485 1 
088874 14 
180558 20 
040096 18 
529082 16 
035931 9 
351244 2 
074023 11 
370382 9 
296354 2 
047020 1 
001810 6 
008867 10 
181439 10 
045157 12 
021279 7 
321207 9 
245580 9 
521537 26 
080913 3 
046731 15 
414584 7 
050535 6 
121847 4 
231428 1 
010322 3 
001749 6 
144701 9 
001809 6 
291511 7 
023310 3 
440101 16 
024163 2 
127241 10 
284989 7 
203857 9 
461731 10 
029885 2 
017811 1 
121337 28 
034936 9 
094018 37 
142825 3 
193031 3 
024390 6 
266164 13 
122595 9 
328819 12 
167854 3 
005450 6 
006801 3 
224541 9 
227959 34 
006799 3 
341650 18 
004416 12 
100703 9 
060700 12 
296052 3 
163938 17 
164703 3 
243522 6 
011477 9 
222885 9 
067435 12 
021713 1 
454316 6 
374550 33 
048801 33 
100431 10 
367599 2 
002711 2 
051057 15 
272327 41 
080440 9 
002010 11 
132922 10 
411799 4 
254812 10 
088971 3 
455730 21 
517038 23 
029152 6 
127387 6 
444513 10 
142423 4 
029357 2 
295096 3 
447128 18 
126186 13 
043043 6 
006802 2 
466790 5 
020542 3 
395731 29 
485928 4 
487439 2 
398413 2 
358720 33 
360166 25 
400841 25 
272394 25 
