0 2.285897731781006
529082 1 
039372 2 
483257 1 
011726 1 
090178 1 
005913 3 
008685 4 
076078 4 
070505 3 
406683 1 
248792 1 
061018 5 
293673 6 
002656 1 
025820 4 
110897 4 
138134 7 
132164 8 
016053 4 
387562 9 
021279 3 
039697 10 
003121 11 
076938 1 
072611 4 
053467 4 
337035 3 
459019 12 
015414 10 
069707 5 
266108 10 
200258 1 
032422 9 
112492 9 
421086 9 
071948 11 
260986 5 
318621 4 
322337 13 
138585 14 
133591 9 
010359 11 
005876 10 
009827 4 
042034 10 
014110 11 
112965 9 
043294 9 
060733 15 
258354 16 
501957 1 
026650 1 
087439 14 
047967 1 
298195 1 
210073 14 
414291 9 
011588 10 
007312 11 
025423 3 
006721 11 
004476 5 
038939 17 
244050 12 
002559 9 
025033 3 
221428 9 
052722 18 
000037 5 
460039 1 
479568 9 
023908 10 
032831 9 
001750 11 
490961 19 
153471 3 
007168 10 
010248 4 
508330 3 
298701 12 
007754 11 
046127 16 
339018 4 
391712 10 
091206 5 
386552 3 
052733 11 
093413 10 
053167 10 
447035 9 
004264 11 
060188 15 
097466 1 
046925 10 
146730 4 
421387 5 
505417 14 
000546 10 
300537 18 
063213 10 
008801 11 
066219 20 
017942 9 
435012 12 
000031 16 
445259 16 
008461 10 
152779 10 
491986 5 
026526 1 
120358 10 
484291 18 
449745 12 
260110 9 
000032 16 
006938 16 
101433 9 
033400 1 
089059 15 
322090 21 
006577 4 
126808 5 
029716 5 
423886 1 
391333 1 
360102 9 
083010 11 
001376 3 
167136 16 
296354 10 
203014 11 
512267 1 
037759 5 
136744 10 
186380 10 
116461 5 
311477 2 
331619 10 
054749 5 
003830 11 
417647 1 
159067 9 
147919 10 
108002 5 
180558 16 
370136 16 
169526 22 
218411 4 
052345 11 
007752 16 
501775 14 
159367 17 
483690 11 
336171 10 
189337 5 
024390 11 
383777 1 
035301 10 
002025 3 
261957 5 
082276 5 
298252 12 
404891 5 
407872 1 
010161 5 
309240 1 
299197 9 
123339 9 
374550 14 
137822 10 
140233 10 
254812 3 
468755 20 
006274 11 
233314 23 
277191 9 
293304 4 
008353 9 
347358 9 
344527 9 
215846 1 
002921 11 
079182 9 
377260 9 
396316 18 
043488 12 
108442 24 
444721 9 
528360 16 
501520 10 
265037 5 
258913 16 
283725 11 
147768 3 
012851 10 
060700 9 
002711 9 
014361 3 
092977 11 
025230 9 
097182 16 
105925 4 
100968 23 
322562 8 
284959 14 
027851 4 
400286 25 
102145 9 
249733 16 
023640 9 
024118 11 
066448 3 
206197 10 
471006 8 
026126 9 
121808 1 
001287 10 
010042 5 
424501 5 
181897 26 
411665 3 
005909 10 
102049 4 
000057 10 
204801 15 
521348 1 
088834 16 
348455 3 
006806 3 
155595 9 
067303 4 
407542 1 
013748 11 
402381 10 
096246 5 
054065 5 
233989 5 
114209 9 
395731 27 
116978 9 
069505 4 
139798 9 
487439 10 
184653 9 
028559 4 
085683 4 
043132 17 
418888 18 
036860 18 
326315 10 
398639 7 
337800 10 
130317 18 
358429 28 
033156 1 
152593 5 
086762 1 
135028 10 
009661 9 
346841 6 
298328 1 
017868 9 
102445 11 
010329 7 
107700 29 
004818 11 
000642 11 
247056 18 
285934 6 
034952 10 
275377 17 
223695 23 
208900 5 
278085 9 
067102 9 
002009 9 
316638 6 
444248 1 
045220 10 
024087 10 
330882 9 
195093 15 
037078 4 
426717 4 
164720 9 
060125 19 
424810 11 
182857 9 
224423 5 
327729 4 
073603 15 
167736 7 
023717 18 
114951 9 
536662 9 
485637 9 
016346 4 
065436 10 
019981 12 
045126 5 
359423 5 
036120 9 
029357 9 
486310 12 
055585 10 
176098 14 
022286 1 
121881 4 
017754 9 
285078 9 
444513 15 
065637 10 
091844 5 
048241 3 
444630 9 
217859 9 
042973 6 
441289 25 
133649 15 
048541 10 
473220 17 
002580 18 
052876 10 
006001 11 
494812 3 
408151 5 
041597 10 
005856 3 
084243 17 
047818 18 
454316 9 
004550 9 
170385 12 
385521 2 
071816 1 
022008 11 
444855 5 
183670 10 
109744 30 
343689 1 
040653 28 
531273 1 
053535 16 
105883 5 
013756 10 
120397 10 
147552 15 
059096 11 
138556 11 
132113 23 
000027 14 
034208 5 
401567 4 
079873 10 
433157 30 
041625 3 
127016 11 
023814 5 
006552 5 
000066 12 
026184 5 
062258 18 
011264 9 
514818 10 
306889 1 
088319 18 
526276 24 
318041 9 
205500 5 
183189 18 
450453 4 
481169 4 
014362 3 
047413 16 
370536 4 
335587 4 
032924 11 
049437 1 
031712 4 
103035 10 
006801 18 
101241 31 
099661 4 
480870 1 
046567 7 
191426 10 
242863 5 
024523 11 
356984 21 
043697 16 
213898 4 
005057 1 
006070 10 
236283 12 
006727 10 
009031 10 
348600 5 
146508 25 
454365 1 
087384 17 
179928 10 
386682 10 
475340 5 
111478 9 
414345 10 
210689 17 
003939 10 
121509 4 
087803 10 
366867 14 
014772 5 
088340 4 
472806 4 
276632 14 
007708 4 
376825 5 
411799 9 
409136 9 
001347 11 
429183 5 
010588 25 
067855 11 
040982 4 
016726 22 
143461 1 
493781 14 
433612 1 
006481 9 
346269 4 
212894 9 
055843 11 
002026 3 
171822 5 
169735 18 
043721 11 
069550 5 
509958 10 
008475 5 
013880 11 
085102 5 
096383 5 
207471 29 
480893 4 
089299 5 
041484 18 
017100 4 
147657 9 
057127 32 
063552 3 
178498 10 
020127 10 
291549 9 
061323 17 
054317 10 
425819 24 
293498 27 
079431 4 
008885 10 
136896 5 
115067 6 
060263 9 
080779 5 
006805 3 
025278 9 
447494 12 
052948 1 
071740 11 
036813 18 
005094 10 
408879 15 
048103 19 
273851 5 
281964 28 
001101 16 
114861 9 
074656 9 
132545 5 
035842 17 
016474 16 
020601 11 
019789 5 
199396 14 
157488 10 
074374 1 
474746 1 
059385 4 
091364 4 
049310 3 
110929 27 
064426 5 
016520 10 
444607 14 
424203 1 
002985 10 
001214 19 
081520 9 
234882 12 
009840 1 
148251 14 
503111 10 
065381 9 
020010 4 
334398 12 
062156 6 
089196 10 
181662 11 
141595 28 
093519 18 
327561 28 
016490 4 
064429 11 
052298 10 
008154 10 
146824 9 
170110 5 
060295 10 
151871 10 
156658 22 
195469 23 
071508 11 
259740 5 
009511 14 
296476 24 
455730 27 
024437 10 
287149 1 
123090 1 
015632 11 
005556 10 
410510 3 
368538 14 
102042 19 
311141 4 
009900 18 
011881 11 
082970 19 
140857 14 
226245 10 
199582 18 
012638 5 
055735 23 
261417 12 
162765 5 
267574 10 
076432 3 
049414 10 
271912 33 
127241 12 
068539 10 
109607 16 
460777 10 
472363 12 
039070 10 
420263 18 
508890 9 
060956 9 
236000 18 
443522 10 
489621 19 
111212 10 
128534 5 
459649 12 
261395 18 
378607 19 
379520 9 
090721 1 
461220 10 
029331 5 
034756 5 
468425 10 
003506 10 
378446 16 
069205 5 
059435 9 
005723 10 
104108 10 
017506 5 
012018 5 
281126 5 
058173 10 
156449 3 
498348 10 
385210 9 
082224 9 
027003 9 
092551 11 
394027 28 
026774 3 
334400 5 
000145 4 
044877 9 
022902 16 
285666 9 
010473 18 
039890 9 
074089 4 
229179 10 
401685 23 
309423 9 
017437 9 
038315 5 
219753 11 
024142 4 
049343 5 
064848 16 
017537 9 
035314 9 
264198 10 
087130 9 
156306 9 
244927 5 
004051 10 
254402 1 
024579 10 
003596 4 
286408 15 
018420 3 
372709 19 
052638 9 
288818 18 
231061 17 
237983 9 
065109 4 
161265 5 
008037 10 
426212 10 
029055 9 
041598 4 
059997 28 
023355 4 
068870 11 
469211 11 
029715 5 
205096 5 
047507 10 
306418 10 
341311 11 
362102 10 
171706 9 
216769 34 
309691 7 
252570 9 
406599 11 
003794 18 
072576 5 
039086 3 
028639 5 
118103 1 
030130 3 
060274 11 
030047 9 
048053 5 
007707 4 
100843 5 
126090 4 
011342 11 
459322 20 
082022 18 
024792 9 
390379 19 
280380 4 
439946 5 
533849 17 
014412 10 
156491 3 
285276 17 
030681 10 
003313 14 
075014 11 
056216 10 
001717 5 
459866 16 
064335 10 
024471 4 
190018 26 
024861 4 
056331 11 
041624 3 
005912 3 
007148 1 
284989 9 
130941 5 
514588 9 
060503 4 
228382 10 
072111 12 
006802 18 
042970 4 
101414 11 
004040 11 
098263 5 
007167 10 
088556 10 
270595 35 
043784 18 
018758 11 
017160 10 
123836 7 
046881 9 
030621 10 
056215 18 
526558 9 
131177 24 
026639 10 
065295 5 
003321 1 
118673 35 
467106 9 
274808 1 
021807 10 
144599 16 
381869 10 
017711 18 
166160 4 
440909 12 
024779 18 
027911 12 
360851 14 
516745 35 
296052 10 
246663 21 
433552 5 
327321 5 
272861 1 
293825 1 
109791 10 
497100 5 
353242 10 
390651 9 
036806 5 
017905 9 
114783 5 
164702 5 
099421 18 
331390 4 
028133 4 
019199 4 
506194 9 
300681 4 
068126 11 
114956 12 
075736 28 
126970 5 
011434 16 
127922 12 
012303 9 
147756 10 
036093 31 
377061 4 
006313 11 
227601 9 
013430 10 
470852 10 
108894 9 
055070 11 
089547 16 
093146 16 
473176 10 
378300 10 
124039 5 
029614 4 
031406 11 
317600 9 
032317 10 
001527 5 
018753 10 
077350 4 
148400 10 
063316 11 
043745 5 
050183 9 
141679 10 
050258 10 
010215 7 
099106 5 
009873 9 
009007 10 
366388 10 
091066 10 
071509 11 
408881 4 
004037 10 
041864 10 
350717 10 
047020 5 
260919 9 
040091 10 
247014 9 
214925 27 
493392 10 
063934 18 
196098 14 
277841 10 
463165 10 
051528 16 
340344 4 
505493 1 
034603 10 
191163 5 
074745 1 
004017 11 
533905 5 
072573 5 
093729 5 
126503 1 
065294 5 
009899 18 
028132 9 
069079 4 
015745 10 
021492 5 
067403 18 
127387 9 
053434 11 
367599 16 
011392 11 
192400 5 
082486 9 
254892 36 
360166 37 
096474 5 
002439 10 
240504 20 
484722 29 
004951 5 
029152 11 
266164 15 
005663 11 
213006 10 
068820 11 
014850 11 
023639 9 
499024 11 
000433 16 
087132 3 
269000 10 
262108 15 
405895 1 
072620 4 
069356 3 
006069 10 
470245 38 
261961 18 
015183 9 
136663 12 
003938 10 
137286 3 
183913 18 
327014 10 
001842 35 
033043 4 
056665 3 
263164 9 
099326 24 
010563 4 
169491 18 
100941 10 
007800 10 
114834 16 
362009 21 
093397 10 
149924 10 
049788 1 
321320 5 
448255 26 
007311 11 
090564 34 
174203 3 
026435 13 
243522 6 
005855 3 
023593 5 
016199 4 
001183 18 
095193 1 
039795 11 
084697 1 
109656 9 
021273 5 
075889 5 
004052 10 
004475 5 
005272 10 
007529 11 
100827 28 
339610 24 
010311 10 
155498 5 
381107 1 
140309 5 
030056 11 
005450 11 
010796 18 
045213 1 
024473 4 
107727 5 
245727 11 
254282 4 
297398 1 
020383 14 
039796 11 
480335 5 
340735 8 
393798 10 
305640 4 
070360 9 
177774 23 
070278 12 
310641 5 
278219 9 
068962 1 
204524 4 
144396 4 
170776 1 
445312 18 
477463 5 
133063 1 
011708 10 
124717 17 
135299 30 
171971 18 
266590 10 
053120 11 
215435 24 
021548 11 
061999 5 
218360 4 
164217 18 
009171 18 
110798 18 
232936 9 
010565 11 
259519 4 
098264 5 
056862 5 
365504 26 
214006 5 
051836 9 
057725 10 
035933 10 
134655 10 
218260 9 
062741 11 
376093 10 
069708 5 
167858 4 
318703 9 
344026 5 
024297 10 
009830 5 
014111 11 
004944 9 
080309 1 
067767 9 
036801 12 
014767 9 
377887 9 
517038 21 
077671 4 
000643 11 
021876 10 
416536 27 
359982 23 
410785 14 
318547 1 
062335 16 
064362 12 
175152 34 
322185 21 
245279 16 
085811 11 
517839 5 
352698 4 
084740 5 
033412 5 
283672 3 
045157 17 
065116 4 
004018 11 
073544 10 
005122 9 
056424 11 
006171 10 
023310 28 
029994 10 
286019 24 
145013 9 
000547 10 
115207 10 
002323 10 
486307 15 
005724 10 
094135 9 
035123 10 
129972 3 
023070 18 
176811 10 
007059 19 
029359 10 
057440 9 
140200 9 
125673 10 
000759 1 
007522 29 
082962 13 
161981 9 
029148 16 
111105 10 
078703 1 
466878 5 
080722 5 
012259 11 
046731 10 
105997 1 
010234 10 
399919 14 
032233 9 
012191 9 
536363 11 
031224 10 
460674 4 
022048 6 
467579 16 
169012 10 
042016 11 
088874 19 
366772 7 
141142 10 
017308 10 
050259 4 
311255 5 
054267 11 
499633 12 
047573 9 
291688 1 
015413 10 
365708 9 
053296 4 
006749 10 
000691 1 
001375 11 
203329 21 
010251 10 
007060 19 
006937 16 
180722 1 
038211 10 
207801 9 
025933 11 
004351 10 
035921 19 
295096 10 
025672 10 
105596 1 
116503 1 
388362 3 
382758 9 
082222 5 
034942 10 
352783 16 
000038 5 
181439 18 
013749 11 
390259 3 
111008 10 
018053 11 
004352 10 
264666 10 
302973 9 
333741 12 
008041 10 
069862 11 
249718 5 
180592 6 
163368 14 
325088 16 
323037 14 
235566 14 
174014 1 
150541 8 
218253 16 
008578 16 
111722 13 
011263 4 
399261 17 
046902 10 
008066 10 
004506 4 
431686 4 
415932 18 
145012 12 
043544 9 
081682 4 
113823 3 
024486 23 
156299 10 
452219 5 
263212 4 
165873 12 
006080 16 
012717 10 
380815 10 
372487 4 
207541 14 
174191 9 
068431 4 
031295 32 
015547 9 
069108 10 
000188 1 
396879 26 
106677 1 
010312 10 
181996 5 
065326 5 
490362 5 
027359 5 
034816 24 
081242 5 
370677 19 
010562 4 
448309 18 
097123 12 
315658 22 
024942 1 
006100 10 
036296 3 
010495 10 
175350 7 
489593 14 
054064 5 
355594 1 
208313 1 
026596 9 
045090 12 
392368 14 
396092 5 
071825 9 
151828 18 
394580 5 
245078 1 
312757 10 
132426 5 
317782 20 
411882 1 
176263 1 
127449 9 
076936 3 
035032 4 
005938 4 
071446 16 
037921 4 
029949 1 
311795 1 
231298 5 
221251 14 
001348 11 
002264 10 
020190 11 
073163 16 
053000 4 
085684 4 
024472 1 
333249 17 
263546 17 
121442 1 
022218 1 
519878 9 
019546 28 
163439 9 
161207 1 
023071 35 
105306 19 
012217 1 
021770 5 
425373 21 
477303 5 
121567 1 
211842 5 
429395 14 
009849 3 
208799 3 
002930 5 
041576 19 
168505 5 
014129 3 
118283 4 
191965 9 
005058 5 
006800 10 
020201 10 
251640 12 
121510 9 
030696 9 
240454 10 
045561 17 
168575 10 
021374 5 
218851 6 
010437 11 
093475 10 
055048 17 
075894 11 
212909 4 
224152 9 
017110 10 
035003 9 
102249 5 
029987 17 
515651 9 
268447 10 
213254 9 
049864 3 
397061 10 
393308 28 
065098 4 
096805 21 
093414 10 
207342 5 
001977 9 
452739 9 
206183 10 
013144 10 
100431 16 
047414 12 
175596 7 
064694 9 
299143 1 
172432 9 
427115 9 
477852 9 
088399 19 
165711 21 
117230 9 
163938 4 
070221 11 
470052 5 
008509 11 
090513 16 
061377 11 
055922 9 
242875 16 
362507 5 
079206 10 
400841 15 
375177 4 
243075 1 
044269 10 
144711 4 
137217 16 
067393 11 
042621 5 
173869 12 
020660 10 
083500 18 
140190 9 
039651 10 
359613 10 
083048 17 
029501 5 
266130 14 
450531 5 
062742 11 
440457 11 
068558 9 
096028 3 
012718 10 
399334 14 
300954 10 
331289 10 
299713 24 
015277 10 
129985 24 
407860 5 
003829 11 
135874 5 
030400 18 
498120 4 
536364 1 
193781 1 
282739 3 
318368 9 
120229 16 
014297 18 
233443 5 
004367 11 
008800 11 
003260 10 
004950 5 
163624 4 
235090 1 
479544 18 
066920 14 
118125 4 
117686 10 
059015 16 
119685 10 
288609 9 
456251 10 
268145 25 
453479 5 
318938 10 
018052 11 
034554 11 
067545 5 
171713 9 
420406 9 
061559 5 
012442 9 
017811 5 
152925 14 
502394 10 
015631 11 
405877 11 
003350 3 
025231 9 
019842 4 
020012 5 
511837 13 
013689 10 
070263 10 
407143 5 
311758 18 
456765 12 
371495 17 
044317 4 
336255 10 
027499 9 
027083 4 
486718 5 
277501 4 
085165 4 
006380 9 
228378 10 
049323 9 
006079 16 
202974 29 
093170 17 
007842 4 
097567 9 
432027 5 
033833 11 
151533 1 
006748 10 
232604 10 
519743 39 
112586 10 
018277 5 
115180 14 
161827 5 
204525 4 
482477 9 
018629 5 
001886 10 
312532 10 
536744 10 
407036 10 
255764 5 
040230 12 
440101 14 
037698 5 
026264 9 
343231 5 
281025 5 
338414 10 
095224 10 
014695 4 
527040 15 
263283 6 
081385 16 
356365 1 
002322 10 
093145 16 
123128 1 
053243 4 
080440 5 
161554 11 
272394 37 
463990 1 
400627 9 
000146 4 
011167 11 
016524 3 
121937 1 
275782 11 
000209 4 
396342 1 
005123 9 
407087 3 
235089 8 
182935 10 
446982 10 
454955 40 
029377 9 
105251 22 
159596 27 
022214 28 
189031 5 
356763 10 
121337 23 
353071 5 
123169 17 
061254 19 
353380 4 
157977 5 
035894 1 
463432 4 
445473 5 
300205 2 
134237 9 
018355 10 
261713 24 
521537 17 
514716 10 
132696 1 
094018 41 
025673 10 
004039 11 
011435 16 
057489 4 
067460 1 
038502 16 
230643 17 
399900 5 
253369 10 
055974 19 
024862 4 
475504 10 
221762 26 
253241 38 
048102 16 
076565 3 
278687 5 
491765 1 
001358 5 
373030 5 
423800 10 
130011 12 
374525 17 
048856 9 
489644 10 
275889 29 
021712 5 
259973 10 
439871 14 
099507 11 
321207 5 
297672 21 
114669 11 
448032 17 
531698 1 
246597 4 
068515 4 
148385 32 
018917 5 
231140 1 
051786 3 
446658 9 
408330 9 
042615 11 
014696 4 
267209 3 
097562 10 
086109 11 
023786 11 
065784 11 
400679 5 
302975 16 
180857 24 
395135 18 
028645 14 
207285 10 
123592 11 
048801 14 
117128 9 
025066 10 
358965 16 
395452 4 
152406 4 
046592 1 
062858 5 
055782 5 
264646 10 
314803 5 
023868 5 
062336 12 
122595 5 
011877 9 
007918 10 
006551 5 
083195 16 
324876 18 
284437 10 
346310 9 
203857 4 
099593 11 
074023 5 
020128 5 
011476 10 
063073 16 
458475 17 
222125 5 
492085 5 
087547 5 
000078 10 
069864 12 
407273 9 
362592 5 
041575 19 
269286 5 
005883 5 
418953 21 
032423 16 
175720 10 
159150 3 
078819 33 
178751 42 
039774 10 
091205 11 
124262 23 
100703 4 
370065 14 
032509 16 
421719 24 
368672 9 
002032 5 
086097 12 
162836 4 
474271 1 
074017 12 
405648 5 
212350 40 
258009 3 
184303 9 
083976 8 
233333 1 
276150 18 
185861 19 
201408 16 
225059 19 
053870 9 
016519 10 
080914 10 
195942 9 
329417 4 
190330 4 
201049 10 
111301 9 
013779 11 
054786 28 
052949 1 
319557 16 
477551 10 
314002 5 
107492 5 
047968 19 
017159 10 
010011 10 
012241 9 
500841 9 
020550 5 
284036 1 
318399 9 
092097 10 
222885 5 
091951 9 
390906 5 
022509 11 
339057 23 
078586 11 
024204 16 
205836 1 
011091 18 
042108 5 
236710 5 
170967 9 
081588 16 
033069 3 
040059 12 
467044 6 
452992 4 
091007 9 
395028 9 
063168 16 
145010 28 
089595 32 
037916 10 
055530 4 
303774 26 
216730 6 
217566 3 
205083 10 
505727 18 
074655 9 
025984 10 
140581 16 
032837 5 
042294 10 
078084 9 
005908 10 
361605 9 
229696 16 
033359 10 
313091 23 
111905 4 
317260 21 
055435 10 
105882 5 
035211 16 
403933 5 
157187 21 
519858 29 
052284 5 
324676 17 
023718 28 
016764 5 
379074 14 
330848 9 
101696 18 
001749 11 
020342 9 
403369 10 
316157 27 
037213 5 
457215 31 
390419 10 
163635 8 
017854 5 
046237 18 
017535 10 
109124 1 
170275 8 
185774 11 
207363 4 
438595 10 
191934 5 
252821 5 
055061 4 
010958 5 
277944 4 
026054 5 
137496 4 
153694 5 
524812 16 
170295 11 
382662 4 
258509 39 
130752 42 
048242 3 
022873 5 
381703 20 
050535 11 
017057 11 
010472 28 
155826 16 
001039 4 
012639 5 
080454 12 
356859 32 
023147 11 
142423 9 
053632 4 
064428 11 
003595 4 
471929 17 
002712 9 
009848 3 
047300 4 
164703 10 
062000 5 
020420 12 
051649 9 
316417 1 
071981 5 
178595 1 
242206 4 
014287 5 
381165 5 
057933 10 
094946 4 
296876 14 
451754 9 
320530 9 
152612 26 
096787 5 
014927 4 
339260 1 
134780 10 
025000 9 
033339 9 
018953 4 
332421 10 
529996 10 
226178 3 
402157 5 
004914 17 
184297 10 
010433 10 
034839 24 
241938 10 
017595 4 
537585 5 
243441 1 
029874 19 
011477 10 
476242 14 
191820 11 
074131 1 
012214 10 
504192 18 
203596 5 
504225 10 
010012 9 
109071 9 
356139 18 
528473 14 
007975 10 
010307 9 
219729 15 
024260 10 
449648 4 
109728 1 
242154 12 
277308 10 
008510 11 
480004 6 
060557 5 
474371 16 
001718 5 
397468 10 
165755 20 
052933 19 
121847 12 
009006 10 
068332 18 
181129 10 
040173 11 
246772 4 
017259 5 
135164 4 
044474 5 
004893 10 
318651 5 
001810 11 
002892 11 
025987 9 
342116 10 
426676 40 
011393 11 
040251 12 
003544 11 
106091 16 
167907 16 
532438 9 
002265 10 
124131 2 
066256 4 
009132 8 
121060 5 
012304 9 
002067 16 
367398 11 
413955 18 
035414 4 
001646 9 
014930 11 
334070 5 
069872 10 
226927 14 
123848 21 
012397 10 
039445 4 
227177 9 
021858 10 
165146 9 
468186 1 
005375 5 
489379 18 
030554 4 
006312 11 
485928 9 
008428 11 
532481 11 
043898 10 
011804 10 
051617 10 
093237 20 
014670 10 
119370 26 
176094 10 
010321 4 
502444 10 
311303 1 
496461 5 
418783 14 
089160 10 
333813 16 
007530 11 
158787 3 
506673 14 
051663 5 
184792 4 
326823 11 
029993 10 
337158 10 
020672 10 
079614 1 
022064 10 
024735 10 
297489 27 
041716 4 
030835 10 
002561 9 
080153 4 
443795 5 
027636 4 
005092 29 
130795 7 
217650 9 
146342 9 
043626 9 
066915 3 
216590 9 
010523 12 
061483 4 
001357 5 
011373 9 
143048 12 
024734 10 
005359 9 
061179 10 
290887 40 
017491 12 
396310 10 
020607 4 
323656 16 
269551 9 
188516 43 
007445 4 
170194 9 
057359 4 
006614 10 
065980 9 
235961 14 
457660 31 
312582 9 
093901 1 
372092 5 
026363 9 
013216 11 
328300 9 
296710 11 
002893 11 
081027 4 
020105 10 
015139 5 
021549 11 
463850 27 
032200 5 
066604 14 
478186 12 
184310 10 
266389 33 
043097 9 
234555 1 
310373 4 
028415 5 
193031 10 
102117 17 
006099 10 
343082 9 
281287 18 
042223 14 
023148 11 
076575 5 
178158 9 
174579 43 
001062 19 
001100 16 
226647 10 
013049 4 
174567 6 
002986 4 
088971 10 
454600 4 
006480 9 
259511 22 
136377 1 
032957 16 
328819 17 
036057 28 
222720 10 
106451 1 
142825 10 
027906 5 
011709 10 
267940 18 
017109 10 
020307 12 
025937 5 
078382 11 
491525 26 
167940 4 
187145 14 
029413 11 
192869 40 
120668 1 
199664 5 
035043 5 
367361 1 
108830 1 
077764 3 
244763 5 
039332 18 
037175 4 
026185 5 
048346 11 
007801 10 
172042 9 
132275 9 
421073 10 
463093 5 
032854 4 
069665 10 
020096 5 
047194 4 
483757 9 
491709 10 
044686 16 
030647 10 
363093 9 
034616 32 
086369 3 
065850 5 
139755 4 
035932 4 
333812 24 
092553 4 
358160 9 
262969 9 
247066 29 
104593 9 
002374 5 
301597 32 
038557 32 
228919 9 
261365 5 
055033 7 
107900 5 
150483 5 
091414 11 
001215 19 
399856 10 
008577 16 
189796 19 
037657 9 
358637 11 
005449 11 
295282 5 
049639 10 
223714 9 
037130 10 
138910 10 
001772 10 
018066 38 
337520 1 
015784 11 
018711 17 
019500 4 
028429 11 
182640 32 
029737 40 
030580 5 
221936 5 
084698 5 
164809 1 
410768 17 
375342 10 
479713 16 
159405 10 
331120 5 
331482 17 
021693 10 
025032 3 
023975 9 
320977 5 
109453 1 
004415 10 
002566 9 
022630 5 
003261 10 
043605 4 
055923 9 
081383 19 
446842 9 
209897 26 
059242 10 
171655 32 
463789 4 
242113 5 
294669 1 
129216 9 
220694 10 
217163 12 
018001 10 
180066 1 
040060 16 
019329 4 
036620 24 
228674 9 
139754 4 
047808 10 
240163 5 
049696 18 
005715 4 
118351 9 
446491 1 
017651 10 
195244 3 
312726 10 
076452 10 
105595 1 
310176 18 
438404 5 
051939 1 
132922 16 
000876 11 
025695 1 
316103 10 
090589 11 
493693 9 
476214 12 
065743 10 
006613 4 
067903 4 
383803 4 
028736 18 
320680 14 
057405 10 
122241 1 
134878 18 
477152 24 
128406 1 
006275 11 
028885 11 
189702 7 
356840 10 
241940 10 
209789 5 
309186 5 
014931 11 
024438 10 
123507 9 
066399 1 
107811 9 
113387 4 
020628 10 
104923 4 
455052 5 
044318 4 
040238 11 
227959 1 
088743 14 
032694 10 
017761 10 
482700 9 
012441 9 
051489 3 
213325 12 
143273 5 
025318 11 
083273 16 
014142 18 
030048 9 
061147 10 
384311 9 
176498 9 
013778 11 
075955 5 
033176 9 
115459 4 
190630 11 
391332 1 
236937 12 
234219 11 
063768 14 
126974 4 
361334 4 
052182 9 
095273 1 
103452 10 
278381 11 
496165 4 
074326 3 
158918 5 
253211 40 
197922 5 
082818 6 
176151 1 
198114 1 
391690 18 
089358 9 
396641 4 
025815 11 
214487 22 
314941 5 
083628 5 
036777 10 
059991 10 
008839 1 
375473 5 
066853 4 
441491 14 
049591 1 
006799 10 
241311 9 
054010 4 
085451 11 
004407 5 
016814 28 
414750 9 
078623 1 
325877 17 
013373 11 
077287 16 
012852 10 
064674 5 
192828 41 
288682 34 
040096 27 
007751 16 
328149 23 
279554 12 
334979 4 
033070 3 
126186 15 
079339 5 
482190 12 
385938 14 
399425 24 
173312 5 
063207 11 
150162 9 
328805 9 
004848 44 
004446 4 
125452 14 
074097 11 
467989 10 
203087 5 
152806 1 
119464 4 
433311 9 
191586 16 
387897 3 
231724 11 
260106 19 
454491 4 
050123 13 
373542 4 
069074 24 
004044 4 
098452 5 
004251 11 
235235 11 
488996 5 
048082 4 
058067 3 
091886 20 
032645 9 
035679 10 
133426 18 
408967 5 
330065 10 
035498 5 
122390 10 
344960 5 
473438 12 
028280 9 
019621 5 
000526 9 
393365 9 
229261 41 
485287 5 
189819 11 
086522 4 
046919 5 
528506 14 
039850 10 
434016 1 
358720 14 
213248 20 
051057 10 
215410 9 
334420 10 
005664 11 
066410 9 
115123 11 
240469 11 
334839 1 
282690 9 
419366 1 
351619 10 
384013 4 
510223 5 
412281 5 
244491 11 
281245 15 
170676 16 
005358 9 
026997 9 
062873 4 
461944 34 
145110 12 
065311 10 
231428 5 
278711 5 
027004 9 
226732 5 
051475 27 
054444 4 
215236 4 
056037 5 
125972 9 
024580 10 
508539 10 
294482 3 
381253 9 
078383 5 
476681 10 
080301 4 
261512 9 
234592 1 
075768 14 
004408 5 
027517 5 
184711 10 
447128 9 
364017 5 
022036 25 
011521 10 
040946 17 
502376 20 
066929 10 
355604 6 
532677 9 
010957 5 
298116 1 
282919 5 
060504 4 
389697 10 
028236 5 
257314 5 
492917 12 
017258 5 
069278 2 
088660 5 
395344 15 
239980 14 
508922 9 
287657 31 
008040 4 
197280 41 
359110 18 
018091 5 
421717 10 
470634 5 
141382 14 
429999 6 
049438 1 
254281 4 
077345 1 
003795 18 
058035 1 
092809 12 
048521 4 
082121 5 
050806 9 
496689 14 
148008 4 
050523 17 
272327 29 
281055 10 
416081 6 
059095 11 
430520 6 
386010 4 
000817 17 
458019 4 
076618 3 
176844 9 
239402 10 
284256 11 
008867 5 
004038 10 
043043 11 
024163 18 
217862 20 
137401 37 
181747 8 
197559 24 
019200 4 
019399 19 
341650 14 
053415 9 
291511 1 
230250 34 
107923 9 
421783 3 
011397 10 
149859 3 
296461 4 
388724 16 
019487 10 
273511 11 
005042 5 
503489 5 
001962 28 
280385 9 
038362 18 
002010 1 
010436 11 
322296 9 
512458 41 
080285 10 
000966 5 
040229 12 
067768 10 
124799 7 
111699 10 
414085 4 
037037 11 
045289 4 
021713 5 
106002 9 
413863 28 
095432 20 
075916 11 
153445 18 
075290 5 
002509 11 
286726 24 
026614 10 
295167 1 
488828 5 
405831 10 
242155 12 
441628 10 
329193 5 
276557 5 
034937 5 
471559 9 
003750 1 
231403 5 
181725 20 
295891 12 
004507 4 
001063 19 
450320 15 
027618 11 
169806 3 
021634 18 
020472 11 
071913 5 
095300 4 
143261 27 
472549 5 
031868 5 
322668 9 
047330 28 
002581 28 
017456 9 
423077 6 
077430 3 
072463 23 
005555 10 
056303 3 
474663 20 
410236 10 
092311 30 
056078 38 
247869 9 
049732 9 
440799 29 
052522 9 
115793 5 
061027 14 
209298 5 
005718 19 
335824 26 
506935 9 
264427 1 
042587 9 
254916 12 
339191 4 
026773 3 
504042 11 
091744 26 
046667 10 
138120 12 
015140 5 
018759 11 
156737 5 
013690 10 
064334 10 
014490 11 
007019 14 
047195 9 
015115 5 
390331 9 
124988 5 
028174 9 
033093 9 
253411 6 
013889 18 
079487 5 
093588 5 
182152 10 
333006 12 
318193 9 
034819 15 
006437 10 
009172 4 
191409 4 
489211 10 
050805 9 
504479 32 
036835 16 
035930 9 
005877 10 
372316 5 
446933 4 
007016 4 
159734 12 
240539 12 
009036 18 
136042 10 
338492 4 
234122 5 
298111 18 
014221 10 
040373 10 
010249 9 
085510 1 
054287 18 
009588 1 
027082 4 
481785 10 
287715 5 
332145 10 
016783 4 
009874 9 
177432 11 
011168 11 
039690 4 
271428 16 
139308 19 
005745 18 
275565 31 
462051 1 
433431 17 
014999 5 
479278 10 
039426 9 
001809 11 
235492 1 
345488 24 
132172 11 
022217 1 
016782 10 
250573 16 
005514 4 
077414 18 
003982 9 
454993 14 
345782 11 
343912 17 
067597 11 
398413 18 
009826 4 
178157 11 
155087 1 
370509 10 
283864 5 
004250 11 
005434 34 
018954 4 
498166 10 
263379 9 
167854 4 
026053 5 
205939 10 
268897 1 
010859 10 
021009 4 
007446 4 
391598 24 
015954 11 
491809 10 
239977 5 
344782 1 
346313 33 
108004 40 
028430 11 
017490 12 
429047 12 
000525 9 
384266 24 
310418 36 
015732 12 
067236 5 
328231 13 
271197 10 
005882 5 
014288 5 
281772 14 
290085 5 
003507 9 
015596 12 
145125 11 
407565 14 
001286 10 
360637 5 
344489 10 
046983 14 
221900 16 
024203 16 
038296 4 
017507 5 
003062 19 
002567 9 
140488 16 
024261 9 
050856 5 
106024 10 
234924 36 
197387 10 
045091 12 
077258 5 
420321 6 
039980 4 
149383 19 
007753 11 
334363 5 
120042 4 
237833 1 
049440 10 
001933 4 
299213 5 
030971 5 
056302 3 
461041 5 
424690 5 
040724 11 
126142 5 
218188 5 
223210 14 
339417 1 
004447 4 
004416 9 
009037 9 
145833 40 
118192 9 
397469 10 
000077 10 
091321 1 
068398 4 
028713 19 
106997 18 
321175 9 
011396 10 
019547 18 
468275 10 
026104 9 
034776 17 
145914 4 
066152 3 
040092 10 
153802 10 
318197 13 
015766 9 
066930 10 
216720 9 
148917 1 
003749 19 
024989 9 
025765 10 
024272 11 
022729 11 
067435 12 
226812 10 
022508 11 
311271 16 
386248 9 
466790 10 
089123 3 
069277 3 
069839 5 
047181 11 
326766 1 
026259 1 
169427 4 
014071 9 
012252 4 
018429 18 
018419 3 
029885 9 
067788 9 
057736 9 
386325 16 
344315 11 
505131 1 
403898 4 
056644 1 
453424 36 
034135 10 
229868 10 
140021 5 
288398 10 
381854 14 
310711 18 
029425 23 
103047 10 
300045 5 
464321 9 
205806 14 
382258 4 
117143 5 
078187 5 
045623 11 
011882 11 
482487 1 
245580 4 
095743 16 
114998 36 
366277 5 
152583 10 
006438 10 
066465 4 
009632 16 
078693 11 
121220 9 
051605 10 
017812 5 
015309 11 
176268 16 
164707 5 
520948 5 
028721 10 
242167 5 
525213 42 
534668 9 
047724 5 
114804 18 
056321 4 
054116 11 
089546 3 
245761 3 
145489 4 
026645 16 
024296 10 
066484 10 
001885 10 
011343 11 
059367 5 
024793 9 
316394 9 
474323 14 
019254 19 
427048 4 
138229 4 
036847 11 
445581 5 
041760 5 
144701 5 
037620 5 
049184 3 
130098 11 
077734 11 
018172 16 
024723 10 
128488 5 
159296 10 
012544 16 
011092 4 
474272 9 
042620 9 
322130 9 
006502 10 
158845 10 
370382 5 
037617 16 
010370 11 
083629 10 
175518 33 
102677 11 
076902 11 
535850 17 
420275 29 
029169 5 
356643 5 
039387 12 
005041 5 
002920 11 
037006 10 
015733 16 
002066 16 
037340 12 
033031 9 
020826 10 
042586 18 
064935 9 
361364 9 
030055 11 
439867 21 
054190 14 
306677 24 
009662 9 
138230 10 
437543 12 
198910 1 
024572 5 
051527 35 
288519 9 
002438 10 
397712 1 
186212 10 
130137 9 
506404 10 
456263 14 
180644 1 
313838 34 
371608 20 
011797 5 
039755 28 
020126 10 
256399 32 
098357 23 
081601 12 
515697 1 
023367 1 
482014 15 
180240 16 
107152 9 
053868 10 
256931 9 
153031 3 
351244 9 
193898 7 
311564 17 
032295 16 
173547 5 
306463 10 
361963 10 
030340 9 
007976 10 
018194 18 
194015 3 
142602 9 
010322 4 
477290 16 
346800 10 
019980 16 
035931 4 
152628 12 
102320 18 
066854 9 
187610 10 
017135 4 
000877 11 
069258 4 
152058 1 
471785 18 
355363 16 
184850 1 
330767 11 
001182 18 
027331 4 
409664 4 
107901 5 
189329 5 
008838 1 
026613 10 
372576 14 
273850 33 
244954 1 
356165 10 
017171 16 
114169 10 
073336 5 
389359 10 
202305 11 
020169 9 
239480 9 
003349 3 
050006 9 
136860 1 
184562 5 
075209 14 
074665 11 
045974 1 
004265 11 
001978 9 
438932 28 
065284 9 
155441 1 
268654 9 
002375 5 
020827 10 
045891 19 
399645 10 
116044 1 
049460 5 
059802 17 
033427 4 
164404 9 
025911 10 
043413 12 
044331 5 
365967 31 
036152 5 
005656 5 
195943 1 
043700 10 
465692 9 
485009 6 
346892 10 
531500 3 
124127 5 
123316 45 
260444 5 
167444 19 
071756 11 
487312 24 
312790 17 
171256 5 
014442 10 
050265 10 
460160 11 
004368 11 
070739 4 
105454 21 
040046 10 
428063 4 
008462 10 
053892 19 
056332 11 
497733 10 
001934 4 
068871 11 
367829 5 
308316 10 
007919 4 
108633 17 
142409 10 
080913 10 
154637 10 
118873 42 
532042 4 
482987 9 
289243 4 
407025 9 
025023 10 
365925 1 
224541 5 
180521 11 
238437 14 
107021 19 
377262 9 
383762 5 
480704 10 
163592 5 
067852 4 
036836 16 
474694 18 
182874 10 
353847 4 
055955 31 
001961 28 
387500 4 
237296 10 
034522 19 
026856 19 
461713 5 
039092 1 
070277 12 
036297 12 
288546 5 
320035 41 
010524 12 
034936 5 
435450 10 
184278 46 
002508 11 
013088 23 
008067 10 
298974 10 
082345 5 
014926 9 
020542 10 
517656 3 
537334 9 
284553 10 
113162 5 
374098 5 
038984 10 
392252 1 
334285 10 
032032 5 
197017 5 
182601 9 
047485 5 
208934 5 
041016 4 
027127 5 
106087 1 
024715 14 
068373 16 
061315 5 
471288 18 
075917 9 
041669 18 
465120 18 
302477 9 
013113 4 
128068 9 
069337 9 
109436 18 
036435 4 
355382 4 
270976 1 
015953 11 
422197 14 
018918 5 
054840 9 
458478 5 
497810 19 
405974 12 
421100 5 
417490 5 
000967 5 
419918 5 
297580 10 
461513 1 
005746 28 
127166 4 
049715 10 
489838 10 
461731 1 
078670 11 
516686 4 
014958 5 
178244 14 
414584 5 
179782 9 
028722 4 
018296 5 
142484 3 
025422 3 
046047 11 
215185 9 
010564 11 
143295 4 
457493 18 
010371 11 
216192 4 
030030 9 
178992 28 
113767 17 
162078 1 
023803 18 
108858 9 
029453 10 
039225 11 
133135 9 
369018 40 
241356 4 
277847 12 
299458 5 
066734 10 
003061 19 
061318 1 
243413 16 
396075 9 
478880 1 
018276 5 
434502 10 
486011 1 
019396 11 
276985 9 
249792 9 
035033 4 
030021 18 
002929 5 
051558 1 
339502 16 
024960 16 
013650 28 
011796 5 
233784 11 
