0 2.0961902141571045
046592 1 
024861 2 
373542 2 
476242 1 
136896 3 
024723 2 
008577 1 
124039 1 
088834 1 
066410 1 
313838 1 
128068 4 
182874 2 
444248 4 
449648 2 
454955 5 
066219 6 
067102 1 
399645 1 
473220 7 
391598 8 
366277 8 
002559 1 
005042 9 
003795 1 
039372 10 
147919 2 
007446 1 
001717 2 
508330 4 
112586 11 
117230 1 
102145 1 
343082 1 
405895 7 
056332 12 
515697 4 
082022 1 
328805 1 
068373 13 
014772 9 
121567 14 
001977 1 
529082 7 
467106 1 
034952 2 
180240 2 
053296 11 
019789 9 
056665 14 
048801 12 
153802 11 
387897 1 
298974 12 
027499 1 
040092 2 
089059 3 
156737 2 
096383 15 
062742 12 
033176 12 
082345 9 
008885 2 
358429 16 
501957 4 
005555 17 
519878 1 
091886 11 
041484 1 
012639 9 
004352 2 
171706 1 
040251 10 
500841 12 
365925 7 
163635 18 
022064 2 
182640 4 
264646 17 
443795 3 
161981 18 
260110 1 
050805 12 
018277 9 
152612 2 
105596 1 
051786 12 
050523 1 
066854 1 
243413 14 
081242 13 
460674 2 
087384 7 
025673 17 
335824 19 
008037 2 
043721 14 
075916 14 
462051 7 
126186 9 
113387 2 
403933 9 
400679 2 
439946 19 
176098 12 
264427 20 
418783 12 
129972 12 
338492 2 
483257 5 
028132 1 
381165 9 
036836 1 
087130 12 
318197 10 
079873 2 
014670 2 
407025 16 
039890 1 
014930 14 
477152 8 
333249 8 
140233 2 
508922 2 
345782 12 
176151 21 
533905 1 
003830 14 
122595 14 
223714 1 
482700 1 
499633 1 
401567 2 
060125 2 
039755 2 
051489 12 
528506 12 
322185 14 
015309 12 
029885 7 
295891 12 
433552 1 
081027 2 
273850 20 
189031 22 
057359 22 
050183 1 
042620 1 
032233 12 
006748 2 
029501 20 
105997 4 
355363 23 
030056 12 
023367 1 
253241 14 
153471 14 
444513 9 
493392 7 
169427 2 
152058 4 
433157 1 
273851 1 
356984 14 
159367 7 
502376 17 
300045 10 
261713 8 
223210 12 
000967 20 
171655 18 
072463 21 
000817 8 
033031 1 
282739 14 
033339 12 
029169 20 
056216 1 
504042 12 
059802 1 
365708 4 
128406 1 
035211 12 
006805 14 
000433 8 
013880 14 
210689 7 
010524 12 
322090 24 
042294 17 
277944 1 
071740 14 
334400 2 
370536 2 
004039 14 
260986 19 
472363 12 
276985 1 
050806 12 
102042 2 
076452 2 
145110 10 
240469 12 
471785 4 
339502 23 
339191 2 
001101 1 
179782 12 
032032 9 
138120 12 
167136 8 
152628 12 
001809 12 
110929 1 
491765 7 
011588 2 
083010 14 
346841 22 
087439 12 
351619 22 
068820 12 
028430 14 
120397 1 
011476 2 
084697 1 
037620 20 
067393 14 
134655 1 
434016 12 
490961 25 
104593 1 
395135 4 
075889 19 
277308 17 
374525 1 
026650 2 
058067 14 
216590 12 
038211 2 
021858 17 
537334 16 
293673 22 
116503 20 
180722 12 
283725 12 
016764 9 
488828 1 
180644 4 
386325 2 
013049 22 
089160 7 
228674 1 
042034 2 
182601 2 
005449 14 
102049 2 
091321 1 
421719 8 
446491 12 
006312 12 
001214 2 
044877 1 
198114 1 
001062 2 
145833 3 
281245 8 
065295 3 
470852 2 
012018 11 
138134 1 
136042 17 
021770 1 
078382 14 
312757 18 
070263 2 
001978 1 
101414 14 
239980 4 
135874 2 
081682 11 
005912 12 
029152 14 
227601 1 
308316 18 
017160 11 
049437 2 
064848 1 
384013 2 
249733 1 
011881 14 
146342 1 
024261 1 
032831 12 
035314 1 
039795 14 
002374 9 
092977 14 
331390 2 
009662 12 
248792 9 
026613 2 
330767 1 
121442 1 
029715 2 
091364 2 
006799 2 
069079 2 
051605 12 
090721 5 
295096 15 
067303 22 
041576 2 
031712 22 
244763 12 
345488 8 
003982 2 
016474 1 
002509 12 
030554 1 
480704 2 
081588 1 
290085 3 
027127 5 
243522 9 
057736 8 
091744 19 
010565 12 
021693 2 
025230 1 
217163 12 
093729 2 
114834 8 
367599 2 
477551 4 
165711 14 
512458 10 
381107 1 
375177 2 
299458 15 
055070 12 
068962 4 
029994 2 
156658 22 
316157 26 
368672 4 
108633 12 
348455 14 
021279 4 
015414 17 
391333 1 
186380 2 
280380 2 
086522 2 
053632 2 
028415 27 
003939 2 
528360 1 
327729 2 
298116 8 
191820 12 
479278 2 
020012 1 
052949 1 
052722 1 
103035 2 
205083 2 
053467 1 
130098 14 
109656 1 
077258 1 
059991 2 
451754 1 
318938 16 
433311 4 
007975 17 
094946 11 
014361 12 
496165 11 
322296 1 
033359 2 
014695 2 
212894 1 
016199 11 
009006 2 
016346 2 
061254 2 
014288 20 
027082 11 
216769 12 
023786 12 
001772 2 
024472 2 
018172 2 
019546 2 
241938 11 
079614 4 
406683 4 
377260 16 
174014 7 
070278 12 
100827 2 
319557 3 
040096 14 
066915 14 
429183 1 
003750 2 
009899 1 
394580 1 
092311 4 
050258 2 
276150 18 
424810 12 
024579 2 
249718 2 
413863 2 
288818 2 
132172 26 
012217 1 
327014 2 
190018 10 
029874 2 
023718 2 
356859 18 
356165 1 
245727 14 
085684 11 
521348 5 
111699 19 
025423 14 
272394 15 
000691 4 
156299 17 
532042 22 
012851 2 
452739 1 
373030 10 
034603 2 
421073 2 
347358 1 
193781 1 
076936 12 
039070 2 
536364 7 
285934 22 
202974 8 
279554 1 
036093 21 
025033 14 
048346 14 
015784 14 
426717 2 
101241 21 
010234 2 
421100 8 
333812 1 
005746 2 
032295 1 
042615 12 
059367 9 
207285 17 
531698 1 
142423 1 
360102 4 
236937 1 
071981 2 
028280 2 
141679 2 
021876 2 
003506 2 
049864 14 
004367 12 
007919 2 
180558 8 
093414 17 
009840 1 
041575 2 
391712 17 
311564 1 
049715 2 
180066 1 
240539 5 
404891 9 
479544 2 
314002 9 
375342 2 
005856 14 
066484 2 
067435 1 
352698 2 
264666 1 
489621 2 
179928 2 
010011 2 
008838 1 
046919 20 
002032 6 
009830 20 
021374 9 
000526 12 
032423 1 
009037 1 
045213 2 
018629 9 
033043 11 
117686 2 
017159 2 
055922 12 
039980 2 
410768 19 
010436 14 
417490 11 
077764 14 
037213 22 
100843 2 
229696 4 
065098 2 
026259 1 
505131 7 
011092 2 
214006 2 
253411 22 
077287 1 
023639 12 
114951 1 
223695 19 
310176 1 
186212 2 
090564 7 
092551 14 
037657 1 
418953 13 
111905 11 
298701 2 
428063 1 
516745 18 
309691 9 
454600 2 
123592 14 
231298 20 
011393 12 
064694 1 
051057 11 
252570 7 
009031 2 
044686 1 
175596 2 
039086 12 
437543 28 
203087 2 
019254 1 
474272 1 
163439 1 
284959 12 
197559 14 
145013 12 
175152 7 
447128 28 
008041 11 
328231 8 
017905 1 
162836 17 
174567 27 
022873 9 
463789 22 
486307 22 
477463 9 
419918 8 
000038 9 
471288 4 
333741 28 
009900 1 
396092 2 
114669 14 
134237 1 
036801 20 
340344 2 
065381 1 
036777 2 
167907 1 
118103 16 
047808 17 
261957 2 
061147 17 
199582 1 
360851 16 
049343 11 
143295 22 
298111 2 
067236 9 
161827 4 
281287 14 
144701 2 
130011 28 
020169 1 
422197 18 
163938 22 
162078 1 
014958 20 
110897 1 
013430 2 
017811 9 
133135 12 
023814 9 
499024 12 
185861 14 
063207 14 
042621 1 
123090 1 
075955 2 
083628 20 
005908 11 
017942 1 
184653 7 
182857 13 
367398 14 
482487 7 
132922 1 
311141 2 
086762 1 
424501 2 
460777 4 
054317 11 
042016 12 
222125 2 
130137 12 
016782 2 
158918 3 
156306 1 
006552 9 
228919 1 
489838 2 
140581 1 
381703 7 
163368 12 
010321 2 
019200 11 
408967 19 
277191 7 
187145 2 
372092 2 
121337 15 
030696 2 
039651 2 
175720 2 
093413 17 
244050 4 
407542 7 
006001 12 
049184 14 
414085 2 
018759 14 
004265 14 
056302 14 
503489 2 
008040 11 
173869 1 
105306 2 
229261 25 
172042 2 
312582 2 
536662 1 
213898 22 
456765 1 
310418 4 
030580 2 
104108 12 
022036 9 
071825 12 
261417 2 
054287 2 
510223 3 
120668 1 
006577 20 
025695 2 
221900 1 
007708 2 
064429 12 
007530 14 
055843 14 
426212 17 
002438 2 
029737 21 
005556 17 
316394 16 
456251 1 
320530 2 
170110 9 
486310 20 
478880 17 
380815 17 
188516 29 
297672 14 
088399 24 
337800 9 
004447 2 
024793 12 
408330 1 
433431 5 
056215 2 
004475 20 
113823 1 
090513 10 
064674 20 
470052 1 
015733 1 
235961 28 
012252 2 
230643 13 
233784 12 
195093 30 
118283 4 
001933 2 
030130 12 
058035 4 
294482 3 
284437 1 
286019 2 
312790 1 
402157 9 
041625 12 
155441 1 
181747 10 
295282 20 
218360 17 
025672 17 
416536 10 
029425 14 
007751 1 
053868 2 
343231 27 
189329 9 
068515 22 
060733 8 
168505 8 
396075 16 
069505 11 
092553 31 
379520 2 
012441 1 
433612 7 
378300 2 
009874 1 
296476 23 
048103 2 
189819 14 
080779 20 
306463 2 
048053 9 
040173 14 
031406 14 
224423 2 
536363 14 
027331 2 
050123 4 
002986 2 
459322 11 
024471 2 
030048 12 
011521 11 
035301 2 
008685 11 
007522 27 
206197 17 
048541 2 
478186 2 
130941 9 
247869 14 
245279 1 
088743 7 
027636 2 
005913 12 
033412 9 
005877 11 
088660 9 
126974 17 
047414 1 
101696 2 
065109 2 
000145 2 
022902 1 
020542 2 
007753 14 
124988 2 
040060 1 
006438 2 
239480 1 
157977 20 
339260 1 
291511 1 
019621 9 
191163 2 
240454 4 
034819 25 
035679 17 
263546 1 
133063 13 
033156 9 
019399 2 
023803 1 
381854 12 
468275 17 
034816 2 
000759 7 
007842 2 
242875 1 
177432 12 
170275 14 
314803 29 
027003 1 
028639 9 
011392 12 
011264 1 
011709 2 
014927 2 
026596 1 
107900 9 
001810 12 
063552 14 
265037 9 
006480 12 
064334 17 
152806 12 
056331 14 
270595 32 
191934 3 
176263 16 
027517 15 
173547 2 
152593 2 
215236 33 
081520 12 
024204 1 
068126 14 
387500 22 
024296 2 
324876 16 
069205 1 
438932 2 
151871 2 
358965 1 
026054 9 
008428 14 
022218 1 
011091 1 
014442 2 
026053 9 
095193 28 
178244 7 
395731 29 
030971 2 
098452 20 
017135 2 
334070 9 
013689 17 
109791 11 
410236 2 
099421 2 
015745 2 
023147 14 
008510 14 
242154 1 
059435 16 
020383 12 
066152 14 
309423 27 
214925 1 
355604 21 
078586 12 
080722 20 
021807 2 
239402 11 
031295 3 
231724 1 
017651 2 
038362 1 
470634 20 
336171 17 
330882 2 
010329 1 
021713 9 
204524 33 
124262 21 
135028 4 
480004 17 
145010 22 
486011 25 
006079 1 
051663 20 
035894 1 
012544 1 
010859 2 
176268 1 
361334 22 
366867 2 
488996 2 
438595 17 
014110 14 
095273 1 
074023 1 
118125 1 
237983 16 
458478 2 
029055 1 
258009 2 
284553 13 
185774 12 
208934 20 
015631 14 
472806 19 
321207 2 
001348 14 
012638 9 
108002 15 
065294 20 
080914 2 
175518 2 
004476 20 
035032 11 
454993 12 
282690 7 
006937 1 
299197 1 
503111 4 
075209 12 
000642 14 
458019 22 
461220 2 
112965 7 
050006 12 
151533 16 
059095 14 
018276 9 
485637 2 
137217 1 
494812 34 
023310 2 
195942 16 
121847 16 
020472 14 
191586 14 
165146 2 
310373 2 
471559 4 
018753 17 
534668 16 
370677 35 
078383 12 
360166 36 
353847 2 
000146 2 
318547 7 
207342 2 
326315 17 
420275 37 
178992 2 
508890 1 
045623 14 
067403 2 
137496 11 
123848 24 
026185 9 
078819 34 
199664 20 
246663 3 
006727 20 
525213 26 
060504 11 
061559 9 
254282 22 
140200 2 
017456 1 
034135 17 
018053 14 
197387 17 
001183 1 
391332 1 
069864 2 
029716 20 
062156 2 
009172 11 
143048 1 
020628 2 
263283 14 
237296 22 
118351 1 
099326 12 
033427 2 
130752 26 
007707 11 
018052 14 
498166 24 
109436 2 
132545 20 
069862 12 
120042 2 
337158 20 
276557 2 
046902 2 
051649 8 
067788 1 
000546 2 
213254 16 
235235 12 
275377 1 
111105 1 
484722 20 
379074 16 
407087 2 
371608 31 
531273 1 
047181 14 
075917 1 
020827 17 
003544 14 
480893 20 
045090 1 
033070 14 
471929 4 
464321 2 
010042 1 
383803 2 
089595 18 
013749 14 
002322 2 
205939 1 
408879 2 
172432 16 
492917 12 
086109 14 
108442 15 
001182 2 
467989 2 
143273 9 
366388 2 
055061 2 
189702 14 
003507 2 
093397 11 
465692 16 
004251 12 
334285 2 
023148 14 
015277 2 
418888 1 
231403 2 
318041 2 
310641 9 
504192 2 
330848 2 
095300 2 
089546 12 
047507 17 
458475 7 
334398 2 
475340 16 
062858 20 
106677 12 
288682 4 
331120 20 
207471 9 
189337 20 
217566 14 
007976 17 
002323 2 
042223 8 
035123 2 
024438 17 
036813 13 
001750 14 
049310 12 
532438 12 
258509 22 
017761 2 
222885 8 
105595 1 
085451 14 
358160 4 
077350 2 
170385 12 
148385 14 
006614 2 
002010 2 
091414 14 
435450 17 
017754 1 
312726 4 
008801 12 
465120 18 
467579 10 
196098 12 
138229 2 
109071 12 
010311 2 
057405 11 
414291 2 
005718 2 
444630 2 
092809 1 
034839 4 
147552 9 
097567 2 
050535 14 
089547 1 
016519 2 
003829 14 
356840 2 
094018 10 
424203 2 
247056 16 
246597 2 
123128 16 
431686 11 
423800 2 
116461 9 
029949 4 
152925 12 
117143 2 
363093 4 
215846 1 
161207 1 
026126 2 
064935 16 
421387 20 
044317 2 
005938 2 
159067 2 
295167 2 
326766 4 
081385 1 
043043 14 
520948 1 
025066 2 
390906 35 
066920 12 
033833 12 
358720 12 
004052 2 
397468 2 
395452 2 
041624 12 
144599 1 
015413 17 
007019 16 
341650 12 
386552 12 
325877 1 
014696 22 
046127 1 
047330 2 
139798 16 
184278 1 
013088 5 
025023 2 
037130 17 
324676 1 
040229 1 
407036 2 
024142 2 
071446 14 
004018 14 
287149 2 
505417 1 
027618 14 
359423 20 
001885 2 
055585 2 
001934 2 
041597 2 
178157 12 
065637 2 
052284 31 
033400 8 
025000 1 
358637 12 
013756 2 
043488 12 
382258 2 
474663 1 
169491 2 
046731 11 
407872 14 
232936 1 
135299 4 
296876 23 
148917 1 
115207 2 
037921 2 
282919 17 
233314 19 
466878 3 
061323 34 
080301 11 
029614 2 
082224 2 
326823 14 
101433 7 
450531 20 
032837 9 
359110 2 
262108 2 
034937 20 
097466 1 
299713 8 
076432 14 
355382 10 
018296 9 
167940 9 
134780 1 
067545 9 
140857 12 
083273 1 
362102 11 
000966 20 
013113 2 
114209 16 
450320 9 
120358 16 
036620 3 
121060 1 
102320 14 
012259 14 
005272 2 
082970 1 
455052 16 
391690 18 
049696 2 
127241 1 
060557 20 
014926 2 
080454 12 
016520 2 
253369 17 
039445 2 
005450 14 
020672 2 
044331 9 
001376 14 
007060 2 
026856 2 
017057 14 
028713 2 
168575 17 
009661 12 
038557 4 
017171 1 
032694 22 
002009 12 
387562 16 
015547 2 
029377 1 
072576 3 
476681 11 
215435 23 
047413 1 
067855 14 
014490 14 
006749 2 
122390 2 
463850 1 
060503 2 
017258 9 
104923 2 
344960 12 
476214 7 
334979 11 
361364 16 
000057 2 
056078 37 
012304 12 
322562 38 
164703 22 
176844 1 
077734 12 
001842 32 
321320 1 
263164 16 
491986 30 
145489 2 
083048 1 
468755 31 
055048 1 
005664 12 
441289 34 
041864 2 
005434 28 
119370 16 
106024 12 
297398 16 
266130 12 
365967 21 
167736 14 
178158 16 
272327 25 
009511 28 
107811 2 
041598 22 
236000 2 
057489 2 
006481 12 
011263 2 
142602 16 
132696 4 
288519 1 
448309 1 
132113 2 
012718 2 
142825 2 
017868 1 
046567 2 
213248 17 
216192 22 
227177 1 
025422 14 
030021 2 
480335 2 
138230 4 
397469 2 
164809 1 
059096 14 
017506 9 
463165 2 
399900 20 
159150 14 
070221 14 
474323 12 
403369 2 
018918 20 
029993 2 
025820 2 
318651 20 
195943 16 
023593 2 
011168 14 
126808 9 
216720 1 
430520 22 
004351 2 
001347 12 
002930 20 
432027 9 
318368 1 
080913 2 
159734 1 
155087 4 
000077 17 
028236 9 
178595 16 
018419 12 
316103 2 
021009 2 
000027 12 
035921 2 
039387 1 
012214 2 
057127 23 
039225 14 
046667 2 
226647 17 
100941 2 
088874 2 
003321 2 
007800 2 
429395 13 
115067 1 
209789 2 
054065 20 
001886 2 
074097 14 
054064 20 
293498 29 
235090 7 
030400 1 
118673 32 
105251 30 
242155 1 
328819 1 
002581 2 
096246 20 
254916 1 
019487 2 
254812 12 
125673 2 
069356 14 
065311 17 
055923 12 
047968 2 
453479 20 
008462 2 
006069 2 
234555 4 
052638 2 
149383 2 
141595 2 
229868 1 
486718 2 
037078 17 
447494 2 
459649 12 
184562 1 
286408 3 
011343 14 
024437 17 
078703 9 
039332 18 
285078 1 
260444 2 
203329 24 
060295 2 
029331 9 
263212 27 
512267 4 
424690 9 
030047 1 
242113 9 
003596 2 
287657 21 
000032 1 
305640 22 
296354 2 
415932 1 
470245 37 
157187 24 
217862 31 
024203 1 
393365 1 
005745 2 
076078 17 
069550 9 
169012 2 
217650 2 
035003 1 
124127 20 
003061 2 
076565 14 
399919 12 
028174 1 
068431 1 
067768 11 
333813 1 
025278 2 
019547 2 
259973 2 
260106 2 
002025 12 
362009 11 
011434 1 
498348 2 
025933 14 
005359 1 
306677 12 
009171 1 
061483 10 
071508 14 
056321 32 
446842 2 
416081 21 
012852 2 
040946 21 
025911 2 
021634 2 
010433 2 
055974 2 
020128 9 
007168 2 
339610 8 
131177 8 
077430 14 
121510 1 
328149 39 
497733 2 
382758 4 
069278 2 
053120 12 
392252 14 
058173 2 
361605 1 
427048 2 
148400 26 
018420 12 
382662 2 
002566 1 
312532 1 
140488 1 
228382 2 
395028 16 
343912 28 
004818 14 
159296 2 
359982 21 
067852 17 
329193 5 
475504 2 
086097 1 
474694 1 
178751 40 
049440 2 
107492 20 
061315 20 
084698 1 
208799 23 
000525 12 
438404 2 
069872 2 
235492 2 
066465 2 
371495 20 
261395 4 
024792 12 
004051 2 
010322 11 
479568 1 
011797 20 
032924 14 
100431 1 
169526 36 
128534 2 
533849 2 
048856 1 
093901 4 
029453 2 
267209 1 
125452 12 
024715 12 
014142 1 
005724 2 
059242 2 
527040 21 
021492 2 
291688 1 
213006 4 
454316 7 
001063 2 
344527 7 
080153 2 
388724 1 
145012 2 
181897 36 
311758 2 
167854 2 
338414 2 
261365 19 
206183 13 
262969 1 
102117 7 
020127 17 
299143 1 
017109 17 
067460 8 
049414 4 
068871 14 
398639 1 
034208 9 
370509 4 
469211 1 
029987 1 
009007 2 
410510 4 
450453 22 
164707 2 
026184 9 
041016 2 
049438 2 
014767 12 
054267 14 
035930 12 
311271 1 
044474 2 
362507 9 
192869 5 
015596 12 
496461 20 
057933 2 
412281 1 
195469 39 
127922 12 
268447 17 
399261 19 
411882 16 
386682 4 
473176 4 
348600 2 
491809 2 
079487 20 
024087 4 
184297 2 
022286 1 
020420 12 
171822 2 
071509 14 
013650 2 
320035 10 
099661 11 
008461 2 
024473 2 
030055 14 
456263 28 
113162 20 
277841 2 
005092 28 
014362 12 
164217 18 
359613 2 
028722 1 
105882 20 
090589 14 
241311 2 
479713 1 
006502 2 
266164 30 
011342 14 
498120 2 
049732 2 
071913 1 
195244 12 
300537 18 
439871 12 
032509 1 
394027 20 
385210 4 
225059 2 
038315 9 
025987 12 
096805 14 
027906 2 
226812 27 
405831 17 
269000 20 
288609 2 
041716 2 
083500 2 
226245 2 
036860 2 
309186 9 
472549 1 
240504 31 
069074 1 
259511 22 
153694 1 
517656 4 
149924 2 
244954 1 
021712 9 
019980 1 
401685 6 
126970 11 
013889 2 
030681 2 
405648 17 
024118 12 
171256 20 
158845 2 
010958 9 
042973 1 
344026 2 
275565 2 
006437 2 
211842 2 
037916 2 
191965 1 
002985 2 
440101 1 
137286 14 
001646 1 
444607 12 
245078 7 
330065 1 
189796 2 
062336 1 
050265 17 
018953 2 
107021 2 
242863 1 
004951 9 
445312 23 
148251 12 
023070 2 
121808 1 
006313 14 
455730 32 
021549 14 
032957 1 
344782 30 
066853 2 
006274 12 
224152 2 
027851 2 
089123 1 
267940 2 
013748 14 
506935 16 
141382 12 
489379 1 
138910 11 
042108 9 
006100 2 
275889 16 
323656 1 
092097 2 
396310 17 
005715 11 
046925 2 
036152 20 
124131 35 
118192 12 
014071 12 
026639 2 
341311 14 
007016 11 
142484 14 
276632 28 
002921 14 
002711 1 
474746 7 
011796 20 
297489 32 
034776 2 
244927 2 
140021 20 
005663 12 
040046 2 
035043 20 
269551 4 
460039 21 
009132 24 
052933 2 
075768 7 
061018 9 
045220 4 
017110 17 
448255 26 
389697 17 
006800 2 
065980 12 
383777 4 
043700 11 
035842 14 
093145 1 
506673 12 
053892 19 
016726 22 
471006 1 
247014 7 
024960 1 
146730 11 
184792 11 
004038 2 
006551 9 
010248 2 
111008 2 
062335 1 
203857 2 
165873 12 
059385 2 
482477 28 
208900 2 
497810 27 
461041 22 
089299 9 
061999 15 
036435 2 
019199 11 
071816 4 
029359 2 
221251 12 
048241 14 
340735 10 
121509 22 
346310 1 
526276 3 
461731 4 
002026 12 
446658 2 
015139 20 
069258 1 
298252 12 
317782 2 
010957 9 
084740 2 
028645 12 
140190 1 
008578 1 
343689 1 
366772 3 
243075 28 
234592 1 
038502 1 
018758 14 
111478 2 
517038 26 
017491 1 
315658 1 
140309 2 
001718 20 
069337 1 
006275 14 
057725 4 
061318 1 
164720 27 
390259 4 
032422 1 
115459 2 
023640 12 
300205 36 
010371 14 
004040 14 
183913 28 
055735 34 
074374 1 
105454 24 
405974 1 
296052 11 
176094 2 
298328 7 
191409 22 
237833 1 
047020 9 
103452 17 
080285 2 
235089 9 
407565 12 
147657 1 
118873 40 
036057 2 
253211 20 
065116 2 
393308 14 
017595 11 
000037 9 
070277 12 
392368 12 
463093 2 
001287 2 
156491 14 
144396 1 
234924 41 
123507 1 
043605 11 
017854 9 
098263 20 
036847 14 
314941 9 
386248 2 
001749 14 
051475 28 
322668 16 
015732 12 
085102 9 
201049 1 
005041 9 
300954 2 
339018 17 
005723 2 
018429 2 
018001 22 
005514 2 
010312 2 
028885 14 
429047 28 
297580 2 
483690 12 
115123 12 
197017 20 
109607 10 
020660 2 
080440 20 
018711 1 
043626 16 
059015 13 
060700 1 
078187 1 
235566 12 
007312 14 
045289 11 
074326 14 
010562 11 
093170 2 
066930 2 
115793 9 
176498 1 
378446 13 
015766 12 
126090 1 
070360 2 
356643 9 
281772 12 
093588 24 
278219 1 
002561 2 
005057 1 
344489 2 
063316 14 
039690 11 
519858 1 
015953 12 
502444 8 
109124 1 
055435 2 
334363 1 
207801 1 
482190 16 
334839 2 
398413 1 
334420 17 
268654 16 
006938 1 
274808 4 
364017 16 
429999 10 
023355 2 
318703 7 
015183 12 
003260 2 
004407 9 
069108 2 
491709 2 
110798 1 
040724 12 
085165 11 
010161 20 
125972 12 
074131 1 
026997 1 
002656 2 
457215 21 
129985 23 
111212 14 
076575 20 
403898 2 
078084 12 
099593 12 
407143 9 
222720 2 
054840 2 
097182 1 
234219 14 
003313 1 
061377 14 
036120 2 
154637 2 
190630 26 
360637 20 
041669 1 
021273 1 
219729 30 
051939 16 
355594 4 
236710 12 
106997 1 
425373 14 
004037 2 
082276 20 
095743 14 
346269 22 
051836 2 
043413 1 
045091 1 
267574 27 
288546 1 
090178 1 
528473 12 
344315 14 
259740 2 
001286 2 
028429 14 
018066 37 
249792 1 
116044 12 
460160 14 
030647 2 
167444 2 
356365 28 
066448 12 
463990 1 
046237 2 
293304 2 
329417 17 
053243 17 
119464 11 
205500 2 
493781 16 
526558 1 
034616 18 
088971 11 
466790 4 
029357 1 
409136 28 
011477 2 
164404 1 
254402 2 
487439 1 
353071 2 
198910 1 
006070 2 
506404 17 
151828 1 
264198 17 
174203 14 
155826 1 
233333 1 
148008 11 
083195 1 
105925 22 
124799 22 
139755 2 
183189 2 
040091 2 
268145 1 
011708 2 
260919 1 
434502 2 
005883 20 
114956 1 
085811 12 
040059 1 
159405 2 
411665 1 
241940 20 
444721 1 
000877 14 
051617 2 
044269 2 
150483 2 
015115 2 
285276 2 
087803 17 
020550 20 
169806 14 
117128 16 
002929 20 
474271 28 
008067 2 
129216 2 
028721 17 
051527 9 
332421 2 
008154 2 
240163 20 
413955 4 
068558 1 
149859 14 
073544 17 
001375 14 
069707 20 
005855 14 
078693 12 
505493 4 
027083 11 
449745 2 
074017 28 
153031 12 
281055 1 
132426 1 
005094 2 
133426 2 
020307 1 
440457 14 
018954 2 
302973 1 
003121 14 
037340 12 
073163 10 
024486 2 
226732 2 
014221 2 
014287 20 
009873 1 
043544 1 
069665 4 
069277 14 
231428 9 
184850 16 
209298 20 
076938 16 
024989 2 
197922 20 
073603 1 
008066 2 
166160 22 
068398 2 
002066 1 
150162 1 
150541 10 
443522 17 
337035 4 
514716 2 
027911 1 
170194 16 
317260 9 
146824 2 
041760 1 
115180 12 
037617 1 
321175 1 
034756 20 
010215 2 
333006 1 
047300 2 
176811 17 
311255 2 
074665 14 
082121 2 
004264 14 
385521 36 
156449 4 
290887 1 
062000 15 
457493 16 
014999 20 
002264 2 
426676 5 
012442 1 
045974 1 
405877 12 
091844 20 
017100 11 
181996 12 
012191 2 
094135 16 
372576 2 
005058 1 
022048 21 
218411 2 
275782 14 
055955 12 
001357 9 
284989 2 
402381 2 
010307 2 
040238 12 
007752 1 
108894 4 
400286 35 
509958 2 
221936 9 
353380 20 
020601 14 
266590 2 
083629 4 
006802 2 
052182 1 
046047 12 
079431 1 
259519 11 
043132 16 
270976 1 
182152 2 
313091 39 
228378 17 
216730 2 
025318 14 
317600 1 
210073 12 
004950 9 
036297 12 
022508 12 
099507 2 
199396 34 
350717 17 
032317 2 
049639 2 
055530 1 
004416 2 
028133 2 
143261 26 
268897 1 
181129 17 
136377 1 
164702 20 
289243 1 
306889 4 
011877 1 
091205 14 
067903 27 
421086 12 
095224 17 
444855 17 
020826 17 
007311 14 
201408 1 
047194 2 
064362 1 
024297 2 
376825 2 
056424 20 
322130 2 
310711 1 
356763 2 
399856 2 
097562 7 
480870 1 
010012 2 
461713 11 
003595 11 
421717 2 
065784 14 
072111 1 
106091 1 
109744 2 
174579 29 
064335 17 
009827 22 
000547 2 
200258 2 
227959 1 
003749 2 
271428 1 
035414 22 
163592 20 
035933 2 
032200 9 
087132 12 
009849 12 
311795 12 
273511 7 
369018 21 
280385 2 
204801 19 
013690 17 
025984 2 
425819 2 
017812 9 
514818 17 
069839 20 
339057 6 
025815 14 
537585 9 
127166 2 
414750 16 
077414 2 
414345 2 
004848 42 
077345 1 
034554 12 
501520 2 
145914 2 
194015 12 
016490 2 
420321 14 
038984 2 
089196 17 
011167 14 
226927 12 
004044 11 
002712 1 
302975 17 
076618 14 
496689 12 
013216 12 
011373 1 
032854 2 
096028 12 
003062 2 
063213 2 
075894 14 
318399 1 
294669 7 
167858 2 
013373 12 
400841 35 
291549 1 
010588 9 
056644 16 
096787 1 
485009 1 
014850 12 
283864 19 
062258 16 
102249 2 
133591 1 
138585 29 
024580 2 
184303 12 
054786 2 
007167 2 
043745 9 
033093 12 
482987 14 
004017 14 
011397 2 
445473 9 
009848 12 
015632 14 
017308 2 
039774 2 
068539 2 
452219 9 
136860 2 
293825 1 
390331 1 
213325 12 
320977 1 
070505 12 
020126 17 
134878 1 
383762 9 
174191 16 
026526 32 
285666 16 
448032 13 
086369 12 
008839 1 
024734 2 
056303 14 
212909 2 
461513 16 
501775 7 
489593 27 
114998 8 
055782 20 
024735 2 
030340 1 
102677 14 
043697 13 
074745 16 
074089 2 
017535 22 
187610 2 
024942 4 
026363 2 
045157 1 
181439 1 
372316 1 
427115 16 
193031 2 
230250 7 
063073 12 
309240 4 
023908 2 
207541 29 
396641 11 
439867 14 
027004 1 
009632 12 
181662 12 
414584 14 
044318 22 
377061 2 
011435 1 
040653 1 
497100 17 
025231 1 
024572 20 
005876 2 
011396 2 
311303 7 
047573 2 
136663 1 
040982 11 
327321 2 
173312 1 
078623 2 
202305 14 
254281 2 
491525 13 
296710 12 
205806 29 
158787 12 
009588 2 
020607 22 
385938 29 
020190 12 
212350 5 
381869 2 
047485 9 
006080 1 
047818 1 
023868 9 
002580 2 
065436 2 
048521 2 
043784 1 
014412 17 
144711 2 
517839 9 
157488 17 
064426 2 
006721 14 
445259 21 
454491 20 
218188 2 
082486 16 
524812 1 
505727 1 
026435 2 
263379 32 
014297 2 
049788 1 
066399 29 
234882 2 
322337 10 
043898 2 
046881 4 
036806 20 
105883 20 
435012 19 
181725 31 
056037 1 
048082 22 
085510 1 
102445 14 
423886 2 
328300 2 
063168 1 
061027 12 
361963 1 
446982 4 
007918 2 
024862 11 
009036 1 
002375 9 
252821 20 
050856 9 
508539 2 
241356 11 
082818 22 
002067 1 
002920 14 
000031 1 
060274 14 
108830 7 
367361 2 
232604 9 
132275 13 
005375 2 
516686 11 
055033 2 
123316 43 
108858 1 
531500 7 
079182 2 
047967 2 
037759 20 
224541 9 
053535 1 
532677 1 
054749 9 
001962 2 
368538 29 
106002 1 
214487 22 
374550 12 
038296 2 
007801 2 
003794 1 
052876 4 
299213 2 
064428 12 
184310 2 
121220 1 
396342 16 
011882 14 
022630 20 
097123 1 
096474 13 
039697 2 
051528 1 
005909 11 
356139 1 
346313 12 
127016 14 
147768 4 
065284 2 
019500 11 
481785 2 
042586 1 
266108 2 
487312 2 
367829 20 
147756 17 
153445 2 
083976 38 
013778 14 
370382 2 
074656 1 
024523 14 
221428 2 
012397 17 
068870 14 
234122 2 
532481 14 
351244 1 
107727 9 
003938 2 
362592 9 
018917 20 
093475 2 
161265 1 
003349 14 
020010 11 
277847 12 
399425 12 
123339 4 
093519 2 
026773 14 
043294 12 
477290 1 
139308 19 
441628 2 
139754 11 
031224 2 
535850 2 
485928 16 
242167 2 
001527 2 
017490 1 
017537 1 
022509 14 
489211 2 
051558 4 
027359 20 
296461 2 
073336 39 
099106 2 
052345 14 
352783 1 
035033 2 
000876 14 
209897 26 
390651 16 
039850 2 
063934 2 
010523 12 
311477 8 
005358 1 
023717 1 
146508 35 
169735 2 
048242 14 
060263 1 
075014 14 
130795 2 
203014 28 
191426 2 
515651 2 
165755 11 
061179 17 
006806 14 
010473 2 
081601 20 
390419 2 
231061 2 
136744 2 
054190 29 
325088 13 
024779 1 
171971 1 
070739 2 
137401 16 
397712 13 
220694 2 
423077 14 
052948 1 
035932 11 
091951 2 
208313 16 
059997 2 
370136 1 
481169 17 
377262 1 
098264 2 
085683 11 
483757 20 
388362 2 
370065 29 
221762 25 
121937 2 
026104 1 
091206 20 
410785 12 
072620 22 
452992 1 
141142 1 
024390 14 
005882 20 
006099 2 
004550 12 
192828 40 
012241 12 
084243 1 
283672 14 
399334 8 
057440 4 
066256 22 
339417 1 
440799 9 
111301 1 
278687 1 
461944 12 
323037 29 
207363 2 
255764 1 
008867 2 
337520 7 
180857 1 
170776 1 
076902 14 
082222 1 
060956 12 
071948 14 
004914 1 
002439 2 
015140 20 
015954 14 
335587 2 
029148 12 
256399 23 
025937 1 
100968 17 
246772 2 
473438 13 
006801 2 
005656 20 
054010 2 
127387 12 
457660 21 
281126 10 
077671 2 
011804 2 
000209 2 
088556 2 
005123 12 
026264 4 
411799 4 
251640 1 
049591 16 
017711 2 
372487 11 
447035 2 
440909 16 
045891 35 
034936 20 
108004 5 
026614 2 
066929 2 
278711 22 
109453 1 
107901 9 
001039 1 
331619 17 
004944 1 
284256 14 
506194 2 
378607 19 
302477 4 
109728 1 
004415 2 
007148 1 
155498 11 
037006 2 
152779 2 
482014 30 
247066 27 
014129 14 
004893 2 
095432 9 
010249 12 
233989 1 
004250 14 
036296 12 
421783 1 
511837 44 
256931 12 
056862 9 
229179 17 
269286 20 
281025 21 
001358 9 
037175 22 
320680 29 
107923 1 
035931 11 
119685 1 
093146 1 
012303 12 
177774 39 
080309 12 
408881 17 
258913 8 
133649 9 
010472 2 
243441 1 
137822 4 
396879 19 
089358 16 
161554 14 
192400 2 
072573 20 
052298 2 
122241 2 
120229 1 
020105 2 
318621 2 
463432 11 
087547 1 
030030 2 
016524 14 
048102 2 
017259 9 
287715 2 
493693 16 
008353 12 
017437 1 
034942 2 
028559 2 
441491 7 
047195 2 
053434 14 
012717 2 
261961 2 
007529 14 
170967 1 
271912 34 
303774 10 
038939 1 
217859 16 
175350 26 
004507 11 
066604 1 
346892 18 
029413 14 
215185 1 
254892 10 
013144 2 
372709 45 
395344 1 
008509 14 
006380 1 
106087 4 
477303 2 
123836 1 
446933 1 
039796 14 
071756 14 
107700 1 
065743 2 
489644 20 
004446 2 
003350 14 
284036 9 
124717 1 
396316 1 
016053 20 
010796 1 
365504 19 
114804 1 
014111 14 
014931 14 
024163 1 
001215 2 
049323 2 
529996 2 
114783 22 
132164 2 
514588 1 
000066 12 
008800 14 
010359 14 
281964 16 
068332 16 
018091 1 
300681 11 
231140 1 
170676 1 
135164 2 
100703 11 
258354 1 
346800 4 
155595 2 
045561 1 
127449 1 
088319 2 
316417 4 
454365 1 
182935 4 
112492 12 
474371 10 
007754 14 
536744 4 
065850 20 
069708 20 
010495 11 
022729 14 
062741 12 
306418 22 
393798 11 
130317 2 
485287 1 
018194 2 
278085 2 
159596 14 
261512 1 
114169 2 
036835 1 
007445 2 
184711 1 
162765 20 
374098 2 
419366 28 
001961 2 
278381 12 
060188 9 
467044 22 
050259 11 
072611 2 
384266 8 
010370 14 
010251 17 
033069 14 
459866 1 
054116 14 
019329 2 
271197 2 
022008 12 
001100 1 
030621 17 
377887 1 
272861 7 
079206 2 
204525 2 
245580 12 
126142 1 
143461 1 
218851 9 
316638 1 
386010 2 
002508 12 
052733 14 
215410 4 
018355 2 
019981 12 
286726 20 
190330 2 
103047 2 
390379 2 
116978 1 
218253 1 
504225 2 
400627 2 
039426 1 
193898 20 
417647 1 
075290 1 
142409 22 
219753 12 
407860 20 
025765 17 
257314 9 
074655 1 
126503 4 
519743 2 
381253 12 
205096 35 
023975 2 
459019 12 
002892 14 
019842 2 
113767 2 
032645 2 
034522 2 
006613 11 
026645 1 
067767 11 
000188 1 
107152 1 
236283 7 
288398 2 
106451 2 
082962 28 
004408 9 
053167 2 
053000 2 
020201 2 
053870 2 
022217 1 
332145 2 
091007 2 
152406 2 
453424 7 
002567 1 
342116 2 
242206 2 
020096 9 
035498 9 
445581 1 
203596 2 
002265 2 
053415 12 
114861 8 
009826 2 
006171 2 
384311 1 
079339 20 
019396 14 
067597 14 
008475 1 
468425 11 
004368 14 
389359 22 
026774 12 
111722 4 
075736 17 
010563 1 
037698 15 
010564 14 
409664 2 
045126 2 
331482 2 
017507 9 
250573 1 
063768 29 
030835 17 
331289 2 
013779 14 
052522 12 
078670 14 
023071 32 
011726 1 
005122 12 
163624 11 
420406 5 
238437 29 
016783 11 
138556 14 
098357 17 
226178 2 
016814 2 
062873 2 
002893 14 
007059 2 
484291 18 
408151 9 
318193 16 
180592 1 
145125 14 
031868 9 
010437 14 
327561 43 
376093 22 
025032 14 
047724 20 
152583 18 
336255 17 
022214 1 
043097 12 
054444 2 
093237 31 
049460 20 
042970 2 
477852 4 
375473 2 
037037 26 
046983 12 
218260 14 
024260 17 
024272 14 
042587 1 
180521 14 
407273 16 
233443 20 
028736 2 
301597 4 
121881 2 
502394 1 
492085 2 
000078 17 
490362 1 
504479 24 
277501 22 
244491 12 
178498 2 
183670 2 
205836 1 
197280 40 
020342 12 
040373 2 
000643 14 
170295 14 
406599 14 
040230 1 
091066 20 
521537 2 
245761 14 
066734 2 
088340 22 
353242 22 
266389 20 
123169 19 
065326 9 
004506 1 
420263 2 
171713 2 
298195 13 
039092 2 
468186 1 
003261 2 
081383 14 
021548 14 
128488 2 
397061 2 
239977 2 
