0 2.349294662475586
001292 1 
000596 2 
000237 1 
002825 1 
001291 3 
001400 3 
002517 4 
000672 5 
000333 1 
002888 6 
001436 3 
002500 7 
001396 4 
001029 8 
002146 9 
000231 1 
001802 6 
002711 9 
000143 10 
002040 9 
002945 9 
002403 11 
002492 12 
001764 8 
000982 13 
001012 9 
002698 2 
001081 5 
000172 8 
000558 14 
001227 15 
002592 9 
000339 16 
002855 17 
002320 4 
001158 1 
000650 9 
000314 18 
002732 1 
002383 18 
000550 19 
001191 12 
000632 14 
000153 9 
002129 1 
000111 14 
002938 9 
002894 1 
000730 20 
001597 1 
001872 8 
002399 19 
001103 20 
001468 16 
001410 8 
002460 20 
000108 21 
000481 22 
002902 20 
001078 23 
001564 24 
001480 14 
002019 18 
002043 25 
002672 26 
001216 25 
001369 10 
001406 27 
002617 20 
001140 3 
000528 13 
002033 9 
000266 12 
002131 28 
002300 13 
002431 11 
002695 29 
002992 30 
001853 17 
000348 1 
001487 17 
000832 19 
000241 29 
002692 3 
000356 9 
000905 3 
000521 1 
001137 31 
001734 27 
001573 1 
002110 32 
002235 33 
001738 1 
001620 29 
002703 14 
002706 14 
001051 31 
000064 11 
002954 34 
000737 1 
000867 28 
002633 25 
000577 25 
002665 20 
001849 35 
001177 29 
001314 1 
000994 20 
002137 29 
000271 36 
000369 10 
000099 37 
000597 27 
000016 19 
001115 27 
001882 19 
002122 31 
001333 5 
000291 36 
000789 5 
002873 18 
001888 1 
001212 30 
002002 15 
001569 1 
002115 20 
000957 39 
001108 36 
000557 9 
001753 36 
002511 40 
002494 22 
000489 13 
001326 41 
001615 15 
001428 9 
001448 12 
002531 42 
000144 5 
000524 1 
001026 24 
000530 12 
001112 20 
002737 43 
000219 33 
000612 1 
002823 27 
000740 41 
000858 44 
002374 22 
001129 42 
000123 45 
001807 12 
002375 46 
001515 19 
001203 31 
002417 29 
000281 6 
001294 1 
002748 20 
002754 47 
001873 1 
002483 9 
000600 4 
000817 33 
001557 1 
002310 18 
000782 24 
002813 20 
000717 13 
001798 3 
002578 48 
001679 29 
002486 28 
002485 19 
000113 49 
000158 1 
000495 4 
002865 14 
000682 24 
000260 16 
001249 14 
002871 50 
001805 18 
001720 43 
001988 5 
002117 30 
002401 45 
002866 24 
001090 31 
002675 18 
001355 4 
000929 1 
001195 16 
002387 10 
000028 33 
002629 14 
002721 32 
001463 1 
002133 9 
000825 33 
001276 43 
000628 29 
000069 51 
001993 44 
001013 10 
002606 14 
000516 20 
001981 27 
001486 32 
000102 3 
001390 53 
001495 14 
002183 33 
002101 9 
001306 3 
000500 54 
000080 55 
001736 1 
000766 56 
001654 57 
002526 58 
002333 29 
002324 3 
002767 19 
002513 20 
001509 1 
002539 1 
000342 44 
001443 55 
001577 9 
002747 54 
002845 29 
001073 12 
001688 59 
002830 20 
001847 15 
000055 11 
000063 1 
000313 12 
000959 1 
000205 1 
000132 9 
002536 9 
001984 1 
002326 2 
000337 19 
000085 8 
002465 28 
000242 1 
000791 1 
001394 31 
002026 32 
001425 51 
001467 8 
001497 17 
000077 9 
002851 47 
000094 29 
002708 7 
000138 20 
000843 17 
002872 19 
002412 63 
002789 1 
001821 1 
001490 48 
001345 25 
002739 1 
001062 57 
001488 9 
001860 1 
001891 14 
002013 1 
000759 20 
001149 3 
001578 20 
002712 20 
000073 14 
000228 56 
002440 55 
001493 64 
002488 20 
001007 64 
000809 20 
002506 13 
001940 37 
000130 19 
000983 35 
001102 1 
000664 14 
002505 20 
001057 36 
002305 55 
001354 41 
000222 55 
002149 1 
000693 30 
002162 17 
001461 16 
000586 1 
002937 47 
000956 1 
002838 1 
000745 3 
000733 49 
000476 10 
002870 1 
000735 1 
000005 44 
000962 1 
000660 39 
002138 47 
000070 64 
001836 1 
000921 65 
002145 19 
002859 11 
001933 5 
002094 13 
002005 1 
002263 44 
000049 65 
000254 1 
000503 35 
002849 56 
000083 20 
000734 8 
002595 28 
000061 55 
000024 66 
001634 18 
000506 22 
000522 47 
000827 47 
000970 44 
002329 42 
000924 1 
001269 56 
002781 3 
002875 20 
001600 1 
001464 19 
002551 29 
002192 1 
002489 64 
001731 1 
000585 67 
001248 68 
002166 2 
002372 20 
000477 1 
002274 14 
000799 13 
000318 36 
000469 10 
000402 28 
002946 41 
001175 12 
000104 18 
000512 19 
002575 33 
001687 4 
000997 20 
001774 14 
001482 20 
001347 37 
001592 9 
001689 12 
000620 12 
002393 65 
000185 64 
000457 1 
001831 20 
002613 14 
002582 2 
001160 20 
002051 39 
000945 19 
002939 69 
001266 50 
000103 33 
000468 53 
002278 55 
001607 5 
001322 57 
001781 55 
000131 9 
002063 19 
000828 35 
001496 24 
000587 26 
001806 47 
001627 29 
002784 67 
001692 1 
000531 4 
000264 29 
002456 29 
000777 10 
001867 4 
000141 42 
000552 20 
001730 19 
001717 1 
002191 43 
001746 59 
000787 5 
002993 48 
000763 1 
000473 9 
001920 70 
001284 1 
002410 20 
001662 20 
001004 3 
002262 29 
001209 1 
000653 39 
001614 33 
001710 71 
000785 1 
002929 72 
002815 32 
000995 59 
002025 22 
000898 28 
001647 1 
000581 20 
001551 19 
002281 30 
001819 73 
002344 41 
002953 57 
001349 10 
001776 10 
002630 46 
001941 47 
000538 55 
002436 19 
000096 10 
002959 29 
000464 41 
002014 20 
001382 37 
001156 59 
000220 46 
001747 19 
002585 55 
002546 72 
000770 1 
002907 19 
001828 34 
001727 14 
002168 50 
000329 8 
002366 18 
002037 12 
000112 1 
000967 18 
000432 50 
002288 18 
000149 19 
000908 42 
000376 33 
002520 72 
000019 44 
002969 1 
002988 53 
002663 67 
001998 22 
000274 1 
002626 1 
001128 42 
001642 68 
002139 37 
001432 19 
001237 33 
002066 14 
002125 31 
001883 5 
000269 66 
001939 2 
001650 2 
001611 16 
002962 76 
001117 22 
002000 1 
001079 29 
000364 19 
002064 24 
001711 36 
000034 56 
001726 19 
002173 13 
001537 20 
001659 77 
001305 2 
001698 68 
001735 14 
001417 59 
000279 14 
001795 44 
000935 18 
001572 1 
000363 5 
001961 49 
002568 45 
001440 47 
001424 68 
002847 20 
002395 26 
002099 51 
001565 71 
000708 28 
000386 67 
002229 19 
002024 19 
002175 2 
002400 19 
002328 39 
002075 19 
000987 24 
001678 28 
000659 47 
001568 29 
000856 19 
002118 17 
001991 2 
002213 14 
002893 76 
000527 19 
001956 20 
002077 41 
001750 1 
001596 19 
002837 16 
001904 51 
000287 22 
001835 78 
000268 1 
001874 22 
002793 50 
002425 8 
001506 66 
001788 27 
000644 1 
000647 47 
002319 59 
002342 19 
002577 15 
002165 57 
002614 59 
002768 45 
001996 46 
001919 36 
000210 1 
001264 45 
002930 9 
001331 29 
000622 65 
001265 1 
002086 29 
002116 10 
000564 9 
001966 79 
001437 14 
000015 1 
000209 29 
002726 44 
000834 77 
001098 1 
002337 47 
000692 3 
000684 33 
002477 1 
001119 39 
000582 1 
001721 31 
002525 41 
000120 9 
002176 14 
002227 1 
001606 25 
000295 19 
002258 59 
002985 24 
002237 19 
001449 1 
001190 49 
000009 81 
000311 17 
002370 18 
001165 82 
000478 59 
001729 19 
001066 47 
002382 35 
000505 1 
002141 1 
000355 1 
001256 18 
000038 22 
001704 1 
002790 25 
002593 37 
001748 67 
001749 39 
001258 9 
002574 20 
001146 1 
002819 14 
000941 1 
002915 46 
000640 27 
001093 1 
001070 19 
001126 14 
000656 83 
002690 4 
002354 29 
000419 84 
001231 14 
001143 1 
001172 14 
002474 20 
002224 10 
002664 19 
002089 11 
002228 1 
002661 5 
002481 5 
001719 9 
000203 20 
002679 56 
000811 1 
002981 9 
002480 85 
002631 71 
000370 56 
000195 1 
002610 50 
000502 3 
001584 13 
002484 20 
000887 9 
001768 19 
002688 31 
002702 1 
000298 35 
002058 36 
002246 28 
001107 29 
002919 67 
002041 29 
002874 9 
002475 47 
000233 17 
000930 43 
002918 66 
001147 1 
002275 36 
002567 44 
002913 55 
002579 1 
001167 43 
001978 14 
002047 1 
000643 2 
002038 8 
002911 1 
002885 36 
000736 33 
000685 77 
001591 31 
001295 1 
001715 1 
001670 13 
002004 9 
002955 14 
000808 28 
001626 18 
000991 55 
000985 9 
002668 86 
000361 44 
000330 25 
001778 49 
001476 14 
000598 1 
001700 36 
002608 65 
002496 65 
001635 9 
002549 29 
002603 9 
001042 9 
002968 55 
000109 20 
002010 2 
001544 1 
001416 14 
001232 1 
000128 20 
002434 20 
002186 66 
001552 66 
001395 2 
000616 56 
002418 1 
000661 1 
000365 4 
000965 25 
000701 59 
002416 1 
002509 2 
001368 19 
000591 55 
000504 82 
000623 1 
001325 36 
002844 9 
000157 9 
002773 59 
002749 11 
002979 3 
001005 85 
000840 55 
001399 10 
001527 54 
001420 65 
002612 84 
002912 1 
000007 7 
000869 22 
002119 11 
002109 11 
000602 54 
001289 3 
002042 16 
000595 6 
001323 9 
002571 25 
002398 1 
000892 55 
000835 33 
002364 30 
000837 57 
000739 15 
001562 44 
002462 1 
002082 46 
002081 1 
001862 5 
000774 49 
002744 55 
001096 24 
000630 1 
001559 1 
001315 67 
000216 84 
001856 9 
001556 8 
002053 31 
000292 11 
002001 55 
001530 57 
002681 48 
001902 82 
000227 1 
000542 68 
000857 20 
002090 56 
001633 1 
002522 1 
000217 71 
000720 55 
000830 20 
001977 29 
001638 55 
002242 10 
000174 26 
002927 70 
001257 87 
002135 5 
002507 35 
001293 50 
002933 53 
000322 44 
000324 1 
000270 45 
001206 32 
002285 19 
000754 20 
001159 57 
000427 20 
000004 1 
002642 1 
002006 8 
002501 56 
001471 19 
000565 24 
001517 33 
000357 19 
001999 22 
000955 85 
002381 67 
001316 9 
002421 67 
002563 84 
001925 85 
002350 1 
001197 1 
000474 3 
000247 47 
000201 88 
002883 6 
002752 44 
002203 1 
000181 55 
001668 44 
000350 1 
000875 53 
001273 20 
001618 2 
000847 20 
002007 48 
001864 89 
002479 13 
001742 1 
001358 17 
002069 29 
001757 22 
000345 67 
001383 12 
001740 1 
000731 36 
002924 90 
001763 1 
000588 14 
001380 65 
000862 18 
000177 1 
000455 4 
000373 33 
002564 22 
001105 49 
002598 36 
002148 1 
002541 14 
000961 9 
001811 66 
002775 24 
000601 10 
000317 1 
002699 35 
000783 39 
001869 19 
001843 49 
001268 35 
001348 47 
000593 10 
001262 1 
002349 20 
001344 19 
002956 25 
002922 91 
002039 8 
002743 55 
000915 1 
000283 82 
000186 29 
000453 9 
001037 6 
002622 1 
001501 13 
002307 92 
001745 35 
001477 19 
002359 41 
002504 91 
000696 16 
001168 93 
002766 67 
002365 1 
000849 55 
002323 19 
001765 1 
001936 20 
001771 14 
000548 1 
001188 59 
002114 1 
001817 1 
000607 3 
000973 9 
002674 76 
001820 94 
000814 15 
001733 1 
001303 1 
000796 9 
002487 37 
001088 9 
002247 20 
002778 1 
000511 1 
002367 11 
002982 35 
001640 35 
000288 1 
000076 85 
001023 20 
001661 65 
000100 44 
000750 67 
002396 39 
001353 51 
000306 14 
000316 30 
001793 20 
000072 1 
000309 67 
002926 1 
002560 33 
001032 95 
002296 10 
001401 18 
001313 9 
001405 2 
002899 35 
000678 91 
000826 65 
000666 55 
000335 56 
000124 1 
002449 96 
001240 46 
001267 39 
001985 26 
000366 2 
000285 14 
001381 11 
000488 37 
002787 37 
001582 97 
001871 25 
000134 2 
002756 19 
001460 19 
000958 39 
002197 36 
002841 1 
002596 67 
001967 26 
001684 19 
001895 19 
002742 4 
002550 1 
002852 25 
000037 11 
000954 5 
000118 5 
002452 19 
000392 47 
001301 77 
001135 1 
002277 67 
001124 5 
000599 18 
000492 22 
000615 49 
002801 29 
000918 84 
001478 67 
000788 98 
001716 1 
001896 56 
002439 99 
001545 49 
001224 84 
001913 85 
001854 100 
000756 14 
000841 67 
000273 1 
000572 41 
002682 91 
001230 66 
001357 5 
002251 35 
000167 10 
001909 7 
001278 5 
002691 67 
001491 1 
002272 59 
002111 43 
000540 19 
001824 6 
001162 1 
001438 9 
002084 20 
001816 13 
001064 1 
001550 20 
001690 8 
001865 1 
000910 1 
001714 37 
000062 10 
000800 20 
000780 1 
001414 1 
000689 65 
002314 19 
002463 47 
002895 8 
002521 1 
001236 1 
002380 55 
002905 18 
001707 67 
001812 20 
000579 9 
000778 59 
000293 34 
000460 24 
000035 1 
002573 11 
000543 57 
001901 19 
000998 2 
000257 17 
000371 1 
000081 11 
002420 9 
000497 42 
000729 99 
001022 79 
001641 22 
000446 4 
001696 1 
002723 19 
002659 50 
001777 18 
000517 1 
001520 1 
002994 55 
001009 55 
002177 1 
000433 1 
000276 20 
001047 19 
001724 12 
000282 13 
001885 20 
001541 41 
000646 41 
001893 7 
002161 14 
002591 42 
002220 1 
001178 45 
000039 19 
000336 25 
001125 3 
000541 1 
000943 49 
000383 99 
002384 20 
000885 1 
000240 25 
002448 53 
001675 1 
001489 1 
001388 9 
001929 4 
002725 1 
002209 65 
001163 41 
002896 58 
001288 64 
001377 101 
000243 44 
002361 20 
000569 29 
002190 57 
000218 20 
000649 51 
001937 1 
002222 1 
001299 1 
002806 77 
000757 9 
000146 6 
000289 9 
002760 33 
000560 30 
000059 29 
001625 1 
001930 19 
000221 13 
000232 78 
000926 87 
003000 4 
000147 35 
001131 94 
002357 1 
000084 72 
002185 19 
001671 3 
000244 1 
000771 20 
001077 37 
001255 1 
002476 14 
001238 20 
000182 1 
000795 22 
001182 1 
001752 20 
000576 29 
001456 3 
001458 22 
001132 64 
001946 29 
002635 1 
002394 19 
002558 48 
000304 1 
001797 55 
001261 69 
001161 102 
002556 1 
000786 2 
001818 14 
000212 9 
001282 103 
001973 20 
001952 58 
002335 77 
002502 1 
001318 1 
001455 57 
000571 8 
000465 29 
001758 31 
002810 78 
002616 14 
001421 47 
002524 1 
000117 29 
000461 55 
002451 46 
000621 104 
001528 1 
002020 78 
001270 9 
000978 72 
002221 36 
001694 14 
000712 105 
000405 19 
000430 1 
001631 43 
002694 20 
000518 19 
000769 43 
002730 72 
000046 37 
001792 41 
000467 1 
001796 51 
002347 24 
002210 72 
001655 50 
000810 1 
000690 8 
001637 19 
000758 55 
001982 1 
001446 1 
000753 1 
002261 20 
000307 20 
000482 83 
000162 37 
001254 14 
000923 20 
002917 46 
000852 1 
000449 19 
002826 87 
000652 1 
001186 43 
002248 9 
002317 106 
001989 55 
001075 107 
002995 19 
001201 1 
000609 5 
002594 14 
001309 44 
000912 33 
001581 1 
001243 19 
001055 14 
002975 72 
000040 108 
000031 84 
002590 19 
002297 9 
000732 1 
002052 19 
001931 76 
002298 2 
002250 1 
002153 9 
000388 1 
002200 10 
001067 22 
002532 24 
000377 26 
001673 93 
000249 14 
002325 81 
002833 1 
002031 65 
000044 20 
001702 1 
000456 11 
002132 1 
002719 1 
001813 18 
002055 20 
000415 9 
002073 28 
001979 109 
002223 9 
000115 29 
001080 79 
001801 30 
002255 10 
002065 55 
001848 25 
002343 1 
002700 6 
002134 28 
002750 28 
000170 9 
000749 19 
002796 8 
001441 66 
000523 14 
002605 41 
001657 10 
000713 46 
001221 57 
000917 1 
000804 51 
002011 1 
000525 19 
001965 72 
000722 29 
001866 59 
000977 1 
000746 49 
001987 57 
000471 14 
000338 67 
000567 56 
001855 44 
002619 57 
001878 85 
002280 13 
002299 26 
001024 15 
002127 1 
002792 22 
000626 1 
001605 13 
000053 9 
002740 93 
002353 9 
000196 5 
000645 20 
000066 56 
001810 1 
002910 36 
000424 57 
000399 67 
000784 87 
001887 10 
000284 67 
002714 1 
001360 22 
001253 12 
002552 1 
002618 6 
001063 2 
001686 7 
001769 67 
002253 44 
002059 47 
000904 20 
002970 84 
001142 2 
002218 2 
002812 65 
001452 44 
001772 37 
001251 1 
002680 9 
000553 39 
000829 30 
000198 1 
002023 1 
002469 20 
002036 9 
001144 1 
002686 91 
002478 29 
001166 55 
001027 44 
002249 14 
002644 8 
000603 24 
000387 1 
002799 65 
002861 83 
001336 59 
002653 2 
000805 5 
000953 9 
000493 36 
000697 1 
002032 39 
002771 9 
002832 1 
000166 9 
002646 22 
001370 55 
001576 1 
000485 55 
001744 24 
002584 9 
001423 1 
000155 1 
002358 85 
000592 12 
002142 35 
001756 19 
000379 22 
001028 1 
002828 2 
002339 18 
002689 91 
000067 96 
000119 41 
000003 23 
001518 2 
002239 59 
002113 110 
002814 37 
000412 1 
002974 1 
002252 2 
000838 1 
000250 39 
002271 19 
001505 39 
000533 1 
001976 19 
000272 1 
000344 18 
000278 20 
000466 33 
001330 36 
000574 93 
000280 41 
000368 22 
000023 9 
000760 2 
002976 20 
000836 1 
000086 29 
000845 25 
001903 27 
001975 36 
002652 9 
001538 1 
001016 29 
002856 8 
001141 1 
002231 8 
001951 1 
000353 1 
002405 19 
002923 57 
000008 20 
001522 33 
002829 1 
001560 15 
002120 77 
002234 16 
002627 17 
002717 1 
000236 19 
001651 29 
001145 11 
002611 1 
000950 20 
002304 28 
002056 2 
000539 20 
001069 71 
002701 1 
002557 91 
002497 41 
001339 1 
001639 4 
002906 1 
002705 1 
002535 77 
000764 8 
001109 22 
001247 37 
001723 1 
000202 32 
000872 56 
002404 1 
002107 7 
001554 111 
001222 58 
000976 67 
000889 46 
000952 1 
002545 1 
001153 83 
002898 22 
001949 9 
000633 24 
002645 27 
002736 1 
002746 84 
000886 9 
001099 44 
002049 18 
000142 1 
001799 45 
000816 39 
001091 36 
000082 20 
000156 14 
001041 1 
002243 1 
002003 2 
002450 55 
002150 1 
002798 72 
000184 28 
000611 91 
000618 65 
000881 9 
002219 1 
001229 66 
001986 85 
000319 1 
002169 9 
000161 1 
001636 32 
000362 15 
001076 1 
001889 1 
000095 19 
002776 42 
002921 59 
001280 41 
000334 41 
002581 1 
000459 93 
002163 9 
002709 88 
002095 1 
001321 9 
000509 45 
002181 24 
000448 9 
000447 20 
000975 20 
000779 1 
001045 20 
002544 87 
002931 1 
000347 55 
000127 10 
002091 19 
000340 20 
002021 1 
001089 31 
001465 58 
001019 20 
001470 19 
000974 20 
001039 9 
002230 55 
002466 28 
000551 1 
001052 65 
000375 28 
001851 72 
000484 11 
000888 25 
000401 1 
000263 14 
002602 1 
001783 12 
000992 57 
001773 22 
000821 19 
000472 88 
002385 3 
000944 19 
000451 30 
001643 82 
002445 45 
002632 20 
001877 1 
002044 57 
001312 19 
001531 51 
001439 9 
000394 1 
002862 29 
002881 105 
001767 20 
000676 1 
000824 65 
002977 19 
001513 44 
002027 31 
001508 9 
001703 9 
000302 44 
001151 20 
002467 27 
001630 20 
002950 1 
000480 1 
001610 37 
000561 65 
002245 66 
001761 24 
002848 25 
000773 1 
002363 1 
002157 9 
001343 41 
002621 27 
002289 46 
000842 42 
001785 1 
002685 1 
001297 112 
001210 2 
002016 1 
002731 27 
002493 12 
002415 10 
000718 113 
000041 20 
002877 1 
002160 68 
000012 83 
000663 20 
002990 1 
001015 19 
001959 1 
000584 16 
002454 65 
001960 18 
002241 51 
002199 1 
002427 15 
000359 71 
002660 5 
001870 1 
000853 37 
000105 20 
000235 25 
000695 20 
000194 20 
001561 1 
000617 3 
001879 35 
001049 1 
001056 114 
001916 63 
001157 67 
000514 76 
001595 14 
000634 29 
000385 9 
001543 82 
002604 22 
000850 31 
002295 14 
000714 91 
001542 17 
002718 29 
002311 1 
001583 67 
000090 37 
002035 37 
001837 20 
000308 14 
001311 35 
002009 49 
001935 81 
001171 20 
001363 20 
000743 82 
001590 29 
000922 1 
000211 20 
002916 39 
000384 19 
000691 47 
000709 25 
000403 55 
000702 36 
002377 115 
000999 1 
002085 1 
000544 14 
001208 25 
000404 67 
002667 2 
001083 33 
002225 37 
001945 11 
000442 46 
001524 24 
002991 47 
002196 13 
002308 1 
001934 1 
001533 1 
000559 14 
000861 1 
001134 85 
001502 46 
002824 5 
001947 1 
000087 9 
000546 77 
002785 1 
000463 41 
002512 9 
000815 56 
000854 29 
002050 9 
002158 46 
001665 1 
001006 22 
000234 14 
000395 27 
001603 20 
000189 1 
002070 20 
000614 49 
000437 65 
000164 22 
001844 72 
001219 55 
001200 9 
000820 18 
001547 1 
000515 1 
000776 20 
001469 29 
002045 1 
001963 1 
000487 13 
002625 47 
000793 44 
002508 2 
000583 58 
000578 47 
001412 116 
000748 117 
001850 40 
002206 32 
001787 20 
000566 59 
002301 1 
001838 29 
002763 118 
000580 43 
002903 49 
001290 20 
001593 1 
000803 1 
000259 9 
000458 20 
000725 15 
000116 1 
002151 24 
001104 3 
002772 119 
001842 47 
001298 35 
002345 36 
000547 1 
001755 15 
002226 4 
000418 29 
000047 44 
000310 1 
000878 1 
000721 40 
002332 46 
001525 9 
002447 1 
001728 17 
000947 9 
001808 1 
002908 12 
002901 72 
000150 41 
001213 14 
000408 20 
001340 20 
002423 8 
002607 72 
000806 19 
001454 55 
000846 41 
000625 29 
002868 20 
001880 14 
002600 49 
000193 53 
000331 4 
000122 3 
002864 1 
001384 72 
000312 43 
001082 25 
002184 10 
001043 27 
000741 29 
000883 10 
002390 20 
002647 82 
001404 46 
001858 1 
001942 1 
002498 40 
000018 24 
000354 41 
000258 68 
001263 64 
000863 4 
002468 1 
002734 1 
001529 37 
000060 1 
001612 50 
001994 6 
002623 9 
001095 20 
000519 37 
000422 1 
001570 20 
000860 13 
000013 8 
001829 36 
000372 1 
000389 16 
002470 24 
000420 1 
001494 25 
001712 46 
001800 1 
002965 1 
001567 73 
002123 72 
002046 19 
000938 17 
000494 10 
002762 55 
002839 73 
000638 46 
000428 27 
002290 19 
001308 28 
002820 73 
000305 24 
002428 1 
000909 81 
000409 37 
000716 25 
000981 1 
001442 77 
000920 101 
001307 120 
000088 15 
002533 1 
001649 44 
000513 59 
000110 37 
000680 82 
002017 59 
001725 20 
002379 20 
001894 28 
001827 41 
000398 8 
001274 25 
002967 76 
002753 36 
002172 1 
000662 1 
001185 10 
002194 1 
000797 8 
002140 59 
002878 17 
001695 1 
000738 93 
002729 25 
002836 1 
001782 88 
001462 18 
002963 33 
001453 1 
002461 31 
001926 1 
000679 82 
002949 1 
001558 8 
000822 50 
001857 54 
000042 1 
002650 1 
000213 29 
000772 13 
000323 20 
002336 1 
002376 20 
000931 43 
000979 27 
000303 77 
001992 83 
001260 49 
000092 103 
001044 1 
001365 10 
001207 44 
001622 9 
000022 33 
002889 1 
000949 51 
001106 1 
002205 103 
002426 10 
000423 1 
002126 29 
000175 9 
001287 47 
000208 3 
000499 47 
002188 103 
000071 11 
002850 1 
000635 1 
002561 13 
002887 1 
002782 2 
000021 41 
001685 1 
000925 27 
001038 1 
000613 91 
001310 1 
001356 1 
000045 37 
002759 56 
002897 39 
002707 47 
002106 22 
001971 88 
000129 57 
002530 121 
001427 30 
001621 39 
000239 14 
002327 4 
002609 27 
001604 82 
001917 19 
001743 2 
001097 1 
000665 20 
000454 21 
002777 8 
002330 1 
000687 1 
001020 37 
001003 8 
001846 1 
001516 59 
000520 1 
002392 59 
000178 8 
001918 85 
001250 44 
000204 37 
002900 1 
001337 28 
001366 1 
002980 24 
001130 1 
001713 19 
000290 19 
000048 11 
000160 42 
001521 47 
002733 1 
002651 32 
002783 67 
000933 1 
001196 1 
001018 82 
001924 24 
000068 77 
001387 1 
001133 1 
002693 41 
001059 14 
002080 1 
001598 20 
001415 16 
002360 46 
002867 36 
002464 46 
000406 1 
001304 51 
000286 9 
000707 18 
000946 1 
002909 1 
001697 20 
002096 9 
001184 103 
002321 1 
002794 46 
001154 20 
002419 57 
002313 1 
002356 37 
000667 96 
000252 16 
002195 14 
001546 19 
002510 12 
000700 1 
001285 22 
001693 50 
000604 104 
000986 36 
002755 11 
000906 82 
001669 13 
002947 82 
000526 1 
001194 55 
002232 22 
002678 40 
000545 20 
001914 44 
002957 3 
002817 122 
001834 1 
002279 29 
001908 35 
002751 14 
001653 1 
002757 1 
000706 24 
001225 37 
000673 20 
000762 20 
000378 20 
002860 31 
001852 65 
001683 19 
001372 20 
000744 1 
001068 1 
002802 1 
001861 35 
002270 108 
000654 1 
002268 14 
001826 1 
002373 1 
000868 1 
002316 55 
000848 1 
002015 31 
002028 16 
001092 29 
002971 1 
002964 20 
001444 20 
002174 1 
000139 9 
001619 1 
000326 55 
000341 24 
000554 13 
001040 19 
001183 20 
002437 1 
002797 57 
000238 66 
002519 55 
002528 34 
001279 15 
001084 1 
000648 14 
001897 37 
000253 9 
001732 19 
002935 29 
000328 28 
001434 15 
001972 68 
001539 1 
001000 1 
001418 55 
002518 24 
001164 8 
000728 1 
002932 72 
001574 1 
002941 14 
002999 2 
001928 1 
000183 17 
002067 115 
001035 55 
000790 44 
000358 44 
000942 1 
000173 123 
002720 16 
000594 124 
000470 1 
002805 2 
002362 7 
002840 1 
002435 22 
001648 13 
002722 3 
000165 1 
001485 19 
002677 39 
000251 59 
001085 1 
002657 67 
000400 1 
000802 83 
001969 65 
002572 24 
002553 1 
000029 25 
000642 49 
000927 67 
002998 72 
001061 20 
000452 20 
001957 9 
002334 1 
001932 47 
001825 1 
002414 31 
000380 1 
000536 29 
001762 55 
001575 45 
001841 115 
000352 1 
000294 39 
002391 29 
001169 28 
001116 11 
002346 1 
002072 14 
002543 43 
002458 1 
000091 67 
000960 1 
000001 20 
001646 16 
000683 19 
000382 50 
002637 1 
002523 43 
001492 20 
002178 34 
001252 1 
000627 116 
000916 1 
000705 9 
002315 1 
000619 1 
001645 30 
001510 28 
001422 17 
000320 9 
000224 20 
000214 1 
000573 45 
000078 1 
002892 14 
001413 14 
000440 1 
002217 29 
000343 1 
001033 67 
002944 1 
002676 66 
001859 45 
000491 55 
002472 104 
002628 11 
000932 13 
001921 1 
000686 8 
002727 1 
000255 33 
002639 27 
002207 1 
001875 1 
002943 19 
001223 1 
000296 55 
000710 32 
002060 4 
000641 20 
001868 20 
001334 20 
002216 59 
001737 8 
001839 1 
002008 1 
002264 44 
002312 46 
002649 29 
001352 51 
001511 5 
001602 6 
000190 13 
002424 1 
001373 12 
001296 39 
000556 44 
002713 24 
001111 1 
001189 33 
001892 19 
001121 6 
000698 1 
001218 1 
001886 20 
000988 25 
000327 59 
002960 49 
001180 1 
001708 1 
001555 39 
002155 125 
000668 37 
000874 1 
000057 1 
001054 28 
001503 113 
002858 57 
000017 1 
001435 1 
002254 1 
002124 9 
000135 6 
000002 19 
000438 9 
002827 29 
002459 93 
002809 1 
002687 65 
001346 1 
000568 1 
001192 1 
002846 11 
001087 14 
000426 1 
001114 5 
002804 33 
002745 12 
001181 25 
001466 36 
001699 55 
001536 33 
001008 96 
002987 2 
001155 24 
002978 41 
002879 1 
002433 19 
000871 37 
001498 1 
001138 7 
000866 8 
000768 67 
001954 85 
001205 55 
000180 28 
002835 55 
001122 66 
001779 18 
001962 16 
002770 35 
000864 26 
002769 29 
001617 42 
000346 1 
002368 19 
001275 1 
001320 83 
000051 28 
000969 55 
000121 1 
001317 93 
002914 1 
001968 1 
001393 20 
001217 11 
000844 84 
002284 29 
001286 57 
001995 45 
000479 37 
002658 25 
001571 82 
000075 1 
001211 1 
000575 16 
001457 44 
001804 83 
001036 55 
001790 46 
001876 90 
000964 8 
000655 12 
001021 65 
002293 1 
001234 20 
001204 19 
000902 41 
000441 1 
000984 9 
001881 103 
000206 1 
002105 1 
001409 29 
000501 1 
002062 1 
000532 1 
000742 9 
002788 42 
002673 93 
001335 31 
000590 20 
002286 19 
001905 1 
001451 1 
001174 65 
000606 44 
002882 105 
000176 25 
001214 19 
001784 15 
001481 2 
002340 20 
000413 30 
001391 1 
001342 9 
002078 55 
002890 43 
002201 1 
002936 55 
002446 56 
002764 93 
000349 81 
002514 82 
002322 1 
000884 20 
002843 36 
002891 1 
000265 1 
002786 1 
001624 1 
002587 14 
001179 20 
002098 66 
002071 59 
001563 24 
000882 25 
001431 9 
001283 105 
002276 4 
002034 37 
002934 1 
002156 44 
001389 1 
001681 1 
002984 44 
001549 81 
002079 22 
000011 105 
001629 20 
000439 33 
001367 55 
000972 25 
000711 20 
001483 96 
002371 1 
000670 84 
001193 12 
000126 20 
002306 1 
002670 1 
001927 113 
001338 46 
002012 9 
001060 1 
000199 1 
000629 1 
000410 9 
002741 16 
001741 37 
002443 1 
001199 64 
002761 1 
001202 42 
001300 1 
002765 19 
000014 44 
002951 1 
002620 1 
000657 1 
000537 53 
000968 20 
002589 14 
001666 20 
001663 1 
002402 9 
002212 9 
001136 1 
001594 1 
001459 114 
000483 30 
001245 14 
002583 36 
002179 90 
002780 41 
000694 81 
002601 20 
002074 1 
002121 126 
002547 71 
001540 1 
001579 30 
002061 20 
001472 17 
002724 19 
002455 19 
002257 66 
002352 36 
001601 19 
001534 1 
001907 45 
002389 14 
000812 127 
001371 50 
000154 1 
001329 16 
000043 1 
001241 113 
001419 46 
000879 1 
001950 1 
002559 59 
001484 1 
000360 9 
000056 20 
000880 1 
001319 10 
000027 1 
000681 20 
001239 12 
001514 4 
000136 46 
001535 1 
002259 51 
001378 72 
002989 1 
002104 28 
001001 1 
001863 19 
002265 5 
001065 1 
000397 3 
002920 1 
000054 13 
002294 41 
000179 29 
000508 1 
000301 1 
001553 1 
001664 1 
002634 55 
001002 114 
000079 17 
000996 1 
000727 1 
000229 55 
000819 20 
001398 103 
000989 16 
000030 1 
001658 16 
000562 1 
000226 1 
000006 19 
001228 3 
000445 50 
000033 20 
000966 36 
001682 1 
000894 1 
000669 30 
002211 103 
001359 1 
001407 55 
002554 5 
001397 104 
000152 1 
002669 20 
000223 53 
002490 32 
000703 1 
001667 41 
002666 1 
001445 55 
000855 20 
001833 18 
001587 24 
001526 33 
000114 1 
002097 76 
002338 1 
001101 1 
000207 32 
002534 101 
001148 14 
001822 14 
001411 20 
000890 1 
002972 55 
000900 1 
000833 46 
001246 25 
002983 44 
001242 11 
001983 36 
000870 1 
001660 44 
000674 67 
002457 12 
001375 9 
001677 1 
002599 1 
000140 1 
000490 9 
000914 44 
001616 12 
001672 29 
002214 59 
001899 1 
002562 113 
000813 1 
000215 11 
001944 57 
002180 20 
000315 1 
002187 103 
000417 44 
001030 44 
002087 84 
002102 13 
000137 41 
000747 29 
001475 1 
001123 17 
000794 34 
000036 99 
000026 20 
000658 20 
001403 1 
000450 1 
001402 55 
001259 20 
002351 55 
000752 88 
001271 10 
002958 41 
001450 83 
002422 17 
001053 1 
002438 1 
000245 9 
002152 17 
000277 30 
002442 20 
002159 1 
000589 1 
002208 55 
000971 1 
001948 14 
002570 1 
002624 37 
002388 1 
002378 6 
001760 81 
002182 65 
001324 1 
000168 1 
002273 55 
000928 1 
000025 48 
000807 71 
000444 93 
001780 22 
000151 55 
002791 1 
002143 1 
000755 1 
002266 1 
002430 46 
001048 12 
000781 104 
000901 1 
000865 3 
001953 41 
002341 41 
001198 1 
000101 26 
001050 2 
001628 8 
002444 1 
002538 1 
001272 25 
001759 9 
002684 41 
001379 66 
000767 1 
000751 29 
000963 67 
002716 11 
002291 1 
000169 9 
000074 1 
002973 55 
001884 1 
002167 36 
001139 14 
002569 128 
000993 12 
002054 10 
001500 1 
002303 53 
001906 19 
001094 20 
001385 1 
002432 96 
001739 37 
002648 72 
001504 47 
002565 20 
001632 20 
002103 82 
002516 28 
000267 1 
001034 82 
001830 67 
002586 36 
001845 26 
002108 1 
002641 67 
002215 9 
000145 1 
000332 20 
001974 31 
000248 57 
000374 44 
000381 87 
002548 9 
000321 20 
002240 39 
000637 20 
001588 1 
001332 1 
002842 9 
002638 1 
002615 1 
002283 44 
001215 117 
000431 9 
001011 44 
000192 19 
002655 45 
001176 26 
000436 11 
002735 43 
001691 14 
001943 1 
001281 18 
001900 8 
001187 9 
001017 1 
002233 55 
000688 1 
001566 1 
000639 11 
000570 32 
000934 1 
001408 1 
001170 20 
001361 1 
000534 1 
002996 25 
001823 5 
002715 20 
000197 1 
002482 129 
001803 19 
000496 20 
002640 20 
000937 26 
000980 1 
002429 36 
002076 47 
001302 108 
001814 14 
001656 14 
000396 16 
002369 1 
001706 1 
000148 1 
000798 44 
001751 1 
000624 1 
002287 20 
002029 11 
001010 99 
001519 1 
000911 11 
001623 39 
000896 128 
001474 20 
002822 42 
001362 104 
000107 1 
000351 1 
001548 1 
000651 1 
000390 1 
001473 26 
001118 3 
000555 1 
000300 91 
000171 20 
001277 20 
002355 49 
000416 20 
002966 19 
000765 36 
000429 54 
000187 9 
001840 14 
001915 1 
002318 32 
001890 1 
000631 64 
000951 55 
000163 9 
000414 1 
001074 15 
002144 55 
002147 79 
002018 56 
001031 103 
000877 55 
000818 1 
000823 82 
002256 44 
000873 1 
000246 28 
000230 46 
000907 1 
002057 115 
000897 1 
002236 1 
002884 9 
001754 55 
002925 130 
002154 27 
000792 37 
002238 1 
001911 22 
001328 29 
002309 1 
002193 11 
001652 1 
000699 10 
002491 1 
000891 14 
002643 58 
001718 57 
002580 1 
000895 65 
001152 33 
001447 85 
000058 1 
001980 16 
001923 1 
001058 76 
002331 20 
002411 15 
002292 5 
000093 1 
001235 65 
002386 14 
001014 1 
001701 1 
000948 1 
001794 56 
001110 1 
000191 20 
002088 25 
001532 1 
001997 18 
002683 55 
001955 11 
000724 46 
002112 59 
002282 103 
000677 1 
000106 11 
002948 1 
001964 1 
000903 9 
002302 1 
001433 2 
002471 32 
000775 67 
001233 46 
000859 1 
001429 1 
002030 20 
002128 93 
000990 24 
000498 1 
002942 131 
001608 3 
002136 10 
001990 1 
000065 47 
002654 9 
001815 1 
000275 55 
000726 33 
001680 20 
002597 49 
001150 41 
002202 55 
002662 1 
001364 20 
000411 20 
000831 1 
000913 20 
002566 14 
002093 96 
000391 11 
002269 44 
002189 40 
001374 20 
002406 84 
000723 1 
000262 104 
000899 22 
002244 1 
002164 1 
000719 19 
002441 1 
002068 14 
002407 1 
002876 1 
000936 1 
002803 1 
000421 1 
002198 30 
000010 9 
001938 1 
001120 20 
002928 1 
000535 132 
000549 1 
001585 1 
000299 1 
002171 1 
001386 30 
002758 9 
002863 15 
002818 36 
001676 14 
001392 1 
000089 33 
001644 9 
000098 133 
002100 65 
002397 83 
000510 1 
002260 87 
000704 9 
001970 41 
002795 1 
001046 93 
001507 81 
000940 6 
001430 39 
001809 1 
001912 1 
002940 1 
000608 1 
002886 84 
002527 28 
002540 67 
001071 1 
002413 8 
000297 39 
000050 12 
001512 1 
000225 5 
001775 99 
001244 68 
001922 14 
000851 1 
001786 20 
002696 18 
001226 1 
000563 17 
002671 25 
002853 8 
000605 1 
000443 36 
002473 1 
001599 30 
001025 51 
002588 1 
002816 4 
002811 83 
002738 1 
000188 1 
000407 1 
001173 50 
002800 47 
002961 44 
000462 20 
000671 37 
002704 41 
002834 29 
001958 9 
000715 19 
001351 5 
000425 55 
002092 53 
002710 1 
000636 83 
000529 24 
002267 10 
001766 56 
002869 1 
002997 1 
002952 25 
002904 20 
001499 47 
000610 81 
000486 44 
001479 83 
001086 59 
002130 24 
001705 3 
000325 6 
000020 28 
002503 1 
000839 1 
002022 1 
002807 1 
001674 1 
001341 93 
002083 29 
002857 22 
001791 49 
001613 9 
001523 1 
000801 28 
001580 24 
000097 20 
002495 37 
000475 1 
001789 19 
000367 17 
001898 67 
001722 16 
001910 59 
002555 14 
000761 40 
000919 1 
001426 20 
002808 20 
000393 17 
001770 105 
000507 1 
000435 1 
002697 59 
002048 66 
001832 77 
001586 81 
002986 1 
000133 22 
001589 1 
002499 57 
000032 46 
002170 53 
001376 1 
001327 83 
001113 20 
001350 1 
000256 27 
000893 83 
002408 9 
000052 1 
000876 19 
000939 28 
002821 22 
001127 20 
001220 47 
002728 29 
002854 1 
000125 1 
002453 1 
002779 1 
002880 1 
001072 1 
002774 37 
002636 11 
002656 1 
000434 1 
000675 37 
002409 31 
001100 1 
002515 19 
002348 81 
001609 41 
002542 65 
002576 20 
002537 38 
002204 52 
000159 60 
002831 61 
001709 62 
002529 74 
000261 75 
000200 80 
