0 3.0489866733551025
001284 1 
002154 1 
002787 3 
000633 4 
000071 5 
000022 6 
000415 7 
000587 8 
000604 4 
002172 9 
002800 5 
002664 10 
001733 1 
002050 10 
001728 10 
001637 11 
002287 1 
001493 12 
002617 13 
002702 14 
002406 6 
001229 7 
001008 15 
000165 1 
002088 15 
002930 3 
000904 16 
000655 17 
002361 13 
000203 18 
002160 19 
002398 20 
001918 22 
000911 17 
002231 23 
000550 11 
002370 18 
000696 13 
001042 24 
002439 19 
000895 19 
001958 17 
002506 25 
002625 1 
001983 26 
000031 9 
000881 3 
000545 16 
001327 5 
001850 27 
002319 22 
001573 1 
002431 24 
000313 14 
002699 18 
001440 1 
000446 18 
000892 23 
000923 23 
000533 10 
000088 28 
002891 13 
001923 23 
000058 1 
002612 9 
002135 11 
000896 29 
001106 4 
000764 23 
001978 30 
001375 1 
002041 20 
002219 1 
001784 15 
000155 1 
002166 4 
000806 13 
002020 31 
002392 32 
002964 11 
000247 33 
000348 1 
002754 34 
001195 35 
000530 17 
002043 6 
001112 22 
002956 4 
001686 36 
002932 37 
001777 18 
001036 23 
002193 4 
000686 23 
000803 8 
000070 12 
001254 20 
002656 24 
001734 15 
002627 13 
002606 20 
002203 1 
001702 1 
001391 38 
001507 8 
000934 13 
001395 38 
001037 27 
002638 17 
000267 8 
001550 23 
001623 20 
001172 38 
000372 1 
002679 5 
000440 23 
000333 1 
002031 18 
002239 35 
001219 40 
001362 11 
000378 11 
002870 3 
001418 13 
000903 20 
001722 40 
002826 41 
002586 26 
002110 42 
002107 36 
000559 23 
001076 1 
000967 43 
001869 44 
001700 38 
001043 28 
001523 20 
002234 45 
002532 19 
000825 17 
002715 20 
002127 30 
000176 6 
002615 16 
000411 42 
001071 1 
000210 14 
000399 44 
000237 5 
002500 46 
000227 5 
000618 14 
001861 47 
000004 16 
002779 1 
001731 1 
001494 30 
001631 16 
002998 11 
002731 14 
001238 11 
001587 25 
001999 44 
002823 5 
001815 30 
002993 48 
000026 20 
002653 42 
002747 7 
002015 42 
001997 35 
001288 12 
000161 5 
000838 20 
000935 43 
001056 49 
002526 50 
002313 1 
001941 44 
001401 10 
001090 38 
001893 5 
000959 1 
002705 1 
000270 38 
002673 9 
001577 1 
000023 1 
001651 38 
001837 23 
002839 51 
000211 20 
001509 1 
001142 23 
002557 20 
000473 52 
001012 4 
001274 28 
000329 42 
000323 20 
002278 13 
002764 53 
001953 26 
000073 20 
001412 54 
000470 1 
002343 23 
001293 26 
001835 20 
000839 23 
001917 23 
000274 20 
000007 43 
002602 50 
002039 30 
002531 8 
002858 9 
001208 11 
002033 24 
000001 17 
001033 16 
000318 44 
000829 7 
002423 9 
002282 4 
002260 16 
001264 52 
001536 1 
002805 33 
002293 1 
002655 45 
001066 23 
001342 11 
001657 19 
000444 56 
002539 1 
002126 13 
002856 16 
001931 57 
001618 23 
002692 24 
002776 36 
002851 34 
002760 5 
001701 38 
000405 38 
001413 26 
000564 3 
001799 13 
000752 16 
001991 4 
001723 44 
001533 1 
002959 16 
001223 1 
000121 20 
001818 1 
002984 1 
000410 1 
001424 38 
001905 29 
000209 13 
002367 4 
001895 10 
000127 5 
001171 13 
002036 20 
000472 59 
001502 30 
001755 15 
001053 13 
001218 44 
002003 40 
002311 1 
001234 60 
000786 40 
000125 16 
000217 61 
002366 19 
000167 5 
000482 3 
000229 27 
002468 1 
000347 17 
000899 5 
002595 15 
000335 62 
001598 20 
001610 30 
000661 47 
000351 20 
000319 16 
001460 42 
000627 54 
001353 5 
000087 13 
001825 20 
000390 23 
000558 16 
001495 9 
000393 63 
000460 44 
002970 63 
001323 1 
002774 38 
000731 26 
000629 1 
000500 63 
002894 1 
002196 22 
002222 1 
000124 1 
001120 23 
000824 14 
001875 1 
000389 30 
002383 54 
001870 36 
002986 20 
002910 26 
001740 3 
000900 16 
000598 1 
000631 12 
002212 3 
002918 44 
002396 11 
001350 3 
002448 64 
001476 1 
001911 26 
001912 1 
001714 30 
000563 65 
000593 1 
001860 1 
000371 3 
001612 17 
002099 38 
002660 52 
001877 3 
000066 9 
002997 3 
000637 13 
001948 66 
000912 1 
002553 33 
000006 61 
000720 16 
002859 11 
000404 16 
000112 1 
001454 16 
002144 1 
001894 5 
002597 54 
001245 1 
001168 53 
000042 60 
001797 50 
002306 1 
000302 27 
001108 26 
000423 1 
002832 3 
002820 47 
001575 67 
002163 1 
001441 34 
000212 1 
002574 23 
000158 1 
000157 3 
001990 3 
000605 26 
001123 30 
002603 52 
000933 3 
000104 43 
000871 53 
001094 23 
000455 28 
000241 13 
002599 24 
001184 68 
000891 23 
000141 48 
000653 23 
000698 1 
002480 69 
001664 20 
002021 16 
002739 1 
002257 28 
000769 1 
002326 4 
001481 23 
002834 33 
000719 23 
002441 20 
000340 1 
000878 25 
002102 40 
002117 61 
000195 3 
001553 3 
001696 1 
000809 20 
001232 13 
001751 1 
001708 26 
001836 1 
001736 3 
002388 8 
002018 61 
001041 20 
000035 1 
002735 70 
001524 10 
000271 26 
002089 1 
002195 1 
001445 10 
000193 30 
001647 16 
001265 3 
001345 20 
002534 42 
000331 28 
002513 20 
001883 52 
002862 64 
001048 33 
001434 28 
002385 20 
000326 13 
002630 26 
002065 23 
002403 8 
002713 11 
000438 57 
001282 30 
000541 1 
000132 1 
001052 24 
002804 63 
001903 5 
001211 1 
001928 1 
002341 26 
000884 23 
002730 26 
000060 3 
000363 8 
002825 30 
002605 17 
002880 33 
002681 48 
002752 20 
002434 20 
001200 13 
002585 23 
000552 20 
000980 1 
000670 63 
000978 19 
000184 71 
002704 27 
000294 20 
001962 45 
000537 63 
001661 3 
002507 52 
001361 1 
002892 23 
002476 60 
002689 67 
002662 17 
001060 1 
001417 50 
000304 16 
001169 24 
002499 12 
001833 53 
001272 30 
001562 27 
002288 9 
001126 20 
000392 23 
000842 8 
002720 13 
001157 20 
000039 8 
000943 14 
000362 11 
000357 3 
000092 68 
001110 61 
002626 33 
002286 34 
000074 16 
000230 30 
001746 35 
001512 64 
000459 53 
001496 57 
001009 45 
002355 1 
000083 20 
001280 69 
001829 26 
000273 5 
002177 8 
001089 57 
000693 1 
002651 15 
000913 20 
000447 18 
002616 17 
002238 20 
001049 20 
002489 12 
001564 72 
000603 10 
002017 42 
001463 13 
000730 20 
001491 1 
001742 1 
002247 20 
002229 6 
002967 15 
002822 8 
000853 23 
000449 1 
000213 60 
000893 65 
002280 57 
001488 3 
000585 60 
001547 1 
000725 11 
001846 3 
002726 73 
000857 67 
002957 20 
002846 8 
001545 16 
001517 48 
000441 28 
002297 67 
002636 24 
001133 44 
001839 3 
002634 23 
000408 23 
002740 8 
000889 74 
001244 52 
001383 23 
002295 16 
002245 28 
000973 1 
001753 26 
002444 38 
000286 64 
001366 3 
000662 1 
001116 4 
002931 3 
001819 51 
000750 1 
002360 30 
001204 11 
002806 35 
000350 1 
002687 52 
000915 27 
001851 43 
002194 16 
001489 3 
001289 10 
001369 11 
002818 37 
001785 1 
001886 1 
002503 3 
001866 7 
002073 44 
001304 60 
001832 35 
000320 8 
000516 20 
001786 67 
000511 35 
000801 3 
001889 8 
002429 8 
002106 71 
001128 71 
002038 11 
001688 50 
001765 3 
000356 4 
001083 1 
000051 36 
002052 1 
002426 20 
000063 3 
001707 16 
000939 36 
001916 42 
002318 45 
002901 23 
002915 69 
001585 1 
000616 16 
002773 32 
001156 8 
000413 61 
001359 20 
001938 1 
000962 1 
002483 17 
001845 70 
000591 45 
002729 10 
001660 27 
000084 11 
000742 1 
001798 1 
001407 3 
001635 1 
002150 8 
001580 26 
000401 1 
001205 16 
002243 23 
000614 68 
002246 44 
001235 14 
001166 16 
001201 1 
001949 16 
000246 7 
000223 14 
000612 1 
002394 1 
000375 36 
002010 26 
001137 16 
001260 70 
001315 16 
001546 45 
001261 62 
001405 38 
001387 30 
002206 64 
002830 20 
001433 42 
002941 33 
001028 1 
001404 71 
000968 20 
002946 8 
001131 74 
002365 13 
000782 44 
000823 37 
000606 73 
000491 16 
000290 11 
000465 13 
001436 23 
000567 53 
002598 26 
000694 66 
001741 3 
002837 43 
002669 20 
001329 13 
002527 6 
002963 50 
001697 62 
001670 62 
002498 76 
001676 3 
002129 69 
000909 64 
000851 3 
001946 8 
001548 71 
001027 73 
001044 1 
002165 3 
002641 9 
000555 1 
001924 70 
000638 69 
001348 76 
000815 44 
002422 4 
001062 3 
002035 3 
002719 67 
000916 3 
001121 74 
001511 23 
002440 16 
002055 23 
002076 6 
002809 1 
001853 13 
000082 13 
002104 62 
001644 13 
000650 67 
001792 54 
000494 20 
001543 30 
001943 3 
000107 3 
002835 16 
002494 62 
001456 33 
002686 9 
001560 22 
001730 23 
002517 28 
002953 51 
002122 16 
001370 16 
001015 16 
002905 35 
002216 26 
000169 13 
001602 23 
000059 11 
000464 26 
000257 77 
001687 28 
000342 73 
001070 1 
001045 20 
001653 3 
002461 30 
000291 26 
001955 1 
001098 16 
001672 10 
001010 44 
000992 78 
001093 20 
000589 3 
000029 6 
002909 73 
002333 69 
000601 5 
002074 8 
001478 48 
002095 1 
001622 1 
002501 23 
000582 3 
000394 4 
000710 20 
001114 8 
000766 29 
002582 13 
000632 45 
002386 1 
000689 1 
001001 16 
002100 50 
001100 13 
000379 71 
002690 71 
000998 1 
000113 1 
001236 13 
001158 1 
002425 32 
002022 10 
000301 1 
001504 3 
002197 26 
002181 44 
001438 24 
001749 20 
002871 73 
002763 79 
000868 16 
001032 80 
002145 11 
001421 45 
001611 45 
002470 12 
000457 1 
002124 3 
001640 78 
002814 69 
002680 1 
001029 23 
000574 18 
000877 16 
000672 20 
000216 76 
000129 45 
001867 76 
000028 64 
000529 10 
000196 78 
002668 81 
000793 1 
000981 8 
002899 82 
000974 71 
001711 26 
001516 32 
002316 23 
000569 44 
001831 40 
001505 1 
001972 47 
000109 20 
001182 26 
000738 53 
002945 1 
001183 23 
002133 1 
000222 16 
001312 23 
001399 45 
000854 20 
000205 3 
000461 16 
000821 83 
000489 67 
002469 26 
000180 16 
001993 73 
002968 16 
002515 23 
002742 8 
000483 65 
000902 33 
002633 23 
000150 26 
001178 20 
001569 1 
001501 15 
000487 67 
000641 20 
000299 1 
000751 16 
001994 16 
002202 20 
000374 76 
002000 1 
002005 1 
001666 16 
000508 24 
000765 26 
000426 11 
002694 20 
002666 1 
002570 76 
001756 1 
000687 63 
002536 3 
002572 62 
002778 24 
000886 1 
000032 69 
001228 1 
001349 27 
001393 20 
002950 1 
002518 36 
001301 35 
000265 13 
000240 6 
001403 73 
001175 50 
000185 12 
001193 66 
001744 12 
002332 69 
001544 1 
002928 1 
000578 10 
002192 1 
000425 13 
000846 3 
002544 41 
001047 16 
000288 3 
001318 1 
002312 18 
000199 13 
001278 78 
001084 16 
002590 78 
002952 76 
001103 23 
000701 36 
001684 16 
000534 1 
000479 3 
002843 70 
001202 65 
000941 17 
001758 84 
002879 38 
001170 23 
001827 26 
001704 34 
001636 85 
000917 3 
002948 13 
001605 33 
001820 74 
000592 11 
002716 4 
000098 86 
000358 38 
001992 3 
001124 8 
002768 60 
002807 20 
001748 84 
002130 23 
000062 78 
002188 20 
002136 20 
001712 30 
002325 66 
001039 1 
002377 87 
002667 62 
002594 26 
001709 88 
001757 76 
001038 20 
001490 7 
002707 42 
002419 54 
002762 23 
001338 69 
002372 13 
000233 4 
000681 16 
001213 1 
002236 35 
000312 15 
001655 17 
002492 1 
002881 89 
002794 69 
002589 5 
000512 6 
002917 62 
000518 1 
002723 34 
000647 26 
000380 1 
000690 23 
000198 1 
001021 1 
002810 20 
002404 20 
000726 23 
002545 1 
000264 13 
001600 1 
000664 4 
002861 23 
002886 36 
002368 16 
002614 16 
000950 20 
001344 28 
001189 36 
000514 90 
001500 1 
001313 1 
002577 28 
000017 89 
002211 4 
001624 62 
001913 22 
000918 91 
002845 26 
001639 54 
000714 35 
002019 1 
001822 1 
001675 38 
001782 61 
002876 1 
001406 6 
001678 3 
002187 4 
002427 15 
000908 92 
000929 1 
001073 22 
000572 13 
002002 11 
000407 1 
000171 16 
002363 24 
002537 93 
002012 1 
002639 6 
002473 1 
000442 57 
000982 89 
001599 4 
001503 35 
001781 13 
002320 54 
000282 47 
001656 4 
000101 37 
002712 16 
001973 20 
002765 3 
000409 20 
002153 17 
000403 23 
000994 20 
001880 78 
000044 11 
002954 35 
000140 23 
001649 1 
000249 3 
002604 1 
002391 60 
002371 16 
002994 1 
002240 1 
001603 67 
000771 10 
000562 1 
001410 16 
001724 28 
001876 25 
000519 1 
000012 16 
002863 76 
001058 43 
001457 73 
000041 1 
000284 16 
001188 35 
000709 1 
001371 5 
001118 5 
000760 16 
001530 1 
000206 73 
002230 1 
002263 38 
002688 16 
000027 5 
001589 1 
000816 66 
000086 13 
002463 4 
001508 1 
002299 37 
001294 1 
000080 16 
000876 34 
000148 5 
002259 47 
001929 18 
001477 1 
000528 8 
002635 1 
001458 71 
001773 27 
000566 35 
001214 10 
001088 1 
000311 83 
002227 3 
000382 5 
002961 42 
002875 13 
002405 10 
001302 54 
000597 23 
001086 44 
000493 26 
000579 20 
001162 16 
001778 54 
002495 18 
002543 89 
002183 44 
002152 4 
002558 7 
002663 20 
001607 78 
002097 43 
002471 22 
002508 4 
001425 20 
001803 13 
002191 89 
001209 20 
002848 6 
002487 78 
002186 40 
000921 14 
001298 5 
001968 1 
001532 4 
001694 1 
001207 1 
000434 1 
002446 9 
002484 23 
002291 18 
001671 24 
000983 18 
002576 13 
001061 23 
001729 23 
001904 38 
001225 3 
002645 63 
000207 62 
002262 16 
001770 14 
000749 23 
002091 3 
000949 13 
000928 1 
001568 13 
001594 23 
002618 35 
001800 3 
000021 70 
000869 23 
002714 8 
000122 10 
000635 3 
000200 94 
002643 68 
000704 27 
001681 1 
001673 38 
000745 1 
001574 3 
000037 5 
000305 41 
001050 1 
000522 23 
000019 3 
000665 20 
001380 14 
001590 20 
001332 13 
000047 71 
001164 9 
001146 3 
002013 1 
002672 95 
002642 1 
000486 10 
002342 3 
002315 16 
002900 6 
002436 16 
000523 20 
002709 59 
001095 22 
002200 76 
002923 51 
002032 16 
002897 34 
001199 29 
002132 1 
002504 9 
001198 13 
001947 1 
002782 42 
002382 15 
002784 16 
001848 17 
000505 1 
002030 23 
002237 20 
001224 91 
002644 23 
000543 3 
002732 30 
002867 26 
000538 23 
002086 13 
002579 1 
001556 23 
000753 1 
000244 3 
002250 23 
002540 16 
002161 26 
002120 46 
001960 71 
002884 1 
001669 17 
000289 13 
000894 73 
002916 44 
002045 28 
000003 40 
002083 13 
000568 1 
001068 1 
000400 3 
000181 50 
000147 4 
000630 34 
000761 76 
000402 62 
000414 1 
001105 3 
000860 16 
000607 3 
000173 96 
000668 69 
002054 66 
000228 9 
002119 20 
000476 78 
001513 47 
000488 1 
002028 34 
000643 4 
000576 68 
002793 26 
001970 83 
002940 45 
001005 24 
000204 20 
000412 1 
000259 3 
002803 90 
001626 54 
000792 73 
000531 5 
002607 26 
002514 1 
002430 1 
001801 61 
002524 1 
000966 68 
002340 20 
000834 46 
002960 16 
001586 66 
000551 1 
002279 13 
001578 16 
001337 1 
002693 3 
002460 52 
000804 38 
001727 23 
001987 8 
002115 47 
000388 13 
001932 44 
001396 3 
001390 91 
002696 35 
002827 65 
002384 13 
002140 22 
002433 66 
002677 44 
002285 1 
002408 20 
001352 60 
001368 20 
000703 23 
001297 97 
000780 8 
000676 1 
000422 1 
002255 30 
002467 23 
002632 13 
002014 23 
000611 1 
000038 34 
000475 18 
002684 1 
002151 71 
001465 29 
001921 1 
001885 1 
000634 13 
000145 16 
002718 16 
002850 1 
002401 52 
001844 23 
000383 42 
001074 28 
002989 4 
002992 92 
001140 10 
001809 1 
002414 26 
002592 1 
001151 14 
000770 3 
000298 24 
002588 1 
001259 23 
001442 1 
001134 84 
000005 73 
002972 16 
001840 4 
001180 90 
001143 1 
000102 1 
002047 1 
001092 20 
000610 54 
001461 76 
001310 23 
001155 10 
000732 45 
001374 20 
000735 1 
002011 1 
000468 16 
001381 4 
001016 24 
001628 53 
001080 95 
001735 1 
001111 1 
002077 1 
002199 20 
002802 1 
000671 1 
002511 98 
001222 68 
001606 23 
001959 3 
001780 27 
000757 1 
000702 16 
000285 23 
000116 19 
002549 13 
002796 20 
002700 11 
002380 23 
001497 65 
000266 28 
001910 7 
000194 20 
002317 23 
002442 20 
000783 20 
001127 23 
002300 90 
000734 16 
002977 6 
000712 26 
000947 13 
002044 45 
000812 99 
000628 1 
002828 4 
002379 1 
000123 20 
002458 1 
002252 3 
002218 40 
002628 1 
001411 5 
001645 7 
001621 20 
001957 17 
000106 34 
000182 1 
002009 1 
000875 41 
001256 28 
002738 1 
001283 57 
001378 65 
000867 15 
001549 43 
002849 36 
002336 8 
000907 62 
001415 5 
000680 73 
002491 3 
001154 16 
000960 4 
002710 13 
002745 27 
002609 62 
002182 1 
002852 14 
000964 11 
002265 20 
000272 73 
000100 1 
000170 1 
001692 1 
002331 20 
001054 62 
001328 20 
000669 20 
000510 8 
002349 13 
000248 3 
000746 17 
000700 73 
000428 73 
001814 1 
000154 1 
002114 1 
002004 1 
000011 89 
002991 34 
000826 44 
001364 33 
000808 85 
000977 1 
001775 65 
000341 11 
002920 20 
000830 23 
002142 11 
002094 45 
002411 28 
000963 8 
001258 13 
000844 83 
002424 1 
000421 1 
000499 18 
000417 40 
000621 4 
002174 1 
001808 1 
000361 73 
001014 3 
002008 1 
001522 3 
002410 20 
002345 22 
000469 8 
001539 16 
000138 23 
002551 9 
001466 57 
002271 17 
000841 20 
001699 16 
001075 68 
001541 45 
000692 23 
002346 3 
001291 3 
001492 40 
000225 8 
002659 26 
002376 92 
002975 74 
001459 49 
000996 1 
002759 61 
001891 1 
001658 45 
002053 1 
000081 5 
001176 42 
000034 9 
001356 1 
001064 10 
001241 29 
002264 13 
001616 73 
001000 22 
001864 100 
001971 59 
000805 78 
000135 13 
000325 13 
002621 20 
000880 1 
000914 64 
001113 40 
002583 22 
001408 3 
002792 16 
001453 23 
002847 16 
002190 16 
001648 1 
002416 1 
001346 30 
000864 33 
000024 37 
000149 16 
001646 5 
001892 92 
002969 13 
001416 3 
002170 63 
000931 1 
002146 1 
000280 1 
002833 3 
000077 20 
001358 1 
002646 1 
002555 1 
002640 23 
002108 13 
002103 34 
001732 3 
002321 45 
000547 1 
002063 83 
000501 23 
002587 13 
002096 1 
000506 62 
002750 15 
002281 16 
002270 84 
002435 7 
001737 16 
000958 8 
002400 1 
000166 64 
001450 65 
000202 35 
001796 60 
000239 3 
001051 60 
000986 26 
000553 3 
002217 28 
002454 19 
002159 1 
001979 24 
000990 11 
002907 52 
001196 1 
001281 38 
001400 69 
000624 73 
000049 33 
001788 11 
002464 16 
002983 1 
002829 20 
002703 1 
002573 1 
000115 13 
001768 67 
001379 53 
000791 23 
002874 1 
001935 43 
000897 13 
001097 20 
002328 3 
001194 16 
000221 47 
000515 20 
000151 23 
001432 11 
000716 1 
001484 1 
002815 10 
001129 57 
001967 14 
001779 48 
001096 89 
000954 1 
000863 76 
001747 1 
002860 26 
002387 5 
001898 1 
000189 3 
001738 1 
000924 13 
001776 23 
002903 61 
002213 78 
002727 1 
001055 1 
002701 24 
002831 101 
001956 1 
000269 7 
000309 16 
002164 13 
001942 3 
002751 5 
001243 52 
001925 22 
002116 54 
001091 11 
000822 66 
002913 16 
000108 25 
002350 1 
002955 38 
001414 3 
001257 17 
002292 16 
001365 66 
002761 8 
000458 20 
001276 9 
000759 20 
000707 1 
002743 1 
001295 16 
000093 1 
000817 71 
002872 1 
000856 16 
000870 60 
001026 19 
000143 20 
002066 8 
001483 26 
001474 23 
000163 54 
002344 69 
000862 7 
002407 1 
000617 5 
001674 20 
001428 8 
002134 44 
001451 13 
001945 5 
001810 1 
000571 11 
000711 13 
002248 1 
000932 8 
000328 51 
002926 14 
000580 89 
001402 20 
001579 24 
000858 47 
001534 30 
000926 35 
002728 13 
001002 49 
000952 1 
002554 23 
000245 3 
000322 1 
000788 102 
000855 20 
001807 40 
002824 5 
001132 12 
001452 3 
002081 3 
002415 16 
002842 7 
001125 71 
000882 6 
002882 89 
001212 1 
001632 20 
001817 16 
001031 32 
002472 33 
000885 1 
001319 1 
002873 10 
000520 3 
000057 1 
001152 5 
000845 52 
002505 23 
001914 1 
000772 24 
000256 20 
001354 16 
000236 11 
002571 4 
001841 12 
002665 23 
000344 35 
000339 46 
000697 5 
000991 43 
001429 3 
002329 24 
002148 1 
000316 40 
001976 35 
001145 35 
001326 57 
000208 10 
001443 16 
002902 23 
001067 23 
000594 40 
001652 1 
000657 63 
001382 15 
001035 27 
001554 103 
002973 16 
002373 52 
002001 13 
002118 65 
000906 52 
000797 37 
001944 3 
000179 51 
001007 12 
000536 13 
001444 20 
000609 25 
001791 104 
000002 62 
000336 6 
002352 92 
002046 6 
001641 11 
001772 1 
001423 3 
001197 1 
000649 65 
000560 53 
002497 13 
001003 16 
001920 13 
000188 3 
002836 24 
000232 1 
001311 47 
002438 20 
001613 20 
000775 16 
001273 47 
000800 3 
002215 3 
002337 51 
001625 1 
000756 1 
001717 1 
002176 3 
001250 57 
000615 70 
002189 89 
002671 42 
002251 78 
001902 45 
000387 1 
000187 26 
001834 28 
002854 38 
001339 23 
001514 54 
002877 13 
000262 54 
001680 16 
000905 1 
002254 1 
000253 52 
002253 1 
001659 46 
000679 26 
000075 63 
000599 50 
001726 1 
000317 3 
000938 17 
001469 13 
001455 20 
001148 73 
001980 16 
001307 105 
002048 91 
002080 45 
002037 71 
002978 57 
002173 45 
000636 16 
001117 76 
001268 50 
001286 1 
001473 70 
002658 14 
002034 3 
001210 38 
002528 73 
000744 62 
002623 3 
000287 1 
000956 1 
000153 67 
002995 1 
002168 6 
000762 52 
000478 43 
000985 16 
002056 60 
001812 13 
000263 1 
001082 14 
000430 1 
000250 1 
002958 1 
002801 66 
000020 57 
002510 60 
002786 38 
000659 33 
002965 1 
002040 3 
000807 24 
001510 26 
002301 3 
000922 30 
000819 1 
002652 3 
000343 1 
000354 37 
000521 3 
002866 13 
000016 20 
003000 76 
000843 4 
000565 72 
002175 23 
002982 18 
000052 3 
002381 23 
002068 1 
002819 10 
002697 38 
001595 11 
001906 10 
000395 11 
002087 36 
000832 4 
000448 1 
001324 1 
000972 18 
002201 20 
002521 1 
001856 17 
000043 13 
002777 23 
001388 62 
002736 3 
001384 51 
001377 18 
002520 44 
000431 20 
000076 9 
001252 1 
000639 10 
002420 35 
001922 13 
000156 3 
001873 1 
001177 14 
000353 13 
002581 11 
002698 106 
001372 1 
001868 11 
002542 44 
000695 20 
002981 1 
000814 28 
001498 20 
002277 16 
001794 9 
000120 1 
002650 1 
001939 1 
000159 107 
000747 64 
000190 33 
002339 54 
002298 1 
000957 20 
000852 5 
002338 1 
002734 3 
002565 13 
002121 64 
001226 16 
002314 64 
002566 23 
001843 27 
002158 1 
001915 1 
000065 20 
000850 1 
002180 23 
002893 90 
001802 44 
002207 69 
000741 13 
002753 68 
000524 13 
000955 9 
002675 1 
002224 30 
001617 8 
001215 14 
002450 16 
002139 1 
001419 1 
001385 20 
002242 20 
000887 10 
001331 68 
000840 3 
001239 45 
001821 3 
002885 26 
000588 14 
000064 17 
000297 52 
002235 1 
002939 108 
001099 71 
002721 15 
001122 61 
001308 45 
000678 35 
001022 67 
001321 1 
002798 20 
002691 84 
000451 33 
000811 22 
002268 20 
002156 4 
000443 30 
001555 23 
000164 1 
001563 69 
002308 1 
001771 8 
002591 17 
001422 20 
002208 8 
001761 25 
002412 42 
001220 9 
002409 22 
001072 20 
002445 60 
000133 44 
001572 1 
002799 16 
001609 9 
001355 30 
000144 1 
001163 70 
002223 1 
002840 6 
000303 46 
002601 20 
002812 1 
000381 41 
002481 23 
000802 5 
000315 3 
002811 16 
000360 40 
001537 16 
000255 17 
002079 44 
000847 3 
000721 89 
001279 28 
000920 28 
002564 14 
000613 1 
001018 26 
002209 109 
001638 16 
001691 1 
001754 16 
000688 23 
000008 1 
000584 11 
001878 84 
000117 20 
002304 26 
001334 1 
002795 3 
000979 23 
001571 18 
000961 40 
001263 12 
000872 76 
000079 67 
001764 16 
002575 57 
001389 3 
001141 1 
000324 20 
001683 52 
001464 1 
000549 1 
000925 11 
000174 47 
000548 30 
000736 23 
001583 61 
002951 1 
000437 20 
002767 3 
002541 1 
001690 31 
002138 76 
002889 3 
001248 52 
000238 7 
002756 16 
000748 92 
000096 1 
002522 1 
000046 3 
000728 3 
002725 1 
002007 3 
002919 16 
000898 35 
000953 3 
000818 1 
000191 54 
001752 16 
001019 20 
001705 69 
001940 3 
002273 20 
001437 26 
000763 3 
000503 78 
002455 34 
000586 1 
002757 70 
002682 23 
000424 51 
002058 26 
002934 1 
002171 1 
002649 13 
002353 1 
001267 16 
002908 22 
002006 31 
002769 14 
001475 1 
001871 1 
000540 1 
001285 44 
000946 1 
000575 5 
000119 57 
000787 13 
001227 12 
002789 1 
000110 1 
002477 23 
000784 23 
001952 64 
002578 48 
002717 1 
001119 1 
002258 36 
000215 43 
000779 1 
001551 33 
000310 1 
001161 35 
002533 1 
000219 5 
000429 110 
002622 10 
000713 78 
002141 3 
002284 91 
000009 66 
002906 1 
001662 63 
001221 51 
002179 34 
000596 42 
002857 1 
001472 9 
002296 8 
002226 11 
000517 1 
001588 1 
002016 1 
002449 6 
001663 3 
001874 71 
001217 65 
001806 70 
001333 8 
000675 73 
000820 8 
000432 17 
002746 83 
001069 28 
001774 16 
000314 1 
002303 4 
002737 70 
000061 17 
001963 3 
000683 4 
001908 11 
002766 23 
001153 8 
000890 3 
000945 1 
002057 12 
001336 44 
001862 52 
000645 1 
001887 3 
000527 62 
000507 1 
001231 1 
002927 62 
000717 89 
002024 5 
001842 44 
001017 1 
001969 16 
000055 43 
000050 1 
000767 1 
002475 19 
002157 1 
000810 1 
002071 36 
000377 71 
000737 16 
002580 3 
000595 35 
000349 66 
000094 7 
001249 1 
002788 95 
002883 27 
002567 1 
002375 69 
002509 1 
001682 1 
002962 90 
000136 1 
002465 45 
000936 1 
001715 1 
002988 16 
000778 32 
001135 1 
001679 13 
001665 1 
000708 35 
000561 24 
000654 1 
001271 27 
002808 20 
000418 1 
001879 35 
000987 50 
002538 20 
000131 7 
000848 1 
001150 18 
000025 49 
001805 16 
001890 3 
001528 1 
002204 50 
002276 22 
001023 20 
000873 1 
001567 83 
000226 13 
002023 1 
001470 1 
001462 54 
001057 1 
002432 84 
002670 1 
002228 1 
000948 1 
001909 73 
002059 37 
000355 3 
000068 35 
001698 54 
000722 11 
000146 59 
000416 20 
001531 20 
002949 1 
000172 63 
000727 1 
001896 53 
000056 60 
000139 40 
002244 1 
000450 1 
001998 23 
000989 65 
000970 1 
000137 57 
001897 30 
000175 1 
001966 71 
000386 1 
001725 13 
002741 13 
000445 8 
001102 20 
002781 62 
001828 73 
002922 20 
001884 1 
001290 15 
001582 111 
000090 20 
002451 1 
001306 1 
002101 67 
002049 1 
002178 23 
001030 37 
001330 38 
000040 84 
001013 9 
000944 23 
000666 23 
002327 25 
000453 40 
000781 33 
002987 24 
001149 3 
000178 23 
002185 8 
000337 1 
001919 16 
002167 26 
002979 23 
001557 1 
002890 15 
001601 9 
001642 19 
000352 3 
000625 13 
002241 65 
002519 70 
002478 13 
001552 7 
002184 7 
002561 1 
002090 53 
000724 78 
000699 5 
000359 32 
002868 1 
001322 14 
001614 15 
002980 71 
002563 16 
001526 91 
000619 13 
000466 40 
001435 1 
002733 1 
001420 23 
002496 109 
001703 23 
002128 4 
001988 8 
000492 28 
002869 66 
001766 12 
002474 13 
002459 56 
001789 92 
002938 1 
001482 13 
002657 68 
001136 1 
001936 20 
002378 1 
001581 1 
000480 1 
002266 3 
000103 1 
001479 16 
000743 6 
002775 1 
000054 47 
000988 45 
002619 14 
000069 5 
000718 85 
001101 1 
000334 1 
002417 13 
001392 16 
001240 69 
000785 1 
001174 60 
001159 15 
001316 3 
001138 43 
000128 52 
001584 1 
001975 16 
001262 1 
002695 23 
001107 1 
000951 20 
002123 51 
001130 1 
002898 59 
001559 1 
000462 20 
000640 1 
000758 16 
002637 14 
000930 1 
000231 1 
001320 16 
000556 1 
000544 11 
002547 89 
002488 23 
002399 1 
002486 36 
000099 15 
001431 1 
001251 1 
001888 23 
001900 23 
001006 11 
001471 20 
002061 20 
002310 9 
000295 78 
002402 67 
002674 90 
002790 6 
002354 13 
000160 90 
001237 1 
000651 3 
000910 1 
002816 1 
002620 1 
001558 23 
000321 23 
000015 1 
000976 34 
002456 70 
001447 9 
000463 26 
002944 38 
001693 26 
001720 33 
000644 1 
000620 22 
000652 16 
000254 1 
001882 1 
000874 16 
000467 1 
000754 63 
002611 1 
000942 1 
000883 5 
000292 1 
000234 10 
002943 11 
001305 40 
001767 16 
001519 16 
002272 32 
002841 5 
002098 44 
002418 1 
002026 15 
001486 42 
001242 5 
000535 112 
000526 1 
001426 13 
001081 13 
002685 1 
000590 23 
000674 16 
002678 73 
002155 113 
001347 3 
001376 1 
000836 16 
000252 5 
000667 26 
002210 19 
001872 23 
000391 65 
001468 20 
002548 1 
001363 1 
000795 5 
001985 37 
001934 1 
002105 3 
000682 50 
001206 35 
001078 7 
002895 1 
002395 43 
000152 1 
001525 3 
002771 3 
000828 4 
001255 1 
000525 1 
001266 23 
002070 16 
000406 16 
000258 19 
002838 1 
002437 1 
000186 3 
002092 14 
000474 1 
000813 45 
002389 15 
001167 47 
000365 1 
002936 20 
001859 24 
001351 78 
002364 1 
000330 6 
000513 36 
000663 20 
000346 13 
001604 37 
000833 1 
000684 5 
002629 1 
001677 1 
002947 1 
000773 3 
000067 109 
001951 1 
002706 1 
001716 3 
002421 71 
000235 6 
000646 1 
002466 35 
002348 46 
001667 16 
001823 8 
002078 27 
001139 1 
000542 52 
001314 1 
002896 1 
000201 66 
001964 8 
001296 37 
002362 36 
000307 1 
001309 64 
000130 1 
000396 42 
002864 1 
001930 20 
000327 5 
000192 14 
000723 1 
001855 1 
000308 3 
001065 5 
001398 32 
000496 20 
000385 64 
000583 40 
000398 20 
002933 41 
001630 1 
000162 3 
001335 22 
002724 45 
001104 33 
000937 31 
001040 20 
001367 23 
001275 22 
002749 10 
001927 90 
001950 16 
002069 20 
000570 42 
001160 20 
001561 3 
001592 1 
001881 24 
002530 38 
002082 69 
000048 65 
000030 1 
001596 20 
001926 3 
000502 1 
001847 20 
002502 13 
002755 38 
001186 65 
001269 53 
002559 17 
001857 66 
001863 1 
001795 64 
002648 1 
002550 1 
000433 1 
002302 1 
000997 1 
002855 1 
002791 30 
000367 15 
001077 16 
001079 13 
000261 62 
002347 23 
000557 73 
002067 12 
000573 60 
002912 1 
002274 1 
000600 32 
002661 52 
002042 45 
000420 3 
002137 3 
001303 1 
001247 1 
001233 114 
001449 1 
002267 27 
002356 115 
002205 4 
001813 16 
002220 3 
001467 23 
000276 44 
000706 23 
002335 46 
000454 25 
000114 26 
000072 23 
002029 11 
002131 109 
002935 13 
002064 66 
001826 3 
002584 10 
002290 14 
000919 1 
000452 1 
002624 30 
002453 1 
001515 78 
002393 1 
001566 15 
000740 16 
002413 23 
001654 68 
000105 1 
001858 20 
002821 19 
002887 20 
002722 13 
000242 20 
002479 47 
001989 20 
001570 1 
001620 16 
000097 40 
002516 45 
001191 76 
000085 16 
001719 1 
000010 1 
000879 16 
001340 12 
000774 1 
001386 20 
000277 14 
001409 20 
001593 1 
001373 1 
000089 67 
000091 19 
000281 59 
001907 23 
001485 37 
001824 11 
001325 26 
001427 1 
000993 22 
000366 1 
002072 1 
000677 28 
002027 48 
000999 16 
001190 1 
002359 37 
001760 42 
002289 1 
001343 69 
000095 23 
001287 5 
002147 18 
000168 1 
000497 1 
001750 84 
002324 60 
000715 60 
001540 70 
000332 40 
000220 57 
002482 15 
002937 44 
002772 116 
002535 46 
001538 1 
000532 1 
001865 1 
002797 66 
002309 1 
001981 5 
000306 1 
001650 65 
000197 1 
001165 57 
001619 20 
001147 16 
000495 25 
000111 3 
001109 3 
001270 30 
002562 85 
000370 15 
000794 14 
000927 23 
002322 8 
001816 24 
000397 10 
001179 1 
001216 1 
000798 4 
001299 1 
001063 4 
000419 83 
000376 11 
002512 54 
000471 3 
001542 1 
002608 18 
002351 16 
002631 112 
002990 1 
001762 23 
000799 1 
002060 76 
001487 1 
000539 62 
002676 52 
002330 3 
000984 1 
000481 73 
001480 16 
000224 1 
000673 16 
001394 23 
002985 11 
000995 42 
000581 23 
001046 45 
000078 13 
002596 23 
002996 76 
001759 13 
000827 33 
000126 3 
001253 1 
001961 44 
002770 1 
001597 1 
000577 20 
001576 1 
000622 62 
000768 1 
001230 7 
001341 5 
000660 1 
002853 60 
002888 47 
001518 26 
002758 3 
002974 1 
002785 3 
000260 71 
000283 52 
002683 27 
001615 28 
001185 1 
001974 42 
002523 30 
000456 56 
002369 1 
000435 23 
000300 41 
001763 1 
002485 1 
002865 3 
001933 3 
000439 64 
002374 3 
002025 16 
002452 1 
002613 40 
001627 66 
000293 73 
001838 8 
000279 1 
000656 3 
001059 20 
000733 1 
000554 1 
002143 1 
002914 1 
001901 4 
002294 10 
001192 1 
001527 19 
001996 69 
001357 23 
001695 1 
000776 1 
000427 1 
001787 20 
001187 1 
002198 19 
002275 38 
000866 37 
001710 24 
001793 20 
001246 6 
000901 1 
002748 23 
001529 91 
000602 63 
001292 1 
000218 20 
002269 1 
000214 16 
000036 66 
002443 16 
000368 15 
000013 31 
000477 1 
001721 85 
002283 1 
002744 13 
001085 16 
002904 44 
001633 1 
000014 91 
002112 54 
002783 22 
001024 28 
000965 68 
000608 1 
002062 1 
000436 4 
000018 44 
002813 1 
001783 28 
001804 3 
002397 4 
002256 11 
001115 11 
002390 90 
001954 9 
000345 20 
002844 1 
002600 27 
002647 117 
001718 70 
000033 13 
000373 15 
000658 1 
002221 1 
001087 1 
002457 38 
002929 76 
002249 8 
001317 36 
000861 3 
001608 17 
000045 1 
001535 16 
002878 65 
002971 1 
000490 1 
000504 18 
002261 16 
000134 3 
002109 1 
000691 62 
002075 1 
002149 14 
000975 20 
002999 1 
000777 1 
000789 23 
002569 29 
000364 11 
002358 74 
000796 1 
001937 3 
001629 20 
001277 16 
002593 3 
000940 92 
001506 7 
002490 22 
000648 52 
001004 23 
002525 70 
002111 1 
001173 56 
000484 1 
001811 84 
000053 3 
000243 1 
002084 6 
001986 118 
001203 41 
000739 11 
002169 1 
001300 1 
001020 115 
002093 69 
000837 3 
002125 11 
001745 43 
000369 3 
000268 3 
000729 3 
002493 14 
002552 3 
001520 1 
001034 26 
001713 78 
002334 3 
000296 92 
001849 43 
000626 1 
000278 13 
000498 1 
000485 23 
001521 3 
000183 10 
000971 3 
001852 14 
002225 1 
000685 71 
001769 1 
002976 1 
002085 1 
001181 30 
002051 1 
000755 20 
000509 15 
002546 22 
002357 1 
001982 1 
001439 3 
001446 1 
000142 1 
000865 37 
002232 23 
002323 1 
001011 42 
000849 8 
002560 78 
002780 17 
001995 60 
000888 6 
000118 1 
002162 47 
000546 20 
001790 24 
002214 22 
001977 65 
002233 16 
001984 16 
001397 11 
000275 13 
000705 1 
001025 43 
001591 1 
001565 24 
001743 1 
000384 15 
001430 16 
002610 40 
002911 1 
001830 16 
000177 1 
001360 45 
002428 1 
002568 67 
000831 1 
002556 1 
001643 13 
002462 1 
001634 8 
000623 1 
002921 64 
000859 1 
000642 57 
002307 1 
000835 5 
002711 36 
001499 23 
000338 1 
002447 1 
001448 49 
002654 26 
001965 26 
001685 1 
002529 119 
001144 1 
002966 37 
001706 1 
002924 91 
001739 3 
002708 36 
000790 1 
002305 16 
000969 23 
001668 3 
001689 22 
001899 1 
000251 2 
002925 21 
002942 39 
001854 55 
002817 58 
002113 75 
