0 2.2170071601867676
001958 1 
002088 2 
001395 3 
001521 4 
001099 2 
000394 3 
000029 2 
000100 5 
000352 3 
002021 6 
001353 7 
001145 6 
002856 8 
001226 9 
000298 2 
001786 10 
000127 1 
002758 11 
001597 3 
002028 11 
002997 6 
000682 12 
000046 6 
001437 11 
002748 12 
000302 9 
002649 9 
001608 13 
000637 14 
000548 15 
001266 1 
001271 14 
000679 16 
002613 1 
002157 11 
000706 11 
001509 3 
000111 4 
002354 17 
002178 18 
002049 5 
000283 19 
001101 15 
000561 4 
000564 3 
000578 12 
001820 20 
001951 15 
001560 19 
000300 21 
001923 4 
001066 16 
002039 19 
000535 22 
002924 23 
002766 16 
002227 15 
000274 3 
000395 24 
000193 15 
000099 25 
001202 2 
002631 26 
002246 1 
001229 27 
000541 3 
002389 17 
000042 28 
000956 3 
002329 29 
002621 9 
001136 29 
001598 3 
000206 3 
002260 8 
000004 1 
000621 30 
000536 14 
002361 14 
001491 24 
000293 24 
000928 3 
002301 3 
001661 4 
000433 5 
000749 12 
000608 3 
000614 2 
000789 17 
001989 3 
000784 17 
001793 14 
002030 4 
002472 11 
000797 9 
002186 31 
001673 25 
000714 21 
002213 11 
001966 28 
000528 32 
001637 11 
000051 29 
002816 16 
000292 6 
001431 3 
000221 4 
001824 1 
002460 10 
001552 9 
002161 10 
002546 24 
002767 32 
002964 15 
001154 8 
000814 19 
001947 5 
001590 14 
002699 33 
002673 16 
002365 15 
000005 5 
000726 1 
002456 14 
001948 34 
002681 9 
000007 35 
001105 36 
001293 28 
002710 36 
001630 10 
002849 36 
000526 3 
000912 36 
002097 35 
001855 5 
000774 16 
000590 16 
000903 11 
002600 3 
001968 15 
002930 34 
001684 32 
002704 9 
001847 26 
002583 33 
001662 35 
000307 3 
000517 32 
001614 35 
001587 23 
003000 33 
002572 38 
000041 39 
000367 28 
001652 3 
000589 5 
000011 40 
002687 32 
001239 31 
002337 25 
002689 32 
002342 4 
002338 1 
002657 3 
001827 13 
002947 18 
001376 5 
002797 41 
001219 41 
001127 16 
001987 42 
000322 9 
002923 11 
001407 1 
001563 10 
000397 18 
001434 33 
002146 3 
002191 43 
000772 6 
001242 32 
002739 32 
002770 11 
001146 3 
001656 4 
001754 16 
000112 6 
001698 13 
002535 40 
002692 6 
001525 19 
000331 33 
002697 35 
000256 9 
000158 3 
000319 42 
000631 45 
002207 3 
000315 5 
001826 6 
002960 8 
001545 8 
000855 16 
002016 3 
002398 3 
000347 30 
000599 46 
000856 42 
000443 43 
002333 33 
002001 47 
002848 30 
001534 5 
000762 47 
002012 48 
002901 31 
001358 13 
001638 10 
001078 49 
001991 4 
000966 41 
002276 40 
002195 4 
000587 25 
000066 12 
000937 50 
002485 4 
000731 1 
001235 39 
001132 45 
001472 13 
000757 3 
002027 17 
002250 32 
002515 6 
002256 34 
002953 11 
001594 12 
001609 52 
002052 3 
000798 6 
001269 52 
001774 53 
000249 4 
000108 23 
002419 33 
002750 2 
002129 43 
001901 23 
002891 30 
001505 39 
002318 2 
001393 32 
000228 12 
002602 32 
002037 18 
002684 15 
000976 41 
000886 5 
002596 16 
000225 34 
000917 3 
002183 36 
002403 43 
002625 15 
001675 10 
002238 3 
002046 36 
001527 55 
002287 5 
000488 43 
002783 47 
001733 3 
001326 15 
001768 11 
002778 42 
002035 5 
002628 47 
002804 52 
002253 5 
000559 4 
001696 3 
002426 14 
001653 30 
001454 16 
002455 3 
002677 1 
001065 32 
002616 1 
001261 27 
001992 43 
000871 11 
000231 3 
000018 52 
002552 47 
001574 4 
000955 53 
001072 17 
002527 36 
000305 17 
001702 3 
000791 4 
002610 24 
001929 24 
001256 56 
002779 3 
000665 30 
000219 36 
000188 48 
002961 5 
002990 39 
002066 47 
001932 1 
001538 6 
000601 1 
002617 10 
000930 39 
002210 57 
001166 27 
002768 10 
002357 42 
000522 52 
000304 3 
002067 26 
000758 30 
002170 58 
002299 60 
001952 9 
002497 6 
000368 56 
002071 29 
001643 60 
001679 14 
002189 40 
000988 12 
002427 35 
001081 43 
000910 3 
001164 25 
002033 42 
001302 61 
000383 2 
001769 55 
000611 35 
001381 11 
002281 29 
002107 56 
001172 3 
002998 62 
000082 47 
000152 3 
002429 40 
000962 48 
002785 48 
000202 21 
001306 3 
000672 41 
002023 43 
000055 43 
000439 31 
002438 5 
002391 17 
001422 8 
001537 8 
000166 48 
002502 60 
001129 40 
001005 63 
002839 60 
002029 62 
000914 48 
000482 43 
000500 55 
001797 56 
000919 3 
001903 31 
001194 16 
002962 64 
002151 4 
000162 6 
002926 3 
000813 4 
001238 24 
002733 18 
001405 3 
000076 13 
001163 35 
002075 32 
002794 65 
001488 3 
002703 47 
001398 65 
002025 1 
001777 39 
002288 15 
002983 55 
001876 66 
001834 28 
001909 7 
002705 42 
000404 16 
000232 21 
001334 3 
002332 43 
001042 63 
001448 41 
002590 47 
001914 5 
000606 5 
001249 47 
002821 3 
002445 63 
001143 3 
002441 14 
002922 67 
000204 17 
000785 3 
002373 48 
000014 48 
002208 10 
002905 27 
000676 32 
002885 32 
002603 32 
000465 14 
000775 42 
001935 11 
000496 30 
000803 47 
000170 41 
002449 27 
002169 4 
000959 6 
002965 47 
000446 1 
001457 60 
002002 19 
001423 48 
000896 68 
002658 7 
001735 6 
000196 36 
002556 32 
000547 5 
001828 18 
002897 41 
001585 6 
001567 70 
002549 30 
002746 25 
000088 19 
000633 38 
001959 3 
000583 1 
000257 30 
001090 9 
001814 11 
001411 32 
000048 43 
001651 48 
001530 19 
001248 13 
001503 71 
000059 15 
002731 8 
002683 14 
000073 30 
001811 52 
000474 10 
002577 33 
001382 17 
000124 3 
001217 11 
000881 3 
001336 4 
002399 17 
001148 32 
001354 10 
000336 30 
001495 41 
002230 3 
001917 32 
002486 29 
000181 56 
001451 15 
002543 32 
000617 1 
000121 32 
000109 3 
002790 30 
001962 5 
001579 63 
001704 3 
000750 6 
000684 55 
001724 28 
002545 3 
000172 50 
000103 10 
002458 6 
000773 41 
002232 65 
000416 3 
000491 16 
001165 60 
001141 72 
002769 7 
001329 32 
001378 62 
001399 31 
001612 1 
001400 5 
000830 14 
001308 15 
001352 63 
001602 73 
002728 43 
000182 13 
001681 5 
001688 46 
000178 16 
000694 55 
002400 3 
002678 40 
001012 3 
001916 7 
000286 48 
000899 36 
000894 5 
002086 12 
002913 56 
001851 35 
000701 29 
001455 30 
001404 53 
001187 10 
002235 1 
001224 23 
002096 5 
002608 33 
002083 30 
001919 16 
002175 6 
002915 43 
001142 6 
002630 30 
002966 74 
002372 14 
000276 25 
002171 3 
001562 9 
001843 76 
001408 38 
001645 27 
001971 77 
001593 43 
001370 3 
001323 32 
001605 32 
000867 17 
000946 70 
001300 46 
000980 32 
001856 1 
000222 16 
001994 50 
000922 3 
001433 2 
001074 62 
001895 6 
002393 30 
000138 16 
002578 52 
001364 32 
002504 67 
001029 16 
000603 74 
002701 6 
000837 14 
001837 3 
001001 5 
001818 48 
002100 56 
002184 9 
001040 6 
000440 16 
002496 50 
000095 32 
002743 3 
002000 3 
001179 15 
000269 27 
000033 14 
001489 17 
000229 14 
001139 10 
001610 43 
000303 18 
001550 3 
001938 6 
002665 16 
000135 25 
002799 4 
000809 30 
000680 12 
001957 1 
000841 3 
000481 17 
002379 57 
001708 12 
002749 6 
002544 80 
000689 3 
001604 81 
000686 16 
001436 3 
000288 3 
000703 16 
000502 12 
000120 5 
000365 40 
002435 49 
000558 3 
001317 61 
000562 11 
002143 3 
001152 36 
001556 24 
001978 67 
002599 63 
002229 36 
002280 60 
000667 22 
002793 45 
000725 19 
000574 61 
002806 21 
001121 24 
000234 24 
000907 63 
000342 5 
001189 35 
000083 3 
002777 16 
000189 6 
001672 42 
000550 24 
000805 24 
002397 5 
002553 3 
002203 3 
002792 62 
000544 1 
000478 46 
002304 17 
000817 50 
002753 41 
000398 16 
000935 35 
000655 1 
002269 47 
000708 6 
001010 70 
002018 36 
000251 13 
000974 3 
001225 5 
000786 8 
000281 11 
002857 30 
001478 2 
002974 30 
000792 5 
002346 3 
000778 33 
000675 16 
001790 18 
001218 3 
000938 8 
000430 3 
001013 15 
001654 60 
001711 32 
000556 3 
000187 46 
000167 1 
000995 5 
001237 10 
000477 6 
001027 65 
001761 23 
001808 3 
000057 10 
000209 43 
002511 83 
002380 56 
002506 6 
001498 24 
000426 33 
002645 62 
001559 15 
000242 3 
002757 12 
001570 3 
000570 19 
001267 5 
002194 70 
002247 3 
002048 65 
002881 40 
002532 74 
001174 30 
002283 5 
001557 3 
001178 3 
002619 15 
002654 46 
001930 24 
000651 32 
002634 16 
001518 57 
001017 3 
001501 32 
001460 11 
001231 5 
000560 4 
001409 3 
001974 61 
000738 3 
002564 16 
001745 80 
001295 1 
000826 1 
000624 3 
000220 43 
000258 50 
001282 84 
002775 74 
000926 71 
000217 26 
000511 3 
002367 42 
001588 5 
000593 1 
000493 40 
000332 16 
002829 3 
002216 29 
000415 49 
002132 4 
001045 3 
001908 80 
000645 5 
001823 17 
001039 3 
001508 6 
002271 13 
000639 42 
000944 32 
002615 16 
002585 16 
000195 3 
000575 24 
002362 56 
000818 6 
000958 4 
002765 1 
002711 40 
000897 14 
002772 85 
000840 5 
001396 1 
001862 9 
000636 43 
000721 40 
000255 53 
002118 18 
002005 6 
001731 6 
000192 10 
001773 5 
001484 3 
002989 5 
001206 21 
001819 74 
002951 3 
002862 14 
001504 16 
001420 3 
000453 86 
001418 30 
000197 83 
002918 50 
002457 9 
000534 10 
000878 38 
001037 50 
000460 45 
000487 42 
001892 10 
000681 8 
002453 3 
000419 47 
001350 5 
000877 4 
001650 2 
001900 16 
002330 5 
001709 87 
002105 5 
000454 23 
001414 17 
002876 6 
000580 62 
000125 43 
001898 60 
000339 30 
001416 4 
002858 25 
000090 3 
000447 3 
002106 88 
001893 9 
001150 35 
001925 32 
001848 4 
001918 32 
000997 43 
000734 8 
000628 3 
002609 29 
002512 2 
001939 3 
001240 43 
000330 30 
001428 36 
001469 42 
002388 40 
001578 16 
002626 42 
000545 16 
002693 32 
002614 3 
000369 16 
002642 3 
002802 6 
001222 10 
002396 11 
002991 52 
000994 3 
000458 3 
002402 6 
001337 1 
001443 8 
000737 3 
001564 89 
002601 3 
002061 3 
002986 5 
000736 30 
001442 40 
000933 6 
001021 5 
001993 60 
000661 70 
001033 67 
000423 3 
002450 16 
002805 3 
001061 13 
001044 3 
000289 48 
000471 3 
002326 6 
002174 3 
001088 48 
001907 90 
001912 6 
002877 14 
000227 55 
000761 41 
000577 63 
000092 84 
000515 16 
002364 32 
000271 1 
000518 10 
002384 14 
002202 6 
001046 15 
002718 3 
002836 3 
002914 3 
000960 10 
001388 1 
002482 91 
000769 62 
002371 16 
002520 24 
001860 5 
001228 10 
000985 3 
001813 36 
001402 14 
002295 24 
002871 56 
000847 5 
001961 43 
002900 41 
001160 30 
001806 30 
000469 10 
002940 5 
000969 16 
001197 4 
001792 61 
001967 26 
000341 61 
002298 5 
002315 43 
000900 3 
001069 26 
001186 62 
001343 43 
001576 6 
000693 11 
000588 47 
002254 3 
000131 27 
002423 25 
001397 14 
000554 4 
002323 74 
000656 43 
000445 6 
002650 3 
001483 32 
000094 27 
001157 3 
000768 6 
001386 1 
002937 1 
000134 5 
002931 3 
001051 80 
001721 92 
002854 6 
001566 89 
000859 3 
000552 3 
001543 19 
002376 16 
002302 19 
001490 93 
000609 41 
000349 94 
002297 10 
001700 63 
001622 10 
000613 67 
002488 16 
001833 26 
001717 5 
000710 21 
000573 11 
002869 86 
000744 3 
000704 48 
000925 24 
000183 68 
002788 22 
000243 5 
002807 47 
000371 3 
002076 3 
000441 28 
000654 30 
002709 77 
000709 10 
001383 24 
000024 27 
002141 23 
001118 1 
000934 14 
000858 3 
001227 26 
000509 90 
001003 16 
002274 6 
002723 52 
002300 38 
002470 26 
002909 5 
002999 47 
002392 33 
002131 50 
001782 26 
002009 76 
002032 4 
000765 40 
001669 67 
000486 42 
000237 32 
001211 3 
002349 14 
001071 6 
000713 46 
002461 43 
000646 5 
002932 27 
002906 48 
001458 1 
001692 3 
000616 6 
000671 24 
002671 5 
002791 5 
002185 24 
000901 16 
002789 48 
000986 60 
002110 2 
001392 32 
002969 6 
000207 21 
002313 47 
000031 45 
000259 48 
001265 95 
000174 4 
001283 46 
001292 3 
000860 63 
001170 3 
001618 6 
000444 17 
002698 96 
000808 97 
001180 38 
001016 47 
002774 48 
000494 3 
001195 18 
001931 10 
001857 71 
002410 30 
001467 16 
001216 63 
001309 5 
000973 32 
001766 17 
000442 43 
001659 40 
001444 43 
000690 16 
000764 16 
001272 61 
002522 65 
002444 10 
001133 3 
000017 98 
001232 15 
001439 3 
001660 3 
002069 3 
001247 5 
001906 6 
002257 43 
002934 38 
001115 15 
000615 12 
002125 61 
000422 32 
001788 57 
000918 99 
000586 43 
001144 5 
002663 3 
002745 9 
000077 3 
000191 2 
001234 3 
002165 42 
002007 93 
001345 11 
002167 70 
001549 80 
000002 63 
000640 10 
000376 71 
001697 8 
002479 67 
001936 3 
002478 14 
000746 8 
002666 5 
000643 57 
000190 32 
002109 3 
002309 5 
000012 43 
000354 9 
002622 13 
002529 100 
001360 88 
000201 77 
001611 19 
001686 56 
002667 8 
000448 43 
002014 16 
001934 23 
001514 40 
001988 16 
000882 30 
001190 8 
001059 7 
001762 16 
002980 70 
000116 9 
001385 8 
001926 6 
001867 33 
000407 3 
002995 11 
001366 3 
001028 3 
002840 6 
002102 38 
001945 32 
001502 43 
002889 65 
001625 3 
002464 43 
002316 16 
001933 3 
000326 30 
000941 3 
001298 13 
002643 73 
001095 10 
002471 16 
001805 16 
000853 56 
001920 14 
001103 1 
000779 15 
001130 32 
002725 3 
002569 5 
002089 32 
000141 67 
002239 43 
001749 3 
000390 56 
000821 47 
002612 12 
000698 10 
002846 62 
001209 3 
000485 16 
001137 23 
001736 3 
002036 11 
001331 8 
002985 34 
002439 70 
002344 43 
001606 16 
000025 60 
001356 3 
000102 5 
000629 5 
001730 11 
000993 46 
002719 6 
002407 3 
000009 55 
001067 16 
000364 24 
002887 3 
001014 86 
000401 3 
002197 40 
002865 11 
002054 77 
000039 1 
002112 13 
000865 76 
000346 30 
002115 10 
000386 3 
002868 4 
000788 101 
000208 3 
001054 36 
002101 3 
001737 16 
001335 63 
000049 89 
002019 15 
000670 35 
001689 1 
002623 3 
001829 40 
002164 3 
000294 14 
002707 61 
000895 74 
002513 39 
002103 60 
000984 3 
001113 29 
000632 24 
001547 6 
000213 10 
002063 43 
001781 30 
002459 17 
002214 36 
001676 86 
001476 5 
002160 74 
001832 1 
001809 3 
001924 12 
000224 3 
002641 25 
000524 48 
000230 43 
002124 3 
002159 30 
002744 30 
002781 36 
001714 5 
002251 8 
000584 32 
002547 32 
001124 62 
000829 49 
002038 24 
002010 3 
002982 33 
000822 45 
001250 43 
001205 16 
001779 21 
001727 6 
000399 1 
002140 40 
002782 2 
000892 16 
000748 10 
001464 1 
001897 5 
000038 5 
002912 3 
001510 1 
001849 80 
002237 10 
001649 3 
002566 6 
000373 35 
001162 3 
002311 32 
002700 11 
001738 5 
002065 16 
002385 42 
001288 70 
001092 14 
001147 3 
000295 65 
001743 3 
000978 57 
000260 70 
000159 7 
001153 43 
000971 3 
002796 24 
002662 3 
001671 63 
000846 16 
002286 16 
002819 1 
001540 9 
002116 16 
002837 18 
002079 28 
002044 31 
002163 3 
000514 64 
000068 17 
000538 30 
001706 3 
001852 48 
002917 38 
000310 3 
000801 86 
002508 3 
002911 3 
001084 65 
002533 56 
000126 2 
000069 7 
001535 6 
001245 48 
001760 11 
000150 16 
001755 35 
002180 3 
002646 28 
001387 15 
001864 102 
000921 30 
002780 8 
002431 43 
000437 14 
002218 8 
002568 65 
000852 36 
000673 3 
000061 14 
002853 73 
000265 3 
002713 34 
001324 15 
000457 32 
000597 29 
002047 3 
000983 33 
002716 5 
000210 24 
001767 8 
002929 57 
000203 12 
000348 5 
001871 4 
001785 5 
001085 11 
002352 14 
001110 49 
000702 3 
001541 5 
001838 17 
000635 5 
001449 3 
000835 36 
001674 3 
000268 3 
001858 3 
002494 8 
002147 52 
002640 43 
000810 41 
001123 47 
001646 19 
002861 66 
001207 48 
002156 5 
000982 40 
001035 14 
002558 93 
001771 60 
000052 15 
000306 3 
001647 32 
001555 66 
001954 12 
001038 3 
000727 3 
000370 3 
002648 55 
001221 11 
002413 16 
001363 3 
000105 5 
001678 34 
001286 42 
002452 3 
001720 62 
001728 13 
000576 3 
001497 11 
001996 53 
001995 63 
002127 3 
002375 53 
001580 12 
001355 15 
001685 3 
001094 30 
001874 56 
001158 3 
001403 17 
001109 5 
002987 8 
001726 3 
001116 5 
000436 53 
001815 5 
001499 16 
002353 4 
002467 9 
002495 13 
001036 16 
000211 14 
000054 67 
000780 47 
002587 48 
000387 48 
002422 3 
002992 29 
000147 30 
000499 12 
000620 24 
000996 5 
001795 48 
001861 18 
000794 18 
000510 62 
002137 16 
001854 103 
000168 3 
001883 16 
001607 6 
001866 86 
002655 84 
001453 10 
001759 3 
002882 40 
000759 3 
002114 48 
002727 3 
002057 26 
002952 30 
002498 99 
000662 32 
002561 49 
002605 8 
002152 3 
002686 67 
001294 6 
000663 21 
002523 43 
000530 81 
001273 89 
001946 42 
000060 3 
000949 10 
001648 4 
001682 49 
000282 67 
001184 84 
002988 23 
002606 4 
002244 32 
002205 11 
001536 36 
002176 3 
002825 15 
002822 66 
001327 43 
001571 13 
002484 15 
000854 3 
001904 63 
001277 23 
001284 16 
000519 5 
001526 53 
000806 3 
002680 5 
002637 47 
000711 14 
001722 3 
000050 3 
000644 3 
001007 45 
000802 66 
002133 3 
002055 18 
001311 18 
001791 46 
000850 4 
000425 14 
000417 6 
000001 86 
001482 14 
001410 16 
002773 3 
001830 3 
001270 43 
000177 6 
002404 70 
001565 27 
000513 29 
000537 58 
001287 32 
000920 5 
001463 5 
000362 19 
002243 6 
001140 6 
001655 1 
001658 28 
000337 16 
000767 15 
001349 14 
000435 6 
001863 32 
001055 5 
001533 3 
002660 104 
002720 15 
002759 26 
000408 5 
001263 45 
002541 47 
002872 3 
002898 24 
001318 3 
001330 33 
002437 70 
000381 80 
001553 3 
002113 25 
002580 40 
001956 3 
002358 28 
000579 3 
000479 5 
001748 3 
002308 32 
001783 27 
002040 17 
000420 3 
000626 5 
000040 105 
001168 106 
001481 5 
002448 66 
001060 6 
000081 74 
000947 3 
000074 3 
001126 47 
000557 3 
002041 14 
002795 3 
001253 3 
001725 14 
001632 39 
001589 4 
001596 70 
002291 33 
000542 10 
001462 26 
000508 22 
001182 3 
002462 6 
000489 42 
001125 3 
002242 30 
001542 4 
000389 61 
000218 3 
001018 16 
001246 30 
002855 3 
001629 3 
001291 23 
000463 13 
002518 2 
002473 5 
000862 27 
000527 36 
002351 56 
001963 5 
000284 16 
002306 11 
001471 24 
001087 46 
000873 3 
000591 76 
002382 47 
001577 4 
000065 39 
001083 32 
002551 17 
001280 43 
000605 3 
002737 68 
000730 32 
002006 25 
000353 32 
000954 3 
001401 3 
002627 14 
002182 89 
001922 19 
001380 48 
002714 32 
000035 3 
002776 34 
001406 2 
002240 5 
002386 6 
000020 107 
000623 32 
002592 6 
002099 63 
002355 76 
002314 11 
001275 3 
001784 35 
001082 4 
000164 30 
001703 17 
001177 7 
002814 53 
000199 3 
001233 53 
002928 3 
001516 33 
001882 63 
000409 4 
000143 14 
000023 3 
000205 32 
001213 3 
001365 77 
001006 71 
000642 8 
001699 56 
002688 32 
001344 46 
000385 3 
000889 43 
002729 32 
001086 36 
000173 108 
000532 6 
002812 3 
001340 26 
001106 3 
000400 3 
002735 68 
000641 3 
002880 42 
000720 16 
000391 62 
000936 3 
002363 3 
000139 86 
001149 3 
000787 3 
001586 55 
001119 1 
002874 3 
002845 30 
002374 6 
002434 3 
001374 3 
002490 32 
000953 6 
002638 5 
001196 6 
002574 3 
002436 3 
001575 10 
002669 3 
002754 90 
001290 1 
000129 31 
002425 33 
002867 60 
001332 3 
000161 36 
000932 60 
001389 3 
002888 50 
002085 5 
001853 13 
002335 18 
001379 4 
000421 3 
002405 6 
002480 65 
000287 3 
002432 73 
001865 4 
001041 3 
000133 52 
002787 6 
001894 36 
002565 3 
001080 4 
002994 3 
002111 3 
002390 36 
000136 3 
001214 24 
002895 10 
002721 9 
000212 3 
002296 8 
002139 43 
000275 30 
002050 3 
000089 55 
000751 6 
002293 3 
000299 3 
002950 32 
000568 5 
001627 43 
000262 84 
001729 5 
002724 76 
000316 90 
002130 24 
000104 62 
001615 19 
002024 36 
001070 32 
002584 42 
000927 16 
002369 16 
002454 3 
000366 3 
002588 6 
000529 4 
000045 3 
000309 16 
001506 11 
001551 3 
000449 3 
001375 3 
000572 3 
001135 48 
001204 56 
002263 6 
001173 45 
001319 3 
000600 10 
002148 32 
001960 62 
000834 21 
000942 3 
000063 5 
001683 1 
000987 33 
002134 1 
000333 32 
002633 65 
002264 3 
001896 26 
002236 107 
001167 62 
000630 3 
001885 39 
002539 5 
002136 14 
002708 36 
002272 33 
002415 3 
000824 3 
001223 3 
002348 55 
000461 3 
001859 42 
000160 11 
000740 56 
000008 13 
002162 5 
000372 3 
002696 27 
002080 12 
000084 62 
001873 3 
002417 30 
002907 11 
001507 5 
002817 109 
000428 14 
000290 24 
002695 58 
001554 110 
000240 30 
001944 42 
001198 3 
000770 4 
001624 27 
000402 25 
001664 4 
000155 3 
000619 3 
002571 42 
001091 62 
000296 56 
000431 32 
000280 3 
002020 29 
000582 15 
002815 74 
002933 30 
002331 3 
002595 2 
002068 5 
000719 4 
001657 15 
000723 5 
002920 16 
000596 2 
000970 6 
001600 3 
000699 63 
000977 48 
001104 32 
002717 70 
001339 5 
001817 16 
000951 30 
001212 55 
001429 17 
001670 86 
000427 3 
002908 57 
000176 30 
000080 5 
000594 19 
001348 57 
001515 6 
001546 16 
002847 3 
002150 47 
000492 15 
000989 94 
001447 29 
001975 56 
000755 3 
000825 10 
000495 48 
000800 38 
001002 73 
001626 17 
000848 32 
002060 33 
002074 34 
001468 1 
001965 10 
000888 40 
002828 111 
001712 43 
002859 5 
001789 16 
002321 47 
001079 3 
002925 112 
001886 3 
001371 1 
000140 6 
002158 41 
002285 47 
001665 32 
000410 6 
000013 25 
002199 3 
000405 6 
002740 22 
001098 32 
001220 1 
002967 88 
000793 5 
002292 5 
001842 16 
000952 3 
001910 84 
001210 6 
002893 64 
000975 3 
000475 33 
001942 3 
000216 74 
002824 16 
000501 16 
002756 43 
002064 34 
000472 77 
001584 4 
002732 6 
001635 4 
000539 3 
001979 113 
001131 20 
002492 8 
000991 35 
001305 67 
002943 11 
001009 3 
002894 3 
000875 3 
000497 56 
000312 3 
000132 3 
000252 36 
001315 16 
001519 23 
001048 7 
002168 28 
000137 106 
001752 16 
000648 10 
000595 50 
002559 49 
002339 29 
000585 89 
000811 3 
001803 12 
002412 7 
002090 6 
000279 3 
000360 86 
000030 5 
002341 39 
002122 23 
002463 3 
001732 55 
001427 32 
001264 3 
000351 3 
001430 16 
002119 3 
002483 36 
002108 47 
002098 17 
000028 1 
001878 46 
000148 3 
000660 41 
002509 3 
000022 30 
000571 43 
002017 2 
000047 9 
000752 26 
000650 32 
001887 3 
002826 80 
000869 16 
002842 27 
000891 4 
001321 20 
002356 114 
001052 39 
002381 3 
000828 10 
001022 52 
002166 5 
002598 60 
002830 16 
001663 3 
000034 115 
001844 57 
001512 48 
001417 46 
002860 8 
002209 50 
001058 4 
001520 3 
000598 32 
001011 3 
000861 32 
001642 74 
000010 3 
000091 65 
001075 84 
001985 25 
000790 5 
000263 6 
000712 40 
002305 16 
002094 67 
002864 34 
000149 56 
002653 47 
001244 13 
001415 19 
002741 11 
000079 13 
002530 116 
002212 6 
002652 4 
002892 30 
000998 3 
000036 86 
002120 94 
001413 40 
000235 15 
000350 3 
000324 30 
000003 49 
001031 65 
002368 63 
002959 17 
001756 3 
002903 26 
001477 5 
001274 1 
000816 34 
001049 16 
001241 32 
001419 43 
000939 16 
000396 94 
000782 11 
002011 3 
000863 5 
001816 107 
002430 15 
002996 111 
000504 81 
002475 57 
002639 2 
000384 3 
001750 3 
000311 67 
001619 10 
002241 117 
002031 33 
001941 70 
000905 4 
000521 3 
002153 27 
001778 24 
001691 5 
001780 10 
002350 32 
001230 33 
000760 8 
001812 6 
002674 62 
001368 6 
001734 38 
000664 3 
002607 28 
002916 30 
000743 19 
002226 3 
002808 39 
002501 43 
001513 3 
000027 3 
002586 3 
001015 56 
000967 35 
001601 12 
001973 3 
000683 23 
002579 3 
000864 71 
000992 3 
000915 41 
002084 3 
002521 3 
000186 5 
001765 3 
000923 6 
000075 10 
002224 106 
002810 25 
002752 3 
000741 17 
002334 3 
002582 47 
001744 45 
000820 62 
002192 39 
001117 30 
001710 22 
000157 6 
000832 6 
001359 30 
002528 3 
000503 8 
002611 3 
002870 3 
002984 3 
002045 6 
001981 4 
002378 65 
001057 106 
001347 5 
002958 3 
000356 10 
002360 43 
002820 118 
000724 46 
001977 47 
000245 3 
001299 3 
002722 30 
000393 80 
001747 10 
002624 9 
000086 30 
000747 48 
001181 3 
002228 3 
001316 86 
002091 1 
001102 3 
000913 3 
000963 8 
000555 3 
002347 12 
002863 32 
002834 5 
000107 6 
002008 3 
000438 104 
001801 70 
000171 3 
002656 3 
001986 65 
001372 3 
002123 62 
001677 39 
001159 3 
001128 70 
002058 32 
002370 35 
002059 98 
000827 90 
002416 3 
000285 3 
002712 3 
002726 90 
002899 2 
002591 8 
001441 90 
002188 32 
002319 3 
002570 13 
002004 3 
001251 5 
001955 1 
002154 27 
001257 71 
000056 3 
000483 2 
000044 24 
001822 3 
001544 11 
000321 16 
001342 3 
002135 24 
002971 3 
001438 42 
000238 27 
001798 43 
001810 3 
001004 6 
002803 38 
002514 1 
002290 89 
001200 48 
000301 3 
000943 16 
002265 3 
001260 9 
002294 24 
000464 6 
000006 11 
000842 16 
001869 38 
000327 1 
002282 11 
002576 14 
001465 22 
000893 11 
002062 4 
000695 3 
000388 3 
000604 30 
000843 3 
000323 30 
001868 3 
002879 3 
002275 63 
002531 43 
002468 3 
002946 106 
001281 43 
000831 6 
001905 5 
000456 45 
000308 3 
002121 104 
002051 1 
001303 5 
000329 36 
002977 56 
001705 32 
001719 6 
000480 3 
002919 16 
002510 18 
000118 3 
001972 70 
001558 16 
002734 3 
001030 16 
000467 3 
002440 39 
002249 47 
002594 10 
001970 84 
001199 36 
001357 16 
001902 81 
001976 3 
000777 3 
000569 13 
001787 3 
002636 8 
002277 8 
002941 56 
001093 6 
001258 3 
001999 5 
000085 9 
001666 9 
002685 3 
000756 5 
002144 3 
002200 3 
000512 3 
002902 11 
000732 3 
002221 6 
002320 40 
000531 13 
002345 32 
000766 3 
001480 32 
002003 8 
001362 70 
002491 47 
000375 29 
001634 47 
002784 3 
001185 67 
001715 3 
002536 3 
002081 3 
001794 12 
000239 48 
000128 3 
000355 3 
000165 3 
001511 13 
002875 14 
001320 1 
002477 16 
000473 41 
001998 43 
002481 21 
002043 30 
002408 3 
002138 57 
002411 33 
000098 119 
001840 3 
001024 19 
002015 2 
002948 14 
000450 3 
000551 3 
002694 3 
000277 70 
002267 14 
000179 47 
000434 6 
001341 24 
002852 3 
001592 3 
001644 48 
001517 21 
000742 3 
000868 3 
001770 40 
000484 5 
002022 3 
002938 3 
002324 11 
002359 9 
000781 47 
000549 63 
001964 62 
002833 41 
000783 34 
001890 3 
001008 73 
002394 3 
000674 67 
002204 61 
000687 25 
000876 5 
000459 3 
001990 3 
001911 1 
001268 11 
000753 3 
000122 42 
000700 3 
002811 27 
001445 42 
001949 3 
002233 3 
002087 14 
000032 43 
002155 120 
001751 6 
002072 3 
000070 45 
002838 3 
002647 19 
001120 16 
002813 3 
001191 43 
001532 3 
002851 3 
001243 11 
000266 28 
002421 55 
001459 81 
001913 32 
000505 3 
002325 34 
000340 3 
002604 3 
002620 21 
002234 5 
000799 5 
000931 39 
002540 67 
000745 11 
000979 3 
002424 72 
000062 35 
001776 106 
001603 32 
002927 63 
002955 6 
000142 3 
002786 6 
001568 14 
000194 3 
000647 57 
002082 43 
000361 90 
002747 86 
000058 3 
000359 45 
002672 38 
001569 3 
002117 49 
002340 3 
002095 3 
000924 32 
002042 5 
000278 43 
002201 3 
002944 3 
002273 14 
000382 36 
002193 42 
001452 3 
001391 3 
001025 7 
002442 16 
001953 8 
000067 73 
001056 81 
001740 6 
002077 5 
002343 3 
000114 121 
000246 97 
001440 3 
001023 30 
000981 3 
000412 5 
002262 16 
001063 32 
000117 14 
002890 106 
002690 88 
000248 42 
000666 30 
002651 9 
000093 62 
000115 14 
001377 39 
002303 21 
000119 106 
001982 5 
002181 11 
000163 61 
000264 17 
002978 60 
001314 3 
000247 65 
002428 15 
000776 5 
000553 3 
001114 3 
002474 5 
000581 3 
000845 16 
001461 94 
002476 10 
000652 5 
001171 14 
002942 122 
002936 30 
001369 3 
000898 1 
002921 13 
000677 104 
000015 3 
000968 30 
001107 14 
000241 14 
001255 3 
002322 39 
001937 3 
000685 29 
000169 3 
001640 24 
001134 53 
002420 107 
001879 6 
001716 5 
000272 48 
001474 10 
001254 30 
001548 53 
000215 94 
002597 24 
000345 16 
000839 16 
001616 16 
002196 86 
001836 3 
000796 5 
000413 55 
001713 24 
000343 32 
000948 3 
002222 3 
001758 52 
000378 3 
001492 3 
000739 6 
002542 3 
000053 4 
000019 3 
001310 16 
002270 105 
002451 3 
000999 32 
001390 99 
000096 15 
001500 6 
002310 15 
002555 6 
000180 27 
001599 32 
000717 46 
000185 45 
000468 9 
000904 43 
002702 3 
000072 3 
002573 39 
001899 32 
002554 16 
002395 70 
002516 30 
001208 63 
002078 14 
002866 30 
001064 42 
001529 48 
002206 31 
000659 3 
002818 76 
001839 3 
002443 3 
001077 3 
000455 32 
001384 62 
002383 29 
000403 16 
000990 34 
001446 3 
001473 11 
000678 21 
001617 30 
001252 48 
001984 2 
000823 23 
000964 24 
000836 3 
001034 81 
000175 5 
000940 3 
000692 16 
000335 63 
000874 3 
002827 121 
002056 52 
000198 3 
000297 16 
002832 3 
001531 43 
001746 70 
000123 3 
000379 3 
002581 41 
002211 32 
002173 67 
002053 42 
000916 3 
001872 16 
002742 40 
000612 5 
001772 3 
002336 5 
000957 98 
001633 3 
001888 5 
002993 21 
002661 9 
000909 11 
000507 3 
000357 6 
001424 63 
002873 2 
002401 84 
001155 29 
001723 32 
002682 3 
000668 5 
000887 3 
001285 3 
000334 43 
000154 3 
001421 15 
002550 3 
001841 26 
000722 14 
000374 65 
000313 26 
001850 3 
001623 34 
000043 3 
000972 16 
002972 40 
000523 63 
000418 48 
000763 3 
000658 15 
000705 32 
000733 3 
002499 11 
002751 3 
000945 3 
002217 3 
002801 3 
002409 3 
001807 81 
001019 3 
001470 63 
000908 16 
001694 3 
000273 63 
001494 15 
000520 3 
000815 57 
000819 5 
000735 19 
001523 10 
001639 28 
002910 40 
001701 5 
001122 17 
002177 11 
001915 3 
001884 3 
002593 5 
000380 3 
002252 47 
000344 56 
002149 30 
002145 24 
002567 3 
001943 5 
001804 5 
002823 27 
002537 123 
001262 6 
002013 3 
001425 3 
001595 3 
000233 3 
000795 32 
001707 3 
002904 11 
001821 5 
002563 29 
002406 5 
002560 3 
000113 76 
001000 3 
002266 5 
001583 55 
002548 3 
002970 25 
000226 63 
001043 46 
001193 81 
001450 98 
002446 12 
001764 3 
001667 56 
002589 3 
002377 3 
000849 5 
000622 27 
002142 24 
000214 3 
000771 81 
000338 6 
000804 3 
002261 3 
001183 1 
001169 66 
000037 32 
000106 4 
000363 16 
000851 3 
001741 6 
002414 74 
000857 32 
001466 43 
000566 63 
000250 39 
002525 1 
001475 6 
002503 3 
000318 28 
001201 3 
001108 33 
002279 14 
000653 66 
000071 32 
001668 3 
002659 60 
001175 30 
001089 60 
002957 11 
000411 3 
002883 24 
002387 1 
001026 89 
002092 7 
000540 11 
000602 35 
001333 48 
002843 9 
001435 3 
002220 43 
002466 86 
002762 16 
000838 4 
002736 17 
001628 9 
000807 49 
000883 10 
001485 56 
000638 65 
000424 60 
000728 5 
001997 71 
000377 89 
000525 3 
002487 3 
002524 3 
000151 16 
001581 3 
001950 3 
001775 74 
000627 3 
002850 5 
001846 3 
000144 3 
000718 92 
002575 5 
002632 63 
000567 26 
001881 89 
002489 45 
001156 70 
002223 3 
001432 32 
002760 36 
002172 13 
002187 32 
000880 3 
001076 6 
000625 30 
002935 76 
002976 3 
001367 16 
002231 16 
000618 3 
001325 32 
001983 40 
000691 8 
002835 3 
002289 86 
001690 30 
001351 24 
002844 3 
002507 80 
002730 28 
001831 31 
001687 4 
001693 28 
000466 50 
001188 1 
001192 3 
000146 11 
002255 106 
000325 30 
002706 4 
001763 3 
000707 14 
000715 36 
001835 3 
002884 6 
001112 11 
002128 52 
000902 6 
000688 6 
002215 3 
001631 98 
002278 17 
002500 94 
001940 3 
001825 3 
000101 92 
000291 40 
002493 3 
000879 23 
001456 76 
000392 26 
000087 5 
002284 58 
002715 3 
001276 42 
001524 74 
000476 63 
001695 6 
001296 98 
002093 73 
001138 56 
002073 1 
001236 5 
000833 3 
000592 21 
002979 6 
001621 14 
001636 97 
000110 15 
001161 13 
000223 7 
001053 3 
001312 3 
002771 3 
002104 1 
002981 3 
000254 3 
001073 1 
001620 14 
001493 26 
002691 84 
000546 40 
002526 10 
000950 3 
001572 48 
000844 84 
000064 19 
000414 3 
002433 32 
000885 3 
000452 3 
001259 14 
000657 46 
001880 46 
001582 124 
001487 3 
001486 66 
001328 3 
002418 3 
002738 3 
002268 65 
000078 3 
002070 3 
002809 32 
000870 3 
002469 14 
002248 3 
000451 89 
001020 114 
001561 3 
001980 5 
000697 48 
001742 3 
000812 65 
002973 89 
000911 48 
001522 3 
001050 67 
000506 28 
000406 3 
002366 9 
000184 17 
001877 3 
001718 68 
000610 28 
002675 46 
002034 3 
002534 58 
002327 3 
001969 3 
002679 3 
000021 16 
002219 3 
001426 14 
001591 3 
002225 15 
000328 3 
002755 47 
002519 56 
001875 6 
002538 48 
002975 31 
000267 3 
001891 3 
002664 11 
001757 28 
002179 66 
000866 8 
002945 3 
002886 14 
000490 5 
000607 5 
002465 86 
001739 3 
000153 1 
000890 5 
002939 125 
002328 3 
000270 10 
000097 3 
002259 67 
002618 30 
000965 76 
001800 3 
000872 94 
001573 3 
000533 39 
001068 3 
001100 31 
002761 42 
002126 30 
002312 74 
000716 5 
002198 55 
002949 14 
001539 3 
002954 18 
000470 3 
000565 89 
001799 3 
000462 3 
001278 11 
001796 63 
001870 17 
001394 3 
001346 15 
000696 32 
001176 89 
001753 14 
000929 3 
001215 34 
002635 3 
001373 3 
000244 46 
002800 3 
001680 89 
001313 3 
000649 117 
002644 16 
000314 16 
000156 3 
001304 63 
001151 8 
001802 5 
001047 56 
001641 5 
001307 126 
001928 3 
001496 3 
000026 3 
002245 5 
000016 11 
001322 3 
000884 16 
002670 3 
001361 3 
001845 12 
001613 3 
000498 3 
002841 3 
000516 16 
002968 3 
001479 12 
001412 30 
001096 29 
000543 3 
002505 32 
000634 6 
000432 1 
002676 31 
000729 48 
001289 3 
002258 29 
000317 3 
001921 3 
002562 92 
001338 53 
002878 12 
000320 11 
001032 127 
002026 2 
002190 3 
001111 3 
001889 3 
001528 3 
000754 38 
002629 3 
000563 12 
002447 10 
000669 42 
000253 3 
002956 5 
002517 32 
002963 92 
000358 3 
001279 19 
001301 94 
001203 45 
002557 7 
002798 35 
000130 63 
000145 3 
000961 86 
002896 5 
002764 128 
000906 3 
001097 3 
000236 46 
001062 3 
001927 37 
002668 44 
002317 51 
002763 54 
000261 59 
000429 69 
001297 75 
002831 78 
000200 79 
002307 82 
