0 1.9900336265563965
001284 1 
000251 2 
002154 3 
002787 4 
000633 5 
000071 6 
000022 6 
000415 7 
000587 5 
000604 5 
002172 8 
002800 9 
002664 9 
001733 10 
002050 11 
001728 12 
001637 13 
002287 12 
001493 14 
002617 9 
002702 4 
002406 15 
001229 16 
001008 17 
000165 18 
002088 19 
002930 7 
000904 20 
000655 15 
002361 20 
000203 21 
002160 22 
002398 23 
002925 16 
001918 9 
000911 5 
002231 24 
000550 15 
002370 12 
000696 5 
001042 25 
002439 14 
000895 20 
001958 23 
002506 26 
002625 10 
001983 6 
000031 15 
000881 27 
000545 28 
001327 14 
001850 29 
002319 12 
001573 30 
002431 1 
000313 2 
002699 31 
001440 32 
000446 22 
000892 8 
000923 5 
000533 7 
000088 33 
002891 34 
001923 35 
000058 36 
002612 13 
002135 22 
000896 37 
001106 20 
000764 20 
001978 38 
001375 1 
002041 37 
002219 31 
001784 14 
000155 35 
002166 8 
000806 21 
002020 39 
002392 24 
002964 40 
000247 39 
000348 41 
002754 34 
001195 30 
000530 42 
002043 23 
001112 43 
002956 44 
001686 22 
002932 44 
001777 45 
001036 46 
002193 47 
000686 23 
000803 20 
000070 17 
001254 14 
002656 48 
001734 43 
002627 10 
002606 20 
002203 39 
001702 22 
001391 37 
001507 46 
000934 49 
002942 50 
001395 51 
001037 7 
002638 52 
000267 53 
001550 20 
001623 54 
001172 1 
000372 53 
002679 50 
000440 21 
000333 53 
002031 12 
002239 34 
001219 55 
001362 56 
000378 57 
002870 20 
001418 12 
000903 5 
001722 24 
002826 24 
002586 20 
002110 14 
002107 39 
000559 45 
001076 58 
000967 18 
001869 49 
001700 12 
001043 13 
001523 46 
002234 31 
002532 29 
000825 5 
002715 50 
002127 47 
000176 59 
002615 6 
000411 9 
001071 21 
000399 29 
000237 61 
002500 14 
000227 62 
000618 5 
001861 63 
000004 64 
002779 34 
001731 3 
001494 34 
001631 19 
002998 46 
002731 65 
001238 46 
001587 21 
001999 33 
002823 33 
001815 38 
002993 50 
000026 37 
002653 11 
002747 59 
002015 5 
001997 1 
001288 64 
000161 21 
000838 5 
000935 20 
001056 46 
002526 66 
002313 31 
001941 6 
001401 46 
001090 39 
001893 67 
000959 17 
002705 68 
000270 2 
002673 20 
001577 1 
001651 2 
001837 34 
002839 66 
000211 21 
001509 1 
001142 14 
002557 43 
000473 28 
001012 39 
001274 33 
000329 14 
000323 43 
002278 35 
002764 3 
001953 70 
000073 57 
001412 71 
000470 65 
002343 72 
001293 46 
001835 73 
000839 74 
001917 75 
001854 29 
000274 15 
000007 36 
002602 46 
002039 76 
002531 45 
002858 77 
001208 46 
002033 78 
000001 45 
001033 76 
000318 79 
000829 20 
002423 1 
002282 3 
002260 80 
001264 20 
001536 44 
002805 81 
002293 10 
002655 82 
001066 39 
001342 20 
001657 47 
000444 2 
002539 35 
002126 34 
002856 46 
001931 40 
001618 22 
002692 20 
002776 50 
002851 8 
002760 83 
001701 13 
000405 84 
002817 24 
001413 85 
000564 64 
001799 23 
000752 6 
001991 59 
001723 36 
001533 84 
002959 44 
001223 1 
000121 21 
001818 86 
002984 44 
000410 21 
001424 71 
001905 56 
000209 79 
002367 6 
001895 79 
000127 43 
001171 1 
002036 81 
000472 17 
001502 54 
001755 12 
001053 22 
001218 1 
002003 3 
002311 78 
001234 7 
000786 63 
000125 27 
000217 79 
002366 43 
000167 75 
000482 59 
000229 61 
002468 24 
000347 56 
000899 2 
002595 36 
000335 8 
001598 38 
001610 54 
000661 83 
000351 54 
000319 1 
001460 10 
000627 5 
001353 12 
000087 22 
001825 4 
000390 54 
000558 39 
001495 87 
000393 71 
000460 88 
002970 89 
001323 48 
002774 75 
000731 88 
000629 5 
000500 37 
002894 76 
002196 90 
002222 38 
000124 27 
001120 35 
000824 5 
001875 1 
000389 12 
002383 33 
001870 64 
002986 87 
002910 46 
001740 91 
000900 92 
000598 22 
000631 83 
002212 6 
002918 16 
002396 24 
001350 46 
002448 35 
001476 27 
001911 90 
001912 93 
001714 47 
000563 32 
000593 84 
001860 12 
000371 28 
001612 22 
002099 87 
002660 17 
001877 15 
000066 19 
002997 21 
000637 2 
001948 26 
000912 39 
002553 94 
000006 21 
000720 5 
002859 12 
000404 13 
000112 35 
001454 46 
002144 43 
001894 52 
002597 20 
001245 9 
001168 4 
000042 83 
001797 23 
002306 33 
000302 75 
001108 15 
000423 24 
002832 1 
002820 34 
001575 45 
002163 58 
001441 46 
000212 21 
002574 34 
000158 32 
000157 15 
001990 32 
000605 5 
001123 31 
002603 43 
000933 79 
000104 78 
000871 20 
001094 29 
000455 23 
000241 70 
002599 50 
001184 56 
000891 4 
000141 2 
000653 63 
000698 5 
002480 22 
001664 23 
002021 95 
002739 56 
002257 96 
000769 96 
002326 38 
001481 46 
002834 33 
000719 5 
002441 75 
000340 27 
000878 5 
002102 62 
002117 68 
000195 14 
001553 37 
001696 15 
000809 97 
001232 46 
001751 96 
001708 47 
001836 20 
001736 72 
002388 6 
002018 75 
001041 11 
000035 54 
002735 50 
001524 46 
000271 22 
002089 93 
002195 56 
000193 79 
001647 47 
001265 15 
001345 1 
002534 34 
000331 14 
002513 59 
001883 17 
002862 46 
001048 19 
001434 12 
002385 29 
000326 99 
002630 99 
002065 100 
002403 59 
002713 101 
000438 102 
001282 52 
000541 51 
000132 36 
001052 49 
002804 35 
001903 47 
001211 14 
001928 21 
002341 27 
000884 62 
002730 74 
000060 14 
000363 32 
002825 62 
002605 20 
002880 20 
002681 33 
002752 65 
002434 31 
001200 103 
002585 31 
000552 56 
000980 37 
000670 5 
000978 20 
000184 26 
002704 35 
000294 10 
001962 6 
000537 51 
001661 54 
002507 97 
001361 3 
002892 46 
002476 50 
002689 22 
002662 4 
001060 41 
001417 34 
000304 68 
001169 55 
002499 66 
001833 56 
001272 84 
001562 20 
002288 33 
001126 46 
000392 35 
000842 99 
002720 59 
001157 104 
000039 7 
000943 52 
000362 35 
000357 83 
000092 2 
001110 34 
002626 94 
002286 65 
000074 38 
000230 79 
001746 105 
001512 40 
000459 51 
001496 75 
001009 40 
002355 26 
000083 4 
001280 7 
001829 44 
000273 74 
002177 26 
001089 90 
000693 87 
002651 50 
000913 45 
000447 35 
002616 68 
002238 33 
001049 49 
002489 50 
001564 22 
000603 4 
002017 40 
001463 106 
000730 84 
001491 53 
001742 46 
002247 31 
002229 54 
002967 44 
002822 24 
000853 39 
000449 33 
000213 14 
000893 41 
002280 34 
001488 55 
000585 5 
001547 107 
000725 15 
001846 47 
002726 34 
000857 20 
002957 108 
002846 109 
001545 96 
001517 106 
000441 13 
002297 33 
002636 66 
001133 45 
001839 3 
002634 55 
000408 33 
002740 50 
000889 79 
001244 1 
001383 12 
002295 84 
002245 110 
000973 34 
001753 12 
002444 46 
000286 75 
001366 99 
000662 35 
001116 14 
002931 44 
001819 100 
000750 21 
002360 33 
001204 1 
002806 21 
000350 111 
002687 96 
000915 38 
001851 87 
002194 3 
001489 35 
001289 46 
001369 51 
002818 24 
001785 46 
001886 7 
002503 18 
001866 12 
002073 6 
001304 55 
001832 46 
000320 35 
000516 88 
001786 45 
000511 29 
000801 21 
001889 63 
002429 1 
002106 8 
002113 35 
001128 44 
002038 86 
001688 47 
001765 13 
000356 75 
001083 23 
000051 75 
002052 54 
002426 1 
000063 99 
001707 12 
000939 49 
001916 45 
002318 46 
002901 44 
002915 16 
001585 15 
000616 94 
002773 86 
001156 34 
000413 84 
001359 14 
001938 5 
000962 94 
002483 6 
001845 27 
000591 49 
002729 62 
001660 54 
000084 54 
000742 103 
001798 23 
001407 46 
001635 54 
002150 79 
001580 33 
000401 109 
001205 21 
002243 24 
000614 5 
002246 68 
001235 55 
001166 1 
001201 1 
001949 112 
000246 14 
000223 100 
000612 5 
002394 19 
000375 15 
002010 40 
001137 55 
001260 14 
001315 20 
001546 107 
001261 46 
001405 88 
001387 35 
002206 8 
002830 24 
001433 2 
002941 46 
001028 35 
001404 93 
000968 6 
002946 34 
001131 46 
002365 24 
000782 5 
000823 20 
000606 5 
000491 113 
000290 19 
000465 56 
001436 46 
000567 114 
002598 67 
000694 42 
001741 21 
002837 85 
002669 20 
001329 76 
002527 96 
002963 44 
001697 47 
001670 80 
002498 64 
001676 48 
002129 87 
000909 84 
000851 80 
001946 6 
001548 34 
001027 27 
001044 97 
002165 8 
002641 108 
000555 99 
001924 56 
000638 79 
001348 20 
000815 9 
002422 1 
001062 45 
002035 35 
002719 9 
000916 5 
001121 34 
001511 14 
002440 76 
002055 35 
002076 47 
002809 66 
001853 32 
000082 34 
002104 111 
001644 4 
000650 15 
001792 68 
000494 35 
001543 10 
001943 71 
000107 14 
002835 34 
002494 33 
001456 57 
002686 20 
001560 73 
001730 47 
002517 115 
002953 38 
002122 56 
001370 12 
001015 103 
002905 50 
002216 79 
000169 36 
001602 46 
000059 27 
000464 116 
000257 21 
001687 47 
000342 85 
001070 55 
001045 41 
001653 8 
002461 100 
000291 52 
001955 117 
001098 1 
001672 99 
001010 20 
000992 26 
001093 40 
000589 96 
000029 54 
002909 16 
002333 33 
000601 5 
002074 11 
001478 54 
002095 35 
001622 47 
002501 81 
000582 5 
000394 33 
000710 61 
001114 20 
000766 20 
002582 50 
000632 83 
002386 38 
000689 118 
001001 26 
002100 21 
001100 1 
000379 22 
002690 30 
000998 52 
000113 21 
001236 68 
001158 64 
002425 1 
002022 5 
000301 105 
001504 10 
002197 47 
002181 12 
001438 34 
001749 17 
002871 46 
002763 22 
000868 20 
001032 3 
002145 40 
001421 35 
001611 45 
002470 72 
000457 6 
002124 87 
001640 22 
002814 24 
002680 45 
001029 20 
000574 33 
000877 5 
000672 5 
000216 79 
000129 54 
001867 47 
000028 84 
000529 42 
000196 99 
002668 84 
000793 20 
000981 6 
002899 51 
000974 38 
001711 83 
001516 106 
002316 2 
000569 94 
001831 12 
001505 53 
001972 54 
000109 61 
001182 29 
000738 5 
002945 44 
001183 59 
002133 64 
000222 99 
001312 2 
001399 52 
000854 5 
000205 15 
000461 27 
000821 5 
000489 59 
002469 50 
000180 51 
001993 39 
002968 4 
002515 50 
002742 119 
000483 36 
000902 35 
002633 75 
000150 35 
001178 1 
001569 75 
001501 20 
000487 33 
000641 5 
000299 7 
000751 22 
001994 14 
002202 45 
000374 29 
002000 40 
002005 100 
001666 105 
000508 15 
000765 15 
000426 17 
002694 50 
002666 40 
002570 78 
001756 54 
000687 5 
002536 79 
002572 22 
002778 37 
000886 15 
000032 6 
001228 55 
001349 59 
001393 87 
002950 44 
002518 68 
001301 9 
000265 45 
000240 10 
001403 27 
001175 1 
000185 35 
001193 3 
001744 75 
002332 12 
001544 1 
002928 100 
000578 5 
002192 24 
000425 30 
000846 12 
002544 20 
001047 49 
000288 61 
001318 46 
002312 31 
000199 79 
001278 99 
001084 21 
002590 20 
002952 44 
001103 21 
000701 86 
001684 36 
000534 108 
000479 4 
002843 24 
001202 55 
000941 39 
001758 33 
002879 20 
001170 36 
001827 45 
001704 94 
001636 12 
000917 117 
002948 44 
001605 62 
001820 53 
000592 83 
002716 16 
000098 14 
000358 120 
001992 86 
001124 20 
002768 79 
002807 58 
001748 20 
002130 22 
000062 54 
002188 21 
002136 46 
001712 12 
002325 33 
001039 35 
002377 90 
002667 66 
002594 45 
001709 30 
001757 12 
001038 96 
001490 120 
002707 102 
002419 33 
002762 80 
001338 20 
002372 46 
000233 97 
000681 117 
001213 6 
002236 59 
000312 8 
001655 47 
002492 46 
002881 33 
002794 22 
002589 89 
000512 15 
002917 74 
000518 54 
002723 34 
000647 83 
000380 35 
000690 29 
000198 14 
001021 28 
002810 37 
002404 49 
000726 28 
002545 20 
000264 9 
001600 45 
000664 5 
002861 46 
002886 9 
002368 121 
002614 20 
000950 3 
001344 104 
001189 1 
000514 22 
001500 20 
001313 46 
002577 96 
000017 83 
002211 105 
001624 45 
001913 23 
000918 5 
002845 24 
001639 47 
000714 15 
002019 40 
001822 99 
001675 47 
001782 18 
002876 50 
001406 85 
001678 47 
002187 4 
002427 24 
000908 122 
000929 20 
001073 30 
000572 94 
002002 3 
000407 18 
000171 123 
002363 79 
002537 14 
002012 17 
002639 50 
002473 79 
000442 17 
000982 4 
001599 54 
001503 20 
001781 13 
002320 37 
000282 35 
001656 54 
000101 105 
002712 37 
001973 23 
002765 103 
000409 17 
002153 114 
000403 58 
000994 9 
001880 46 
000044 33 
002954 44 
000140 13 
001649 47 
000249 23 
002604 52 
002391 7 
002371 2 
002994 80 
002240 90 
001603 12 
000771 72 
000562 56 
001410 20 
001724 47 
001876 12 
000519 3 
000012 27 
002863 101 
001058 3 
001457 71 
000041 72 
000284 45 
001188 20 
000709 15 
001371 85 
001118 31 
000760 5 
001530 79 
000206 68 
002230 31 
002263 24 
002688 33 
000027 35 
001589 1 
000816 20 
000086 94 
002463 33 
001508 59 
002299 45 
001294 53 
000080 8 
000876 9 
000148 33 
002259 85 
001929 35 
001477 39 
000528 33 
002635 54 
001458 26 
001773 12 
000566 12 
001214 46 
001088 46 
000311 115 
002227 4 
000382 35 
002961 50 
002875 109 
002405 22 
001302 10 
000597 5 
001086 29 
000493 51 
000579 45 
001162 114 
001778 46 
002495 97 
002543 123 
002183 47 
002152 22 
002558 20 
002663 66 
001607 47 
002097 58 
002471 84 
002508 45 
001425 33 
001803 31 
002191 21 
001209 1 
002848 66 
002487 91 
002186 33 
000921 54 
001298 46 
001968 25 
001532 70 
001694 17 
001207 109 
000434 51 
002446 73 
002484 40 
002291 10 
001671 8 
000983 33 
002576 22 
001061 80 
001729 12 
001904 35 
001225 33 
002645 109 
000207 92 
002262 8 
001770 20 
000749 5 
002091 40 
000949 45 
000928 52 
001568 35 
001594 26 
002618 62 
001800 44 
000021 54 
000869 5 
002714 118 
000122 35 
000635 5 
000200 79 
002643 122 
000704 5 
001681 47 
001673 45 
000745 5 
001574 105 
000037 74 
000305 79 
001050 12 
000522 75 
000019 108 
000665 26 
001380 20 
001590 27 
001332 14 
000047 21 
001164 75 
001146 71 
002013 45 
002672 4 
002642 40 
000486 17 
002342 33 
002315 31 
002900 44 
002436 118 
000523 35 
002709 22 
001095 19 
002200 45 
002923 50 
002032 75 
002897 44 
001199 92 
002132 62 
002504 33 
001198 37 
001947 100 
002782 87 
002382 19 
002784 22 
001848 117 
000505 15 
002030 61 
002237 33 
001224 107 
002644 66 
000543 12 
002732 24 
002867 50 
000538 34 
002086 117 
002579 105 
001556 45 
000753 107 
000244 28 
002250 59 
002540 33 
002161 34 
002120 12 
001960 46 
002884 7 
001669 47 
000289 102 
000894 124 
002916 16 
002045 39 
000003 6 
002083 116 
000568 39 
001068 27 
000400 14 
000181 87 
000147 38 
000630 5 
000761 125 
000402 39 
000414 12 
001105 100 
000860 5 
000607 35 
000173 54 
000668 5 
002054 40 
000228 99 
002119 52 
000476 17 
001513 56 
000488 27 
002028 12 
000643 5 
000576 5 
002793 59 
001970 47 
002940 44 
001005 43 
000204 7 
000412 83 
000259 78 
002803 56 
001626 54 
000792 20 
000531 4 
002607 45 
002514 20 
002430 1 
001801 46 
002524 71 
000966 34 
002340 92 
000834 29 
002960 46 
001586 45 
000551 51 
002279 29 
001578 56 
001337 105 
002693 55 
002460 45 
000804 12 
001727 103 
001987 32 
002115 40 
000388 54 
001932 57 
001396 51 
001390 29 
002696 20 
002827 35 
002384 23 
002140 26 
002433 33 
002677 67 
002285 2 
002408 34 
001352 20 
001368 46 
000703 35 
001297 46 
000780 20 
000676 117 
000422 73 
002255 26 
002467 71 
002632 56 
002014 27 
000611 5 
000038 2 
000475 49 
002684 35 
002151 79 
001465 33 
001921 33 
001885 9 
000634 5 
000145 35 
002718 20 
002850 11 
002401 1 
001844 32 
000383 56 
001074 97 
002989 37 
002992 16 
001140 100 
001809 44 
002414 12 
002592 20 
001151 14 
000770 20 
000298 15 
002588 45 
001259 126 
001442 111 
001134 118 
000005 84 
002972 44 
001840 93 
001180 55 
001143 1 
000102 21 
002047 127 
001092 84 
000610 5 
001461 128 
001310 20 
001155 35 
000732 93 
001374 30 
000735 9 
002011 8 
000468 13 
001381 20 
001016 4 
001628 45 
001080 53 
001735 8 
001111 35 
002077 87 
002199 39 
002802 58 
000671 5 
002511 15 
001222 14 
001606 21 
001959 105 
001780 12 
000757 34 
000702 6 
000285 83 
000116 59 
002549 8 
002796 76 
002700 35 
002380 4 
001497 56 
000266 56 
001910 9 
000194 79 
002317 84 
002442 50 
000783 94 
001127 17 
002300 54 
000734 5 
002977 39 
000712 5 
000947 10 
002044 23 
000812 20 
000628 91 
002828 24 
002379 79 
000123 83 
002458 33 
002252 24 
002218 33 
002628 50 
001411 109 
001645 47 
001621 51 
001957 111 
000106 33 
000182 79 
002009 12 
000875 123 
001256 99 
002738 22 
001283 1 
001378 12 
000867 5 
001549 7 
002849 34 
002336 129 
000907 52 
001415 20 
000680 5 
002491 50 
001154 45 
000960 33 
002710 10 
002745 22 
002609 34 
002182 120 
002852 46 
000964 52 
002265 17 
000272 2 
000100 84 
000170 108 
001692 130 
002331 126 
001054 59 
001328 45 
000669 5 
000510 79 
002349 40 
000248 128 
000746 63 
000700 5 
000428 15 
001814 2 
000154 14 
002114 55 
002004 40 
000011 83 
002991 33 
000826 12 
001364 20 
000808 20 
000977 46 
001775 20 
000341 79 
002920 24 
000830 14 
002142 71 
002094 124 
002411 4 
000963 43 
001258 10 
000844 65 
002424 22 
000421 79 
000499 73 
000417 3 
000621 75 
002174 33 
001808 14 
000361 131 
001014 36 
002008 17 
001522 45 
002410 33 
002345 46 
000469 94 
001539 45 
000138 35 
002551 50 
001466 33 
002271 34 
000841 5 
001699 47 
001075 92 
001541 105 
000692 5 
002346 74 
001291 2 
001492 34 
000225 62 
002659 45 
002376 45 
002975 44 
001459 34 
000996 20 
002759 50 
001891 47 
001658 47 
002053 87 
000081 120 
001176 27 
000034 2 
001356 90 
001064 35 
001241 14 
002264 39 
001616 14 
001000 64 
001864 24 
001971 23 
000805 97 
000135 26 
000325 128 
002621 130 
000880 5 
000914 30 
001113 21 
002583 20 
001408 3 
002792 82 
001453 28 
002847 8 
002190 25 
001648 15 
002416 1 
001346 52 
000864 5 
000024 103 
000149 26 
001646 47 
001892 44 
002969 33 
001416 17 
002170 8 
000931 39 
002146 132 
000280 22 
002833 24 
000077 27 
001358 4 
002646 118 
002555 20 
002640 22 
002108 99 
002103 130 
001732 15 
002321 40 
000547 59 
002063 40 
000501 94 
002587 50 
002096 80 
000506 95 
002750 1 
002281 10 
002270 33 
002435 45 
001737 8 
000958 133 
002400 8 
000166 94 
001450 71 
000202 25 
001796 47 
000239 35 
001051 49 
000986 33 
000553 26 
002217 71 
002454 7 
002159 107 
001979 35 
000990 45 
002907 125 
001196 1 
001281 14 
001400 104 
000624 26 
000049 27 
001788 44 
002464 115 
002983 3 
002829 76 
002703 75 
002573 20 
000115 25 
001768 54 
001379 20 
000791 5 
002874 58 
001935 96 
000897 59 
001097 1 
002328 37 
001194 14 
000221 109 
000515 110 
000151 117 
001432 108 
000716 15 
001484 75 
002815 24 
001129 20 
001967 41 
001779 45 
001096 1 
000954 123 
000863 5 
001747 12 
002860 24 
002387 65 
001898 59 
000189 35 
001738 45 
000924 46 
001776 47 
002903 45 
002213 8 
002727 38 
001055 3 
002701 37 
002831 24 
001956 9 
000269 15 
000309 21 
002164 22 
001942 23 
002751 24 
001243 107 
001925 9 
002116 103 
001091 30 
000822 20 
002913 16 
000108 27 
002350 34 
002955 9 
001414 20 
001257 14 
002292 10 
001365 46 
002761 45 
000458 22 
001276 1 
000759 5 
000707 84 
002743 109 
001295 130 
000093 134 
000817 15 
002872 79 
000856 5 
000870 5 
001026 34 
000143 54 
002066 122 
001483 1 
001474 12 
000163 27 
002344 79 
000862 35 
002407 1 
000617 5 
001674 109 
001428 19 
002134 46 
001451 109 
001945 20 
001810 22 
000571 56 
000711 79 
002248 54 
000932 36 
000328 40 
002926 44 
000580 63 
001402 15 
001579 105 
000858 26 
001534 90 
000926 38 
002728 26 
001002 64 
000952 123 
002554 20 
000245 55 
000322 2 
000788 54 
000855 20 
001807 45 
002824 50 
001132 135 
001452 3 
002081 59 
002415 22 
002842 24 
001125 53 
000882 5 
002882 136 
001212 55 
001632 136 
001817 93 
001031 67 
002472 37 
000885 107 
001319 20 
002873 44 
000520 87 
000057 36 
001152 19 
000845 5 
002505 109 
001914 40 
000772 20 
000256 27 
001354 14 
000236 55 
002571 50 
001841 20 
002665 45 
000344 41 
000339 75 
000697 43 
000991 46 
001429 49 
002329 34 
002148 79 
000316 97 
001976 31 
001145 47 
001326 55 
000208 45 
001443 9 
002902 50 
001067 93 
000594 17 
001652 3 
000657 100 
001382 46 
001035 3 
001554 117 
002973 44 
002373 79 
002001 29 
002118 34 
000906 5 
000797 20 
001944 23 
000179 79 
001007 3 
000536 8 
001444 18 
000609 10 
001791 78 
000002 36 
000336 94 
002352 9 
002046 39 
001641 12 
001772 111 
001423 33 
001197 13 
000649 28 
000560 21 
002497 115 
001003 62 
001920 40 
000188 136 
002836 24 
000232 21 
001311 15 
002438 96 
001613 45 
000775 20 
001273 79 
000800 5 
002215 121 
002337 77 
001625 12 
000756 5 
001717 12 
002176 67 
001250 1 
000615 5 
002189 33 
002671 20 
002251 100 
001902 9 
000387 23 
000187 137 
001834 79 
002854 35 
001339 12 
001514 83 
002877 16 
000262 96 
001680 47 
000905 35 
002254 24 
000253 73 
002253 6 
001659 54 
000679 53 
000075 52 
000599 4 
001726 13 
000317 41 
000938 21 
001469 128 
001455 118 
001148 55 
001980 46 
001307 20 
002048 79 
002080 88 
002037 128 
002978 24 
002173 33 
000636 5 
001117 21 
001268 46 
001286 30 
001473 3 
002658 34 
002034 99 
001210 55 
002528 79 
000744 84 
002623 20 
000287 14 
000956 84 
000153 80 
002995 4 
002168 30 
000762 5 
000478 92 
000985 20 
002056 54 
001812 46 
000263 33 
001082 22 
000430 79 
000250 94 
002958 50 
002801 44 
000020 134 
002510 66 
002786 6 
000659 128 
002965 33 
002040 63 
000807 37 
001510 65 
002301 123 
000922 20 
000819 5 
002652 52 
000343 17 
000354 22 
000521 15 
002866 50 
000016 51 
003000 44 
000843 20 
000565 22 
002175 33 
002982 44 
000052 138 
002381 40 
002068 57 
002819 24 
002697 66 
001595 46 
001906 21 
000395 103 
002087 56 
000832 5 
000448 24 
001324 46 
000972 20 
002201 24 
002521 40 
001856 79 
000043 36 
002777 20 
001388 130 
002736 22 
001384 117 
001377 139 
002520 58 
000431 10 
000076 27 
001252 55 
000639 5 
002420 22 
001922 44 
000156 15 
001873 45 
001177 14 
000353 81 
002581 31 
002698 35 
001372 12 
001868 47 
002542 28 
000695 49 
002981 50 
000814 130 
001498 45 
002277 33 
001794 47 
000120 83 
002650 9 
001939 40 
000159 39 
000747 23 
000190 110 
002339 33 
002298 8 
000957 95 
000852 114 
002338 55 
002734 12 
002565 20 
002121 22 
001226 56 
002314 31 
002566 66 
001843 43 
002158 79 
001915 47 
000065 110 
000850 20 
002180 26 
002893 24 
001802 133 
002207 117 
000741 5 
002753 35 
000524 26 
000955 64 
002675 140 
002224 24 
001617 47 
001215 39 
002450 84 
002139 64 
001419 56 
001385 70 
002242 24 
000887 59 
001331 34 
000840 5 
001239 100 
001821 94 
002885 50 
000588 65 
000064 56 
000297 54 
002235 34 
002939 16 
001099 1 
002721 12 
001122 46 
001308 139 
000678 5 
001022 65 
001321 126 
002798 17 
002691 22 
000451 21 
000811 33 
002268 33 
002156 54 
000443 113 
001555 35 
000164 73 
001563 125 
002308 58 
001771 86 
002591 80 
001422 20 
002208 114 
001761 117 
002412 31 
001220 17 
002409 12 
001072 17 
002445 4 
000133 6 
001572 1 
002799 44 
001609 58 
001355 35 
000144 27 
001163 14 
002223 47 
002840 24 
000303 17 
002601 66 
002812 24 
000381 90 
002481 33 
000802 84 
000315 32 
002811 24 
000360 3 
001537 106 
000255 73 
002079 40 
000847 5 
000721 9 
001279 46 
000920 5 
002564 20 
000613 12 
001018 31 
002209 39 
001638 47 
001691 47 
001754 20 
000688 5 
000008 51 
000584 48 
001878 47 
000117 103 
002304 34 
001334 116 
002795 24 
000979 20 
001571 45 
000961 33 
001263 1 
000872 97 
000079 120 
001764 105 
002575 45 
001389 125 
001141 1 
000324 53 
001683 12 
001464 10 
000549 12 
000925 5 
000174 96 
000548 22 
000736 43 
001583 45 
002951 87 
000437 30 
002767 3 
002541 87 
001690 56 
002138 43 
002889 33 
001248 87 
000238 36 
002756 90 
000748 53 
000096 15 
002522 66 
000046 97 
000728 84 
002725 105 
002007 28 
002919 50 
000898 109 
000953 20 
000818 15 
000191 117 
001752 46 
001019 2 
001705 35 
001940 23 
002273 24 
001437 13 
000763 5 
000503 95 
002455 8 
000586 5 
002757 11 
002682 22 
000424 124 
002058 15 
002934 20 
002171 79 
002649 50 
002353 82 
001267 138 
002908 46 
002006 55 
002769 8 
001475 97 
001871 12 
000540 4 
001285 1 
000946 20 
000575 83 
000119 6 
000787 20 
001227 1 
002789 22 
000110 14 
002477 21 
000784 20 
001952 4 
002578 62 
002717 31 
001119 42 
002258 24 
000215 51 
000779 20 
001551 130 
000310 54 
001161 55 
002533 66 
000219 59 
000429 111 
002622 9 
000713 61 
002141 96 
002284 33 
000009 9 
002906 38 
001662 47 
001221 86 
002179 92 
000596 5 
002857 45 
001472 1 
002296 34 
002226 24 
000517 4 
001588 17 
002016 78 
002449 1 
001663 43 
001874 9 
001217 48 
001806 54 
001333 46 
000675 5 
000820 20 
000432 17 
002746 22 
001069 20 
001774 44 
000314 110 
002303 33 
002737 39 
000061 21 
001963 14 
000683 84 
001908 86 
002766 111 
001153 14 
000890 104 
000945 31 
002057 116 
001336 20 
001862 23 
000645 5 
001887 45 
000527 51 
000507 28 
001231 1 
002927 46 
000717 96 
002024 33 
001842 111 
001017 49 
001969 17 
000055 39 
000050 79 
000767 109 
002475 134 
002157 22 
000810 37 
002071 34 
000377 21 
000737 5 
002580 2 
000595 5 
000349 111 
000094 23 
001249 1 
002788 24 
002883 108 
002567 66 
002375 12 
002509 68 
001682 35 
002962 4 
000136 41 
002465 105 
000936 46 
001715 7 
002988 100 
000778 5 
001135 27 
001679 93 
001665 10 
000708 97 
000561 37 
000654 22 
001271 79 
002808 108 
000418 95 
001879 9 
000987 19 
002538 108 
000131 58 
000848 20 
001150 88 
000025 15 
001805 54 
001890 67 
001528 30 
002204 35 
002276 82 
001023 99 
000873 84 
001567 105 
000226 68 
002023 117 
001470 8 
001462 141 
001057 46 
002432 12 
002670 33 
002228 24 
000948 57 
001909 23 
002059 54 
000355 115 
000068 94 
001698 47 
000722 5 
000146 56 
000416 17 
001531 16 
002949 44 
000172 123 
000727 5 
001896 29 
000056 32 
000139 83 
002244 24 
000450 17 
001998 11 
000989 45 
000970 35 
000137 41 
001897 23 
000175 54 
001966 125 
000386 73 
001725 20 
002741 33 
000445 35 
001102 1 
002781 108 
001828 82 
002922 82 
001884 54 
001290 34 
001582 4 
000090 103 
002451 22 
001306 14 
002101 34 
002049 20 
002178 35 
001030 105 
001330 55 
000040 58 
001013 35 
000944 20 
000666 12 
002327 33 
000453 54 
000781 20 
002987 68 
001149 46 
000178 108 
002185 56 
000337 15 
001919 111 
002167 8 
002979 46 
001557 106 
002890 108 
001601 30 
001642 47 
000352 14 
000625 5 
002241 31 
002519 66 
002478 26 
001552 96 
002184 33 
002561 50 
002090 43 
000724 87 
000699 5 
000359 45 
002868 44 
001322 46 
001614 47 
002980 35 
002563 20 
001526 105 
000619 5 
000466 115 
001435 22 
002733 108 
001420 46 
002496 84 
001703 3 
002128 34 
001988 32 
000492 2 
002869 20 
001766 46 
002474 64 
002459 7 
001789 54 
002938 100 
001482 25 
002657 66 
001136 30 
001936 12 
002378 1 
001581 10 
000480 45 
002266 53 
000103 22 
001479 136 
000743 5 
002775 8 
000054 24 
000988 99 
002619 66 
000069 35 
000718 138 
001101 1 
000334 17 
002417 90 
001392 20 
001240 46 
000785 15 
001174 1 
001159 14 
001316 93 
001138 30 
000128 27 
001584 6 
001975 6 
001262 103 
002695 6 
001107 116 
000951 67 
002123 9 
001130 4 
002898 50 
001559 46 
000462 35 
000640 5 
000758 5 
002637 20 
000930 21 
000231 54 
001320 20 
000556 5 
000544 22 
002547 20 
002488 4 
002399 33 
002486 125 
000099 3 
001431 14 
001251 84 
001888 105 
001900 47 
001006 125 
001471 14 
002061 23 
002310 3 
000295 7 
002402 84 
002674 84 
002790 108 
002354 45 
000160 40 
001237 142 
000651 5 
000910 13 
002816 24 
002620 47 
001558 107 
000321 17 
000015 49 
000976 84 
002456 22 
001447 35 
000463 10 
002944 44 
001693 47 
001720 24 
000644 95 
000620 5 
000652 5 
000254 45 
001882 47 
000874 143 
000467 144 
000754 34 
002611 71 
000942 17 
000883 20 
000292 93 
000234 73 
002943 68 
001305 20 
001767 143 
001519 75 
002272 43 
002841 45 
002098 34 
002418 46 
002026 41 
001486 123 
001242 46 
000535 99 
000526 110 
001426 46 
001081 104 
002685 17 
000590 54 
000674 5 
002678 66 
002155 34 
001347 93 
001376 93 
000836 68 
000252 144 
000667 62 
002210 35 
001872 107 
000391 27 
001468 1 
002548 50 
001363 46 
000795 63 
001985 17 
001934 79 
002105 22 
000682 5 
001206 1 
001078 75 
002895 17 
002395 3 
000152 51 
001525 105 
002771 22 
000828 5 
001255 20 
000525 26 
001266 20 
002070 9 
000406 63 
000258 35 
002838 24 
002437 45 
000186 32 
002092 29 
000474 17 
000813 20 
002389 79 
001167 105 
000365 39 
002936 44 
001859 12 
001351 17 
002364 40 
000330 123 
000513 51 
000663 5 
000346 15 
001604 47 
000833 5 
000684 5 
002629 37 
001677 47 
002947 46 
000773 20 
000067 3 
001951 40 
002706 10 
001716 79 
002421 8 
000235 53 
000646 56 
002466 45 
002348 58 
001667 1 
001823 44 
002078 106 
001139 55 
000542 35 
001314 20 
002896 33 
000201 26 
001964 47 
001296 55 
002362 21 
000307 39 
001309 111 
000130 56 
000396 83 
002864 6 
001930 133 
000327 55 
000192 14 
000723 5 
001855 14 
000308 75 
001065 17 
001398 20 
000496 110 
000385 29 
000583 5 
000398 6 
002933 27 
001630 39 
000162 14 
001335 87 
002724 108 
001104 23 
000937 109 
001040 38 
001367 76 
001275 14 
002749 25 
001927 85 
001950 56 
002069 45 
000570 94 
001160 46 
001561 30 
001592 1 
001881 47 
002530 10 
002082 87 
000048 56 
000030 59 
001596 68 
001926 20 
000502 3 
001847 23 
002502 17 
002755 108 
001186 14 
001269 49 
002559 84 
001857 84 
001863 47 
001795 43 
002648 89 
002550 50 
000433 73 
002302 33 
000997 6 
002855 56 
002791 100 
000367 85 
001077 49 
001079 8 
000261 17 
002347 35 
000557 59 
002067 33 
000573 137 
002912 16 
002274 10 
000600 5 
002661 10 
002042 43 
000420 22 
002137 8 
001303 15 
001247 87 
001233 55 
001449 86 
002267 77 
002356 54 
002205 109 
001813 54 
002220 21 
001467 102 
000276 83 
000706 5 
002335 79 
000454 41 
000114 14 
000072 104 
002029 116 
002131 22 
002935 46 
002064 90 
001826 47 
002584 20 
002290 125 
000919 87 
000452 51 
002624 99 
002453 8 
001515 45 
002393 23 
001566 83 
000740 84 
002413 84 
001654 1 
000105 37 
001858 65 
002821 108 
002887 41 
002722 109 
000242 97 
002479 108 
001989 15 
001570 1 
001620 20 
000097 21 
002516 75 
001191 55 
000085 33 
001719 22 
000010 125 
000879 5 
001340 46 
000774 20 
001386 109 
000277 37 
001409 45 
001593 46 
001373 20 
000089 22 
000091 124 
000281 32 
001907 64 
001485 62 
001824 143 
001325 59 
001427 55 
000993 121 
000366 131 
002072 57 
000677 5 
002027 24 
000999 55 
001190 55 
002359 24 
001760 54 
002289 54 
001343 20 
000095 55 
001287 101 
002147 128 
000168 27 
000497 6 
001750 68 
002324 82 
000715 61 
001540 20 
000332 41 
000220 120 
002482 97 
002937 44 
002772 22 
002535 134 
001538 90 
000532 56 
001865 47 
002797 44 
002309 3 
001981 32 
000306 9 
001650 100 
000197 96 
001165 1 
001619 3 
001147 55 
000495 52 
000111 21 
001109 22 
001270 14 
002562 75 
000370 17 
000794 20 
000927 139 
002322 31 
001816 54 
000397 36 
001179 55 
001216 100 
000798 20 
001299 1 
001063 71 
000419 22 
000376 77 
002512 18 
000471 130 
001542 144 
002608 38 
002351 8 
002631 115 
002990 35 
001762 21 
000799 39 
002060 21 
001487 20 
000539 56 
002676 2 
002330 13 
000984 87 
000481 22 
001480 39 
000224 2 
000673 5 
001394 14 
002985 44 
000995 36 
000581 5 
001046 21 
000078 34 
002596 50 
002996 44 
001759 54 
000827 27 
000126 27 
001253 1 
001961 45 
002770 35 
001597 18 
000577 83 
001576 130 
000622 5 
000768 20 
001230 86 
001341 20 
000660 83 
002853 33 
002888 124 
001518 6 
002758 66 
002974 46 
002785 44 
000260 14 
000283 17 
002683 6 
001615 136 
001185 1 
001974 47 
002523 117 
000456 15 
002369 47 
000435 52 
000300 36 
001763 70 
002485 37 
002865 50 
001933 39 
000439 22 
002374 33 
002025 6 
002452 83 
002613 50 
001627 4 
000293 17 
001838 13 
000279 32 
000656 85 
001059 56 
000733 5 
000554 145 
002143 9 
002914 16 
001901 31 
002294 54 
001192 74 
001527 45 
001996 85 
001357 120 
001695 47 
000776 20 
000427 57 
001787 75 
001187 34 
002198 90 
002275 24 
000866 5 
001710 96 
001793 100 
001246 55 
000901 15 
002748 117 
001529 106 
000602 5 
001292 46 
000218 17 
002269 118 
000214 68 
000036 54 
002443 4 
000368 33 
000013 10 
000477 64 
001721 103 
002283 10 
002744 24 
001085 35 
002904 45 
001633 2 
000014 68 
002112 76 
002783 50 
001024 35 
000965 62 
000608 5 
002062 47 
000436 68 
000018 51 
002813 24 
001783 21 
001804 92 
002397 34 
002256 24 
001115 9 
002390 33 
001954 35 
000345 10 
002844 105 
002600 14 
002647 8 
001718 47 
000033 56 
000373 39 
000658 83 
002221 24 
001087 71 
002457 46 
002929 22 
002249 24 
001317 3 
000861 20 
001608 94 
000045 75 
001535 146 
002878 33 
002971 24 
000490 54 
000504 35 
002261 79 
000134 33 
002109 92 
000691 5 
002075 120 
002149 22 
000975 21 
002999 44 
000777 111 
000789 23 
002569 20 
000364 80 
002358 105 
000796 5 
001937 46 
001629 47 
001277 20 
002593 22 
000940 49 
001506 20 
002490 93 
000648 5 
001004 107 
002525 89 
002111 110 
001173 55 
000484 28 
001811 32 
000053 76 
000243 94 
002084 55 
001986 17 
001203 22 
000739 104 
002169 33 
001300 147 
001020 35 
002093 22 
000837 90 
002125 34 
001745 10 
000369 56 
000268 97 
000729 5 
002493 2 
002552 39 
001520 52 
001034 26 
001713 47 
002334 31 
000296 105 
001849 93 
000626 83 
000278 106 
000498 84 
000485 15 
001521 22 
000183 125 
000971 21 
001852 35 
002225 24 
000685 116 
001769 47 
002976 97 
002085 43 
001181 22 
002051 12 
000755 20 
000509 15 
002546 99 
002357 24 
001982 46 
001439 122 
001446 22 
000142 35 
000865 5 
002232 23 
002323 39 
001011 84 
000849 17 
002560 50 
002780 27 
001995 40 
000888 144 
000118 73 
002162 22 
000546 35 
001790 23 
002214 33 
001977 90 
002233 24 
001984 46 
001397 123 
000275 79 
000705 84 
001025 48 
001591 67 
001565 105 
001743 45 
000384 139 
001430 20 
002610 20 
002911 12 
001830 45 
000177 51 
001360 20 
002428 111 
002568 43 
000831 20 
002556 50 
001643 47 
002462 22 
001634 12 
000623 83 
002921 8 
000859 14 
000642 83 
002307 34 
000835 39 
002711 66 
001499 75 
000338 27 
002447 56 
001448 2 
002654 33 
001965 29 
001685 54 
002529 58 
001144 14 
002966 44 
001706 56 
002924 44 
001739 47 
002708 6 
000790 20 
002305 38 
000969 35 
001668 143 
001689 14 
001899 40 
000210 60 
000023 69 
001445 98 
