0 2.182997703552246
001958 1 
002088 2 
001395 3 
001521 4 
001099 4 
000394 5 
000029 6 
000100 7 
000352 8 
002021 9 
001353 10 
001145 11 
002856 12 
001226 6 
000298 13 
001786 14 
000127 15 
002758 16 
001597 15 
002028 10 
002997 17 
000682 18 
000046 19 
001437 20 
002748 3 
000302 21 
002649 22 
001608 23 
000637 24 
000548 25 
001266 14 
001271 26 
000679 27 
002613 22 
002157 28 
000706 18 
001509 8 
000111 12 
002354 29 
002178 30 
002049 14 
000283 5 
001101 4 
000561 31 
000564 32 
000578 18 
001820 24 
001951 16 
001560 33 
000300 18 
001923 30 
001066 21 
002039 34 
000535 11 
002924 1 
002766 19 
002227 35 
000274 13 
000395 34 
000193 36 
000099 37 
001202 38 
002631 39 
002246 3 
001229 40 
000541 41 
002389 26 
000042 33 
000956 42 
002329 43 
002621 44 
001136 31 
001598 6 
000206 3 
002260 45 
000004 32 
000621 21 
000536 10 
002361 42 
001491 27 
000293 46 
000928 47 
002301 48 
001661 23 
000433 49 
000749 18 
000608 18 
000614 18 
000789 50 
001989 49 
000784 14 
001793 35 
002030 51 
002472 52 
000797 14 
002186 53 
001673 54 
000714 49 
002213 55 
001966 6 
000528 51 
001637 31 
000051 21 
002816 56 
000292 57 
001431 38 
000221 58 
001824 3 
002460 59 
001552 60 
002161 43 
002546 15 
002767 37 
002964 16 
001154 30 
000814 61 
001947 35 
001590 62 
002699 63 
002673 14 
002365 56 
000005 42 
000726 57 
002456 4 
001948 64 
002681 53 
000007 65 
001105 35 
001293 12 
002710 66 
001630 15 
002849 43 
000526 67 
001927 19 
000912 21 
002097 24 
001855 38 
000774 14 
000590 23 
000903 18 
002600 31 
001968 68 
002930 52 
001684 10 
002704 30 
001847 35 
002583 14 
001662 51 
000307 46 
000517 65 
001614 51 
001587 44 
003000 1 
002572 10 
000041 69 
000367 19 
001652 37 
000589 14 
000011 33 
002687 60 
001239 42 
002337 70 
002689 4 
002342 53 
002338 38 
002657 16 
001827 7 
002947 12 
001376 61 
002797 53 
001219 38 
001127 20 
001987 6 
000322 24 
002923 22 
001407 12 
001563 44 
000397 65 
001434 10 
002146 71 
002191 44 
000772 14 
001242 12 
002739 72 
002770 30 
001146 73 
001656 23 
001754 14 
000112 30 
001698 51 
002668 7 
002535 74 
002692 14 
001525 42 
000331 8 
002697 16 
000256 58 
000158 75 
000319 8 
000631 33 
002207 44 
000315 23 
001826 51 
002960 12 
001545 60 
000855 14 
002016 66 
002398 35 
000347 20 
000599 76 
000856 18 
000443 33 
002333 53 
002001 12 
002848 16 
001534 41 
000762 18 
002012 46 
002901 1 
001358 35 
001638 51 
001078 21 
001991 72 
000966 43 
002276 77 
002195 72 
000587 18 
000066 2 
000937 58 
002485 52 
000731 34 
001235 38 
001132 78 
001472 38 
002317 7 
000757 79 
002250 72 
002515 22 
002256 56 
002953 72 
001594 19 
001609 81 
002052 23 
000798 14 
001269 13 
001774 71 
000249 40 
000108 58 
002419 53 
002750 4 
002129 82 
001901 4 
002891 43 
002763 83 
001505 27 
002318 12 
001393 82 
000228 15 
002602 12 
002037 54 
002684 30 
000976 7 
000886 49 
002596 22 
000225 84 
000917 44 
002183 51 
002403 85 
002625 86 
001675 51 
002238 53 
002046 44 
001527 7 
002287 53 
000488 58 
002783 22 
001733 86 
001326 38 
001768 23 
002778 7 
002035 30 
002628 22 
002804 30 
002253 39 
000559 29 
001696 49 
002426 4 
001653 10 
001454 12 
002455 55 
002677 87 
001065 5 
002616 40 
001261 12 
001992 88 
000871 14 
000231 23 
000018 50 
002552 44 
001574 42 
000955 32 
001072 89 
002527 10 
000305 36 
001702 4 
000791 18 
002610 14 
001929 30 
001256 11 
002779 43 
000665 64 
000219 78 
000188 64 
002961 22 
002990 30 
002066 17 
001932 90 
001538 41 
000601 18 
002617 42 
000930 46 
002210 30 
001166 38 
002768 91 
002357 56 
000522 61 
000304 46 
002067 53 
000758 18 
002170 10 
000261 89 
002299 7 
001952 35 
002497 92 
000368 53 
002071 43 
001643 51 
001679 57 
002189 53 
000988 11 
002427 56 
001081 55 
000910 31 
001164 31 
002033 67 
001302 86 
000383 6 
001769 51 
000611 18 
001381 14 
002281 86 
002107 21 
001172 38 
002998 12 
000082 43 
000152 50 
002429 4 
000962 93 
002785 90 
000202 68 
001306 94 
000672 18 
002023 44 
000055 21 
000439 83 
002438 60 
002391 52 
001422 14 
001537 62 
000166 93 
002502 46 
001129 14 
001005 92 
002839 16 
002029 95 
000914 31 
000482 85 
000500 31 
001797 35 
000919 53 
001903 51 
001194 94 
002962 35 
002151 26 
000162 8 
002926 1 
000813 14 
001238 12 
002733 39 
001405 44 
000076 58 
001163 94 
002075 81 
002794 83 
001488 38 
002703 77 
001398 14 
002025 85 
001777 96 
002288 53 
002983 37 
001876 10 
001834 26 
001909 35 
002705 40 
000404 97 
000232 44 
001334 95 
002332 26 
001042 68 
001448 24 
002590 14 
001914 16 
000606 18 
001249 38 
002821 39 
002445 35 
001143 38 
002441 21 
002922 77 
000204 52 
000785 13 
002373 90 
000014 98 
002208 70 
002905 22 
000676 44 
002885 22 
002603 99 
000465 72 
000775 14 
001935 63 
000496 93 
000803 14 
000170 100 
002449 4 
002169 7 
000959 89 
002965 53 
000446 28 
001457 73 
002002 37 
001423 43 
000896 52 
000429 19 
002658 43 
001735 55 
000196 15 
002556 22 
000547 53 
001828 101 
002897 1 
001585 13 
001567 42 
002549 55 
002746 83 
000088 53 
000633 18 
001959 86 
000583 18 
000257 44 
001090 15 
001814 24 
001411 30 
000048 81 
001651 74 
001530 26 
001248 82 
001503 14 
000059 58 
002731 48 
002683 102 
000073 43 
001811 75 
000474 89 
002577 63 
001382 12 
000124 58 
001217 42 
000881 59 
001336 14 
002399 47 
001148 38 
001354 38 
000336 93 
001495 53 
002230 63 
001917 61 
002486 3 
000181 82 
001451 58 
002543 48 
000617 18 
000121 15 
000109 53 
002790 39 
001962 85 
001579 86 
001704 93 
000750 12 
000684 18 
001724 51 
002545 14 
000172 79 
000103 28 
002458 53 
000773 14 
002232 35 
000416 89 
000491 92 
001165 38 
001141 38 
002769 90 
001329 33 
001378 10 
001399 69 
001612 25 
001400 61 
000830 103 
001308 14 
001352 14 
001602 12 
002728 64 
000182 26 
001681 51 
001688 51 
000178 100 
000694 50 
002400 54 
002678 16 
001012 101 
001916 7 
000286 21 
000899 24 
000894 102 
002086 46 
002913 40 
001851 53 
000701 35 
001455 66 
001404 76 
001187 9 
002235 43 
001224 104 
002096 45 
002608 72 
002083 95 
001919 72 
002175 53 
002915 40 
001142 38 
002630 20 
002966 1 
002372 12 
000276 33 
001297 12 
002171 26 
001562 14 
001843 21 
001408 37 
001645 51 
001971 35 
001593 12 
001370 10 
001323 55 
001605 84 
000867 18 
000946 14 
001300 105 
000980 52 
001856 26 
000222 15 
001994 94 
000922 14 
001433 24 
001074 52 
001895 26 
002393 35 
000138 30 
002578 84 
001364 14 
002831 56 
002504 53 
001029 14 
000603 35 
002701 93 
000837 41 
001837 79 
001001 64 
001818 88 
002100 2 
002184 53 
001040 72 
000440 97 
002496 7 
000095 38 
002743 58 
002000 16 
001179 38 
000269 49 
000033 72 
000200 26 
001489 30 
000229 36 
001139 38 
001610 23 
000303 105 
001550 14 
001938 45 
002665 7 
000135 64 
002799 1 
000809 62 
000680 18 
001957 6 
000841 18 
000481 28 
002379 26 
001708 51 
002749 68 
002544 14 
000689 66 
001604 51 
000686 50 
001436 12 
000288 96 
000703 30 
000502 37 
000120 33 
000365 21 
002435 29 
000558 15 
001317 37 
000562 72 
002143 105 
001152 50 
001556 29 
001978 66 
002599 22 
002229 23 
002280 43 
002307 43 
000667 106 
002793 72 
000725 13 
000574 107 
002806 46 
001121 79 
000234 99 
000907 69 
000342 19 
001189 38 
000083 35 
002777 14 
000189 30 
001672 20 
000550 11 
000805 62 
002397 43 
002553 93 
002203 21 
002792 101 
000544 25 
000478 74 
002304 43 
000817 35 
002753 30 
000398 85 
000935 14 
000655 13 
002269 66 
000708 24 
001010 14 
002018 61 
000251 71 
000974 85 
001225 53 
000786 27 
000281 23 
002857 61 
001478 7 
002974 12 
000792 14 
002346 107 
000778 18 
000675 18 
001790 35 
001218 38 
000938 15 
000430 36 
001013 30 
001654 38 
001711 7 
000556 94 
000187 108 
000167 61 
000995 109 
001237 110 
000477 32 
001027 58 
001761 44 
001808 24 
000057 111 
000209 36 
002511 49 
002380 35 
002506 64 
001498 7 
000426 89 
002645 70 
001559 12 
000242 62 
002757 84 
001570 38 
000570 93 
001267 96 
002194 37 
002247 63 
002048 36 
002881 36 
002532 26 
001174 38 
002283 86 
001557 112 
001178 38 
002619 16 
002654 53 
001930 51 
000651 18 
002634 38 
001518 85 
001017 13 
001501 14 
001460 86 
001231 38 
000560 44 
001409 36 
001974 51 
000738 18 
002564 14 
001745 86 
001295 31 
000826 10 
000624 64 
000220 103 
000258 30 
001282 112 
002775 55 
000926 85 
000217 36 
000511 26 
002367 85 
001588 89 
000593 7 
000493 50 
000332 28 
002829 11 
002216 26 
000415 92 
002132 38 
001045 28 
001908 88 
000645 18 
001823 71 
001039 30 
001508 72 
002271 43 
000639 18 
000944 14 
002615 6 
002585 63 
000195 8 
000575 33 
002362 44 
000818 13 
000958 113 
002765 111 
002711 16 
000897 6 
002772 36 
000840 18 
001396 47 
001862 35 
000636 18 
000721 42 
000255 48 
002118 43 
002005 35 
001731 37 
000192 8 
001773 10 
001484 29 
002989 59 
001206 38 
001819 35 
002951 82 
002862 12 
001504 86 
001420 12 
000453 23 
001418 10 
000197 60 
002918 40 
002457 12 
000534 50 
000878 18 
001037 76 
000460 97 
000487 70 
001892 1 
000681 44 
002453 54 
000419 28 
001350 12 
000877 18 
001650 35 
001900 51 
002330 31 
001709 31 
002105 4 
000454 28 
001414 14 
002876 22 
000580 27 
000125 58 
001898 72 
000339 21 
001416 89 
002858 70 
000090 114 
000447 30 
002106 1 
001893 45 
001150 115 
001925 42 
001848 3 
001918 42 
000997 85 
000734 18 
000628 96 
002609 43 
002512 20 
001939 16 
001240 12 
000330 48 
001428 79 
001469 116 
002388 85 
001578 72 
002626 93 
000545 28 
002693 38 
002614 14 
000369 108 
002642 5 
002802 74 
001222 38 
002396 56 
002991 53 
000994 42 
000458 28 
002402 7 
001337 7 
001443 7 
000737 18 
001564 4 
002601 16 
002061 35 
002986 82 
000736 11 
001442 72 
000933 117 
001021 83 
001993 44 
000661 33 
001033 46 
000423 5 
002450 7 
002805 90 
001061 116 
001044 106 
000289 68 
000471 31 
002326 53 
002174 53 
001088 12 
001907 81 
001912 112 
002877 40 
000227 32 
000761 6 
000577 33 
000092 24 
000515 114 
002364 16 
000271 4 
000518 23 
002384 55 
002202 7 
001046 15 
002718 14 
002836 56 
002914 40 
000960 53 
001388 31 
002482 93 
000769 63 
002371 24 
002520 81 
001860 10 
001228 38 
000985 14 
001813 23 
001402 49 
002295 7 
002871 12 
000847 18 
001961 7 
002900 1 
001160 12 
001806 23 
000469 93 
002940 1 
000969 30 
001197 31 
001792 3 
001967 118 
000341 119 
002298 55 
002315 63 
000900 67 
001069 14 
001186 38 
001343 14 
001576 87 
000693 82 
000588 93 
002254 56 
000131 81 
002423 4 
001397 79 
000554 120 
002323 21 
000656 106 
000445 30 
002650 42 
001483 38 
000094 40 
001157 121 
000768 14 
001386 58 
002937 1 
000134 107 
002931 1 
001051 49 
001721 108 
002854 30 
001566 122 
000859 103 
000552 72 
001543 86 
002376 7 
002302 53 
001490 13 
000609 11 
000349 85 
002297 53 
001700 10 
001622 51 
000613 10 
002488 35 
001833 72 
001717 10 
000710 11 
000573 123 
002869 14 
000744 42 
000704 18 
000925 18 
000183 3 
002788 56 
000243 93 
002807 74 
000371 28 
002076 51 
000441 31 
000654 28 
002709 4 
000709 13 
001383 10 
000024 34 
002141 60 
001118 63 
000934 103 
000858 64 
001227 38 
000509 49 
001003 84 
002274 86 
002723 43 
002300 7 
002470 69 
002909 40 
002999 1 
002392 56 
002131 36 
001782 92 
002009 10 
002032 21 
000765 13 
001669 51 
000486 89 
000237 96 
001211 94 
002349 16 
001071 44 
000713 11 
002461 14 
000646 72 
002932 1 
002906 85 
001458 85 
001692 61 
000616 93 
000671 18 
002671 14 
002791 14 
002185 72 
000901 49 
002789 83 
000986 53 
002110 94 
001392 14 
002969 53 
000207 74 
002313 63 
000031 13 
000259 67 
001265 13 
000174 60 
001283 38 
001292 12 
000860 18 
001170 109 
001618 25 
000444 72 
002698 30 
000808 14 
001180 38 
001016 35 
002774 21 
000494 30 
001195 31 
001931 16 
001857 7 
002410 53 
001467 64 
001216 35 
001309 72 
000973 79 
001766 12 
000442 89 
001659 23 
001444 92 
000690 123 
000764 14 
001272 42 
002522 16 
002444 12 
001133 52 
000017 7 
001232 12 
001439 113 
001660 23 
002069 29 
001247 82 
001906 44 
002257 63 
002934 14 
001115 42 
000615 18 
002125 43 
000422 49 
001788 1 
000918 18 
000586 18 
001144 38 
002663 16 
002745 83 
000077 58 
000191 6 
001234 52 
002165 1 
002007 25 
001345 38 
002167 55 
001549 104 
000002 65 
000640 18 
000376 104 
001697 51 
002479 77 
001936 10 
002478 64 
000746 27 
002666 16 
000643 18 
000190 119 
002109 74 
002309 37 
000012 58 
000354 25 
002622 42 
002529 107 
001360 14 
000201 64 
001611 29 
001686 4 
002667 16 
000448 56 
002014 58 
001934 26 
001514 7 
001988 6 
000882 18 
001190 38 
001059 72 
001762 15 
002980 30 
000116 72 
001385 77 
001926 14 
001867 51 
000407 15 
002995 35 
001366 20 
001028 30 
002840 56 
002102 84 
001945 14 
001502 7 
002889 53 
001625 10 
002464 92 
002316 77 
001933 21 
000326 20 
000941 21 
001298 12 
002643 107 
001095 2 
002471 124 
001805 23 
000853 31 
001920 16 
001103 46 
000779 14 
001130 35 
002725 42 
002569 14 
002089 76 
000141 24 
002239 43 
001749 46 
000390 23 
000821 18 
002612 37 
000698 18 
002846 58 
001209 38 
000485 13 
001137 38 
001736 17 
002036 115 
001331 79 
002985 1 
002439 72 
002344 26 
001606 125 
000025 13 
001356 10 
000102 15 
000629 18 
001730 51 
000993 112 
002719 42 
002407 4 
000009 42 
001067 57 
000364 116 
002887 28 
001014 102 
000401 58 
002197 51 
002865 22 
002054 16 
000039 52 
002112 34 
000865 18 
000346 13 
002115 16 
000386 19 
002868 1 
000788 75 
000208 36 
001054 6 
002101 43 
001737 55 
001335 53 
000049 58 
002019 16 
000670 18 
001689 94 
002623 14 
001829 1 
002164 36 
000294 86 
002707 64 
000895 14 
002513 102 
002103 61 
000984 102 
001113 44 
000632 33 
001547 104 
000213 38 
002063 16 
001781 31 
002459 52 
002214 1 
001676 101 
001476 58 
002160 36 
001832 12 
001809 1 
001924 6 
000224 126 
002641 77 
000524 108 
000230 36 
002124 82 
002159 36 
002744 56 
002781 39 
001714 51 
002251 35 
000584 101 
002547 14 
001124 5 
000829 14 
002038 39 
002010 16 
002982 1 
000822 14 
001250 4 
001205 44 
001779 29 
001727 108 
000399 76 
002140 64 
002782 82 
000892 55 
000748 27 
001464 86 
001897 1 
000038 24 
002912 40 
001510 96 
001849 76 
002237 53 
001649 51 
002566 16 
000373 21 
001162 81 
002311 68 
002700 30 
001738 29 
002065 35 
002385 36 
001288 32 
001092 7 
001147 38 
000295 52 
001743 7 
000978 14 
000260 103 
000159 49 
001153 38 
000971 83 
002796 115 
002662 35 
001671 1 
000846 10 
002286 47 
002819 56 
001540 42 
002116 34 
002837 114 
002079 16 
002044 35 
002163 81 
000514 28 
000068 93 
000538 43 
001706 127 
001852 30 
002917 35 
000310 23 
000801 46 
002508 29 
002911 27 
001084 46 
002533 16 
000126 58 
000069 30 
001535 30 
001245 42 
001760 23 
000150 30 
001755 53 
002180 108 
002646 66 
001387 30 
001864 56 
000921 23 
002780 58 
002431 4 
000437 31 
002218 53 
002568 62 
000852 81 
000673 18 
000061 44 
002853 53 
000265 122 
002713 128 
001324 12 
000457 85 
000597 18 
002047 129 
000983 53 
002716 63 
000210 130 
001767 52 
002929 83 
000203 15 
000348 118 
001871 10 
001785 12 
001085 30 
002352 42 
001110 79 
000702 79 
001541 42 
001838 117 
000635 18 
001449 88 
000835 49 
001674 58 
000268 122 
001858 48 
002494 53 
002147 116 
002640 4 
000810 96 
001123 4 
001646 51 
002861 12 
001207 58 
002156 75 
000982 35 
001035 37 
002558 14 
001771 88 
000052 43 
000306 42 
001647 51 
001555 30 
001954 30 
001038 60 
000727 18 
000370 5 
002648 27 
001221 88 
002413 7 
001363 12 
000105 52 
001678 51 
001286 38 
002452 66 
001720 56 
001728 10 
000576 18 
001497 102 
001996 19 
001995 16 
002127 51 
002375 27 
001580 122 
001355 30 
001685 23 
001094 36 
001874 42 
001158 32 
001403 58 
001109 4 
002987 98 
001726 15 
001116 38 
000436 46 
001815 85 
001499 21 
002353 77 
002467 73 
002495 79 
001036 12 
000211 46 
000054 56 
000780 14 
002587 22 
000387 23 
002422 4 
002992 63 
000147 72 
000499 15 
000620 18 
000996 14 
001795 36 
001861 131 
000794 14 
000510 36 
002137 55 
001854 63 
000168 58 
001883 89 
001607 51 
001866 10 
002655 77 
001453 25 
001759 23 
002882 5 
000759 18 
002114 3 
002727 85 
002057 95 
002952 1 
002498 32 
000662 30 
002561 22 
002605 14 
002152 36 
002686 14 
001294 27 
000663 18 
002523 3 
000530 50 
001273 26 
001946 72 
000060 38 
000949 122 
001648 49 
001682 30 
000282 30 
001184 20 
002988 14 
002606 14 
002244 56 
002205 58 
001536 1 
002176 45 
002825 84 
002822 56 
001327 103 
001571 7 
002484 16 
000854 18 
001904 30 
001277 14 
001284 38 
000519 37 
001526 7 
000806 125 
002680 52 
002637 14 
000711 10 
001722 56 
000050 36 
000644 9 
001007 37 
000802 7 
002133 32 
002055 30 
001311 49 
001791 1 
000850 14 
000425 38 
000417 37 
000001 52 
001482 68 
001410 14 
002773 38 
001830 29 
001270 38 
000177 50 
002404 13 
001565 7 
000513 50 
000537 50 
001287 128 
000920 18 
001463 66 
000362 30 
002243 56 
001140 35 
001655 51 
001658 51 
000337 13 
000767 58 
001349 72 
000435 96 
001863 51 
001055 37 
001533 42 
002660 89 
002720 72 
002759 22 
000408 53 
001263 38 
002541 82 
002872 91 
002898 22 
001318 12 
001330 38 
002437 122 
000381 41 
001553 31 
002113 30 
002580 24 
001956 42 
002358 77 
000579 52 
000479 35 
001748 14 
002308 81 
001783 15 
002040 126 
000420 28 
000626 33 
000040 107 
001168 69 
001481 12 
002448 30 
001060 28 
000081 69 
000947 86 
000074 72 
001126 12 
000557 102 
002041 96 
002795 56 
001253 38 
001725 14 
001632 5 
001589 38 
001596 46 
002291 86 
000542 30 
001462 131 
000508 49 
001182 63 
002462 4 
000489 72 
001125 27 
002242 56 
001542 36 
000389 53 
000218 89 
001018 63 
001246 38 
002855 85 
001629 51 
001291 24 
000463 86 
002518 98 
002473 26 
000862 30 
000527 50 
002351 55 
001963 38 
000284 122 
002306 122 
001471 38 
001087 73 
000873 42 
000591 13 
002382 2 
001577 4 
000065 114 
001083 50 
002551 22 
001280 52 
000605 18 
002737 61 
000730 7 
002006 3 
000353 130 
000954 79 
001401 12 
002627 86 
002182 13 
001922 1 
001380 14 
002714 66 
000035 23 
002776 22 
001406 39 
002240 41 
002386 85 
000020 74 
000623 33 
002592 14 
002099 82 
002355 109 
002314 63 
001275 38 
001784 103 
001082 28 
000164 105 
001703 37 
001177 38 
002814 56 
000199 36 
001233 38 
002928 14 
001516 112 
001882 51 
000409 89 
000143 23 
000023 56 
000205 49 
001213 6 
001365 12 
001006 115 
000642 33 
001699 51 
002688 53 
001344 121 
000385 76 
000889 117 
002729 84 
001086 36 
000173 23 
000532 129 
002812 56 
001340 12 
001106 14 
000400 38 
002735 22 
000641 18 
002880 14 
000720 18 
000391 5 
000936 12 
002363 78 
000139 33 
001149 12 
000787 14 
001586 29 
001119 50 
002874 81 
002845 56 
002374 53 
002434 63 
001374 31 
002490 76 
000953 14 
002638 96 
001196 38 
002574 43 
002436 94 
001575 7 
002669 14 
002754 43 
001290 79 
000129 23 
002425 4 
002867 22 
001332 38 
000161 44 
000932 118 
001389 3 
002888 113 
002085 99 
001853 23 
002335 26 
001379 14 
000421 36 
002405 4 
002480 36 
000287 8 
002432 27 
001865 51 
001041 84 
000133 109 
002787 35 
001894 47 
002565 14 
001080 132 
002994 45 
002111 70 
002390 53 
000136 28 
001214 12 
002895 5 
002721 126 
000212 44 
002296 43 
002139 32 
000275 36 
002050 84 
000089 25 
000751 28 
002293 86 
000299 2 
002950 1 
000568 61 
001627 35 
000262 63 
001729 10 
002724 39 
000316 62 
002130 36 
000104 35 
001615 5 
002024 122 
001070 38 
002584 14 
000927 122 
002369 51 
002454 52 
000366 133 
002588 29 
000529 50 
000045 61 
000309 44 
001506 14 
001551 87 
000449 107 
001375 88 
000572 93 
001135 58 
001204 38 
002263 56 
001173 38 
001319 14 
000600 18 
002148 26 
001960 12 
000834 63 
000942 89 
000063 34 
001683 10 
000987 2 
002134 12 
000333 27 
002633 77 
002264 5 
001896 26 
002236 109 
001167 77 
000630 18 
001885 42 
002539 30 
002136 12 
002708 109 
002272 99 
002415 4 
000824 18 
001223 38 
002348 81 
000461 5 
001859 10 
000160 76 
000740 14 
000008 50 
002162 36 
000372 132 
002696 14 
002080 44 
000084 23 
001873 7 
002417 41 
002907 44 
001507 12 
002817 56 
000428 13 
000290 79 
002695 95 
001554 115 
000240 86 
001944 35 
001198 31 
000770 14 
001624 29 
000402 44 
001664 40 
000155 30 
000619 18 
002571 22 
001091 38 
000296 42 
000431 86 
000280 4 
002020 21 
000582 18 
002815 56 
002933 59 
002331 98 
002595 111 
002068 77 
000719 18 
001657 51 
000723 18 
002920 56 
000596 18 
000970 30 
001600 52 
000699 18 
000977 12 
001104 40 
002717 95 
001339 10 
001817 76 
000951 87 
001212 38 
001429 13 
001670 134 
000427 39 
002908 12 
000176 85 
000080 85 
000594 5 
001348 14 
001515 7 
001546 104 
002847 55 
002150 26 
000492 24 
000989 122 
001447 30 
001975 109 
000755 123 
000825 18 
000495 38 
000800 18 
001002 10 
001626 23 
000848 14 
002060 41 
002074 84 
001468 38 
001965 63 
000888 36 
002828 56 
001712 10 
002859 10 
001789 23 
002321 16 
001079 55 
002925 40 
001886 104 
001371 39 
000140 37 
002158 26 
002285 77 
001665 86 
000410 44 
000013 86 
002199 21 
000405 7 
002740 22 
001098 4 
001220 89 
002967 1 
000793 14 
002292 86 
001842 6 
000952 79 
001910 42 
001210 38 
002893 56 
000975 15 
000475 13 
001942 35 
000216 36 
002824 22 
000501 93 
002756 10 
002064 10 
000472 89 
001584 109 
002732 56 
001635 23 
000539 72 
001979 30 
001131 12 
002492 12 
000991 12 
001305 14 
002943 98 
001009 76 
002894 18 
000875 79 
000497 135 
000312 55 
000132 65 
000252 125 
001315 14 
001519 61 
001048 2 
002168 31 
000137 28 
001752 12 
000648 18 
000595 18 
002559 7 
002339 53 
000585 18 
000811 53 
001803 60 
002412 63 
002090 99 
000279 23 
000360 37 
000030 102 
002341 59 
002122 85 
002463 53 
001732 83 
001427 38 
001264 14 
000351 23 
001430 14 
002119 7 
002483 72 
002108 20 
002098 43 
000028 14 
001878 51 
000148 107 
000660 33 
002509 40 
000022 85 
000571 85 
002017 16 
000047 97 
000752 85 
000650 49 
001887 7 
002826 56 
000869 18 
002842 56 
000891 35 
001321 114 
002356 75 
001052 49 
002381 16 
000828 18 
001022 96 
002166 55 
002598 87 
002830 56 
001663 20 
000034 24 
001844 75 
001512 76 
001417 59 
002860 56 
002209 61 
001058 37 
001520 7 
000598 28 
001011 7 
000861 14 
001642 51 
000010 65 
000091 3 
001075 74 
001985 89 
000790 14 
000263 53 
000712 18 
002305 125 
002094 113 
002864 85 
000149 64 
002653 123 
001244 4 
001415 14 
002741 53 
000079 49 
002530 86 
002212 85 
002652 96 
002892 12 
000998 7 
000036 23 
002120 10 
001413 39 
000235 132 
000350 124 
000324 132 
000003 102 
001031 7 
002368 112 
002959 1 
001756 23 
002903 59 
001477 21 
001274 7 
000816 14 
001049 49 
001241 103 
001419 102 
000939 49 
000396 33 
000782 18 
002011 55 
000863 18 
001816 23 
002430 4 
002996 1 
000504 30 
002475 136 
002639 22 
000384 122 
001750 46 
000311 92 
001619 37 
002241 63 
002031 137 
001941 102 
000905 30 
000521 13 
002153 81 
001778 12 
001691 51 
001780 10 
002350 43 
001230 88 
000760 18 
001812 12 
002674 7 
001368 12 
001734 21 
000664 18 
002607 29 
002916 40 
000743 18 
002226 56 
002808 39 
002501 130 
001513 102 
000027 30 
002586 14 
001015 44 
000967 78 
001601 31 
001973 1 
000683 7 
002579 113 
000864 18 
000992 64 
000915 6 
002084 125 
002521 76 
000186 75 
001765 31 
000923 18 
000075 5 
002224 56 
002810 7 
002752 47 
000741 18 
002334 63 
002582 22 
001744 21 
000820 14 
002192 56 
001117 15 
001710 63 
000157 73 
000832 18 
001359 31 
002528 26 
000503 9 
002611 73 
002870 14 
002984 1 
002045 21 
001981 75 
002378 4 
001057 12 
001347 76 
002958 22 
000356 21 
002360 53 
002820 79 
000724 82 
001977 138 
000245 38 
001299 38 
002722 45 
000393 73 
001747 10 
002624 20 
000086 93 
000747 50 
001181 4 
002228 56 
001316 76 
002091 16 
001102 4 
000913 29 
000963 51 
000555 11 
002347 30 
002863 128 
002834 53 
000107 38 
002008 89 
000438 1 
001801 12 
000171 79 
002656 55 
001986 89 
001372 10 
002123 42 
001677 51 
001159 94 
001128 52 
002058 49 
002370 27 
002059 23 
000827 58 
002416 4 
000285 33 
002712 52 
002726 43 
002899 3 
002591 139 
001441 12 
002188 15 
002319 53 
002570 138 
002004 16 
001251 7 
001955 121 
002154 37 
001257 38 
000056 75 
000483 109 
000044 53 
001822 15 
001544 38 
000321 89 
001342 14 
002135 36 
002971 56 
001438 79 
000238 65 
001798 35 
001810 28 
001004 104 
002803 102 
002514 42 
002290 3 
001200 34 
000301 86 
000943 7 
002265 34 
001260 38 
002294 75 
000464 60 
000006 115 
000842 51 
001869 69 
000327 38 
002282 60 
002576 4 
001465 1 
000893 28 
002062 51 
000695 13 
000388 23 
000604 18 
000843 14 
000323 21 
001868 51 
002879 14 
002275 56 
002531 29 
002468 56 
002946 43 
001281 94 
000831 14 
001905 85 
000456 103 
000308 139 
002121 36 
002051 27 
001303 49 
000329 38 
002977 21 
001705 138 
001719 4 
000480 77 
002919 22 
002510 16 
000118 34 
001972 23 
001558 104 
002734 27 
001030 113 
000467 140 
002440 141 
002249 56 
002594 7 
001970 51 
001199 136 
001357 103 
001902 42 
001976 4 
000777 85 
000569 93 
001787 77 
002636 16 
002277 53 
002941 12 
001093 76 
001258 86 
001999 122 
000085 107 
001666 42 
002685 89 
000756 18 
002144 62 
002200 7 
000512 49 
002902 22 
000732 69 
002221 56 
002320 105 
000531 35 
002345 12 
000766 14 
001480 21 
002003 37 
001362 72 
002491 22 
000375 49 
001634 10 
002784 83 
001185 38 
001715 64 
002536 26 
002081 85 
001794 51 
000239 30 
000128 58 
000355 92 
000165 85 
001511 94 
002875 58 
001320 14 
002477 15 
000473 25 
001998 123 
002481 7 
002043 35 
002408 43 
002138 99 
002411 35 
000098 8 
001840 5 
001024 30 
002015 58 
002948 1 
000450 89 
000551 50 
002694 22 
000277 52 
002267 105 
000179 26 
000434 50 
001341 14 
002852 12 
001592 38 
001644 35 
001517 62 
000742 34 
000868 14 
001770 14 
000484 25 
002022 58 
002938 14 
002324 77 
002359 56 
000781 14 
000549 10 
001964 51 
002833 56 
000783 93 
001890 45 
001008 46 
002394 2 
000674 18 
002204 30 
000687 18 
000876 42 
000459 50 
001990 23 
001911 41 
001268 12 
000753 104 
000122 30 
000700 18 
002811 56 
001445 142 
001949 19 
002233 56 
002087 85 
000032 102 
002155 43 
001751 63 
002072 77 
000070 89 
002838 56 
002647 55 
001120 30 
002813 56 
001191 38 
001532 77 
002851 55 
001243 104 
000266 72 
002421 1 
001459 59 
001913 35 
000505 49 
002325 53 
000340 5 
002604 126 
002620 51 
002234 63 
000799 125 
000931 21 
002540 7 
000745 18 
000979 14 
002424 4 
000062 23 
001776 51 
001603 10 
002927 12 
002955 42 
000142 30 
002786 102 
001568 30 
000194 36 
000647 33 
002082 82 
000361 133 
002747 72 
000058 65 
000359 29 
002672 35 
001569 61 
002117 125 
002340 136 
002095 30 
000924 12 
002042 99 
000278 58 
002201 56 
002944 1 
002273 56 
000382 30 
002193 51 
001452 37 
001391 52 
001025 106 
002442 22 
001953 95 
000067 37 
001056 12 
001740 143 
002077 82 
002343 17 
000114 38 
000246 38 
001440 75 
001023 20 
000981 72 
000412 33 
002262 55 
001063 73 
000117 114 
002890 39 
002690 31 
000248 54 
000666 10 
002651 22 
000093 106 
000115 68 
001377 144 
002303 53 
000119 85 
001982 12 
002181 10 
000163 58 
000264 42 
002978 56 
001314 14 
000247 44 
002428 72 
000776 14 
000553 64 
001114 14 
002474 32 
000581 18 
000845 18 
001461 26 
002476 22 
000652 18 
001171 38 
002942 22 
002936 1 
001369 50 
000898 45 
002921 55 
000677 18 
000015 49 
000968 85 
001107 95 
000241 77 
001255 14 
002322 63 
001937 12 
000685 95 
000169 65 
001640 4 
001134 66 
002420 4 
001879 42 
001716 26 
000272 24 
001474 10 
001254 94 
001548 43 
000215 50 
002597 14 
000345 86 
000839 126 
001616 88 
002196 145 
001836 14 
000796 18 
000413 7 
001713 51 
000343 89 
000948 43 
002222 85 
001758 104 
000378 39 
001492 79 
000739 121 
002542 100 
000053 61 
000019 50 
001310 14 
002270 53 
002451 4 
000999 38 
001390 63 
000096 49 
001500 14 
002310 37 
002555 14 
000180 50 
001599 23 
000717 14 
000185 30 
000468 31 
000904 14 
002702 35 
000072 121 
002573 14 
001899 16 
002554 14 
002395 60 
002516 29 
001208 12 
002078 76 
002866 22 
001064 140 
001529 7 
002206 54 
000659 48 
002818 56 
001839 37 
002443 35 
001077 13 
000455 146 
001384 121 
002383 107 
000403 32 
000990 7 
001446 4 
001473 37 
000678 18 
001617 51 
001252 38 
001984 12 
000823 14 
000964 69 
000836 98 
001034 64 
000175 23 
000940 49 
000692 18 
000335 54 
000874 64 
002827 30 
002056 23 
000198 8 
000297 75 
002832 4 
001531 63 
001746 128 
000123 33 
000379 28 
002581 95 
002211 86 
002173 7 
002053 82 
000916 18 
001872 104 
002742 147 
000612 18 
001772 6 
002336 148 
000957 9 
001633 24 
001888 7 
002993 22 
002661 86 
000909 42 
000507 28 
000357 33 
001424 73 
002873 1 
002401 4 
001155 30 
001723 102 
002682 4 
000668 18 
000887 85 
001285 38 
000334 89 
000154 8 
001421 30 
002550 22 
001841 14 
000722 18 
000374 63 
000313 24 
001850 63 
001623 23 
000043 65 
000972 14 
002972 1 
000523 30 
000418 9 
000763 18 
000658 33 
000705 7 
000733 18 
002499 16 
002751 56 
000945 63 
002217 73 
002801 1 
002409 27 
001807 7 
001019 24 
001470 10 
000908 37 
001694 46 
000273 32 
001494 43 
000520 82 
000815 42 
000819 18 
000735 42 
001523 12 
001639 51 
002910 12 
001701 31 
001122 12 
002177 108 
001915 51 
001884 23 
002593 4 
000380 30 
002252 56 
000344 83 
002149 36 
002145 16 
002567 16 
001943 73 
001804 74 
002823 53 
002537 72 
001262 114 
002013 77 
001425 35 
001595 12 
000233 130 
000795 27 
001707 10 
002904 29 
001821 93 
002563 14 
002406 13 
002560 22 
000113 125 
001000 32 
002266 132 
001583 29 
002548 22 
002970 27 
000226 98 
001043 31 
001193 37 
001450 73 
002446 125 
001764 42 
001667 38 
002589 27 
002377 41 
000849 89 
000622 18 
002142 73 
000214 98 
000771 18 
000338 58 
000804 111 
002261 26 
001183 109 
001169 38 
000037 18 
000106 53 
000363 23 
000851 139 
001741 46 
002414 27 
000857 14 
001466 1 
000566 10 
000250 93 
002525 32 
001475 62 
002503 41 
000318 36 
001201 38 
001108 13 
002279 26 
000653 27 
000071 85 
001668 47 
002659 29 
001175 38 
001089 10 
002957 39 
000411 42 
002883 39 
002387 32 
001026 79 
002092 124 
000540 35 
000602 18 
001333 12 
002843 56 
001435 4 
002220 44 
002466 7 
002762 72 
000838 18 
002736 83 
001628 7 
000807 52 
000883 14 
001485 38 
000638 36 
000424 5 
000728 42 
001997 38 
000377 44 
000525 64 
002487 52 
002524 73 
000151 115 
001581 86 
001950 72 
001775 14 
000627 18 
002850 84 
001846 51 
000144 58 
000718 119 
002575 104 
002632 72 
000567 70 
001881 51 
002489 22 
001156 79 
002223 51 
001432 50 
002760 66 
002172 55 
002187 35 
000880 18 
001076 81 
000625 18 
002935 12 
002976 62 
001367 100 
002231 56 
000618 18 
001325 85 
001983 149 
000691 18 
002835 43 
002289 75 
001690 109 
001351 46 
002844 86 
002507 62 
002730 53 
001831 10 
001687 51 
001693 51 
000466 101 
001188 14 
001192 146 
000146 85 
002255 64 
000325 54 
002706 86 
001763 77 
000707 7 
000715 11 
001835 48 
002884 52 
001112 4 
002128 43 
000902 30 
000688 18 
002215 47 
001631 3 
002278 30 
002500 103 
001940 35 
001825 35 
000101 42 
000291 5 
002493 100 
000879 18 
001456 43 
000392 30 
000087 25 
002284 53 
002715 22 
001276 38 
001524 12 
000476 89 
001695 51 
001296 38 
002093 36 
001138 38 
002073 149 
001236 98 
000833 18 
000592 33 
002979 12 
001621 50 
001636 10 
000110 8 
001161 38 
000223 33 
001053 28 
001312 24 
002771 83 
002104 47 
002981 22 
000254 150 
001073 38 
001620 42 
001493 94 
002691 4 
000546 30 
002526 16 
000950 37 
001572 8 
000844 92 
000064 102 
000414 53 
002433 53 
000885 104 
000452 50 
001259 98 
000657 33 
001880 12 
001582 35 
001487 14 
001486 151 
001328 29 
002418 12 
002738 83 
002268 53 
000078 43 
002070 42 
002809 16 
000870 18 
002469 22 
002248 75 
000451 15 
001020 30 
001561 31 
001980 12 
000697 51 
001742 12 
000812 14 
002973 1 
000911 18 
001522 29 
001050 50 
000506 9 
000406 27 
002366 92 
000184 64 
001877 49 
001718 51 
000610 18 
002675 152 
002034 20 
002534 43 
002327 53 
001969 89 
002679 22 
000021 75 
002219 63 
001426 12 
001591 87 
002225 56 
000328 5 
002755 39 
002519 16 
001875 38 
002538 77 
002975 1 
000267 27 
001891 51 
002664 53 
001757 10 
002179 117 
000866 18 
002945 1 
002886 42 
000490 50 
000607 30 
002465 86 
001739 51 
000153 19 
000890 3 
002939 40 
002328 52 
000270 24 
000097 15 
002259 39 
002618 38 
000965 8 
001800 1 
000872 119 
001573 153 
000533 121 
001068 58 
001100 4 
002761 122 
002126 79 
002312 63 
000716 49 
002198 41 
002949 1 
001539 7 
002954 1 
000470 96 
000565 28 
001799 35 
000462 30 
001278 99 
001796 51 
001870 32 
001394 38 
001346 5 
000696 18 
001176 58 
001753 10 
000929 14 
001215 21 
002635 75 
001373 14 
000244 76 
002800 42 
001680 51 
001313 12 
000649 76 
002644 16 
000314 67 
000156 49 
001304 38 
001151 38 
001802 51 
001047 13 
001641 10 
001307 14 
001928 46 
001496 77 
000026 7 
002245 70 
000016 50 
001322 12 
000884 106 
002670 53 
001361 37 
001845 58 
001613 7 
000498 7 
002841 7 
000516 93 
002968 35 
001479 5 
001412 73 
001096 4 
000543 104 
002505 58 
000634 18 
000432 89 
002676 100 
000729 18 
001289 12 
002258 56 
000317 28 
001921 53 
002562 61 
001338 14 
002878 53 
000320 30 
001032 37 
002026 28 
002190 66 
001111 30 
001889 126 
001528 38 
000754 43 
002629 31 
000563 23 
002447 6 
000669 18 
000253 48 
002956 1 
002517 146 
002963 1 
000358 154 
001279 12 
001301 42 
001203 4 
002557 31 
002798 15 
000130 72 
000145 30 
000961 53 
002896 36 
002764 37 
000906 18 
001097 4 
000236 38 
001062 77 
002027 80 
