0 1.9629175662994385
001292 1 
000596 2 
000237 3 
002825 4 
001291 5 
001400 6 
002517 7 
000672 2 
000333 8 
002888 9 
001436 1 
002500 10 
001396 11 
001029 12 
002146 13 
000231 14 
001802 15 
002711 16 
000143 14 
002040 8 
002945 17 
002403 18 
002492 1 
001764 19 
000982 20 
001012 21 
002698 22 
001081 6 
000172 23 
000558 9 
001227 24 
002592 12 
000339 25 
002855 5 
002320 26 
001158 27 
000650 28 
000314 29 
002732 30 
002383 17 
000550 31 
001191 32 
000632 33 
000153 5 
002129 34 
000111 9 
002938 22 
002894 23 
000730 35 
001597 26 
001872 19 
002399 11 
001103 9 
001468 24 
001410 12 
002460 36 
000108 37 
000481 38 
002902 30 
001078 25 
001564 39 
001480 25 
002019 40 
002043 20 
002672 20 
001216 20 
001369 41 
001406 42 
002617 43 
001140 20 
000528 17 
002033 44 
000266 45 
002131 19 
002300 14 
002431 39 
002695 22 
002992 46 
001853 14 
000348 38 
001487 12 
000832 2 
000241 47 
002692 12 
000356 25 
000905 48 
000521 31 
001137 24 
001734 6 
001573 49 
002110 24 
002235 9 
001738 43 
001620 26 
002703 47 
002706 50 
001051 13 
000064 51 
002954 17 
000737 2 
000867 2 
002633 47 
000577 33 
002665 33 
001849 44 
001177 24 
001314 12 
000994 52 
002137 53 
000271 39 
000369 52 
000099 15 
000597 2 
002537 38 
000016 41 
001115 43 
001882 15 
002122 45 
001333 1 
000291 54 
000789 41 
002873 17 
001888 33 
001212 24 
002002 15 
001569 25 
002115 40 
000957 49 
001108 10 
000557 51 
001753 37 
002511 13 
002494 17 
000489 18 
001326 24 
001615 55 
001428 23 
001448 56 
002531 43 
000144 37 
000524 52 
001026 57 
000530 41 
001112 56 
002737 25 
000219 38 
000612 2 
002823 58 
000740 12 
000858 17 
002374 17 
001129 12 
000123 27 
001807 33 
002375 8 
001515 33 
001203 39 
002417 36 
000281 14 
001294 8 
002748 9 
002754 57 
001873 33 
002483 52 
000600 2 
000817 38 
001557 59 
002310 15 
000782 2 
002813 30 
000717 60 
001798 53 
002578 4 
001679 61 
002486 9 
002485 62 
000113 9 
000158 35 
000495 61 
002865 30 
000682 2 
000260 28 
001249 24 
002871 1 
001805 14 
001720 30 
001988 14 
002117 9 
002401 39 
002866 30 
001090 9 
001355 48 
000929 12 
001195 49 
002387 11 
000028 64 
002629 65 
002721 8 
001463 66 
002133 27 
000825 2 
001276 24 
000628 50 
000069 48 
001993 25 
001013 48 
002606 12 
000516 21 
001981 14 
002204 48 
001486 23 
000102 9 
001390 46 
001495 34 
002183 15 
002101 57 
001306 24 
000500 65 
000080 53 
001736 67 
000766 12 
001654 24 
002526 16 
002333 17 
002324 68 
002767 15 
002513 51 
001509 24 
002539 48 
000342 69 
001443 33 
001577 39 
002747 18 
002845 30 
001073 49 
001688 15 
002830 30 
001847 22 
000159 17 
000055 25 
002831 30 
000063 56 
000313 56 
000959 9 
000205 28 
000132 70 
002536 71 
001984 1 
002326 72 
000337 67 
000085 17 
002465 50 
000242 58 
000791 2 
001394 24 
002026 26 
001425 20 
001467 64 
001497 45 
000077 37 
002851 53 
000094 73 
001709 49 
002708 5 
000138 48 
000843 12 
002872 74 
002412 46 
002789 75 
001821 4 
001490 76 
001345 24 
002739 45 
001062 16 
001488 24 
001860 37 
001891 15 
002013 16 
000759 2 
001149 1 
001578 52 
002712 62 
000073 57 
000228 56 
002440 65 
001493 24 
002488 20 
001007 15 
000809 58 
002506 64 
001940 20 
000130 45 
000983 17 
001102 39 
000664 2 
002505 59 
001057 1 
002305 72 
001354 24 
000222 56 
002149 19 
000693 34 
002162 19 
001461 77 
000586 2 
002937 17 
000956 64 
002838 30 
000745 2 
000733 2 
000476 5 
002870 12 
000735 43 
000005 64 
000962 4 
000660 33 
002138 74 
000070 5 
001836 12 
000921 14 
002145 40 
002859 37 
001933 25 
002094 78 
002005 38 
002263 30 
000049 37 
000254 16 
000503 49 
002849 57 
000083 20 
000734 2 
002595 79 
000061 9 
000024 80 
001634 37 
000506 49 
000522 6 
000827 37 
000970 48 
002329 57 
000924 1 
001269 31 
002781 41 
002875 59 
001600 39 
001464 50 
002551 30 
002192 30 
002489 30 
001731 15 
000585 2 
001248 34 
002166 53 
002372 1 
000477 27 
002274 50 
000799 78 
000318 71 
000469 4 
000402 78 
002946 57 
001175 24 
000104 20 
000512 28 
002575 33 
001687 70 
000997 52 
001774 68 
001482 81 
001347 44 
001592 24 
001689 24 
000620 2 
002393 53 
000185 48 
000457 52 
001831 37 
002613 30 
002582 30 
001160 1 
002051 8 
002939 82 
001266 12 
000103 38 
000468 76 
002278 48 
001607 15 
001322 1 
001781 76 
000131 79 
002063 40 
000828 2 
001496 47 
000587 2 
001806 14 
001627 20 
002784 75 
001692 83 
000531 20 
000264 43 
002456 39 
000777 52 
001867 15 
000141 56 
000552 52 
001730 15 
001717 37 
002191 9 
001746 84 
000787 12 
002993 30 
000763 2 
000473 75 
001920 40 
001284 24 
002410 17 
001662 70 
001004 74 
002262 53 
001209 24 
000653 8 
001614 70 
001710 46 
000785 31 
002929 75 
002815 30 
000995 45 
002025 52 
000898 85 
001647 15 
000581 2 
001551 83 
002281 86 
001819 87 
002344 71 
002953 45 
001349 18 
001776 70 
002630 3 
001941 51 
000538 57 
002436 88 
000096 28 
002959 17 
000464 89 
002014 37 
001382 1 
001156 57 
000220 28 
001747 37 
002585 46 
002546 3 
000770 12 
002907 86 
001828 32 
001727 90 
002168 49 
000329 24 
002366 56 
002037 91 
000112 48 
002529 27 
000967 38 
000432 54 
002288 17 
000149 64 
000908 92 
000261 54 
000376 31 
002520 79 
000019 41 
002969 58 
002988 22 
002663 16 
001998 54 
000274 10 
002626 4 
001128 33 
001642 15 
002139 27 
001432 41 
002066 43 
002125 57 
001883 5 
000269 28 
001939 40 
001650 38 
001611 33 
002962 20 
001117 9 
002000 40 
001079 53 
000364 92 
002064 94 
001711 33 
000034 5 
001726 77 
002173 33 
001537 7 
001659 14 
001305 12 
001698 15 
001735 53 
001417 36 
000279 14 
001795 19 
000935 12 
001572 24 
000363 14 
001961 33 
002568 47 
001440 35 
001424 95 
002847 53 
002395 86 
002099 34 
001565 66 
000708 53 
000386 69 
002229 14 
002024 33 
002175 72 
002400 22 
002328 62 
002075 76 
000987 96 
001678 15 
000659 97 
001568 48 
000856 2 
002118 57 
001991 45 
002213 53 
002893 30 
000527 41 
001956 52 
002077 34 
001750 97 
001596 97 
002837 90 
001904 48 
000287 24 
001835 98 
000268 62 
001874 43 
002793 52 
002425 39 
001506 12 
001788 99 
000644 49 
000647 33 
002319 17 
002342 17 
002577 46 
002165 17 
002614 12 
002768 74 
001996 69 
001919 45 
000210 100 
001264 12 
002930 96 
001331 57 
000622 2 
001265 13 
002086 60 
002116 80 
000564 27 
001966 86 
000200 71 
001437 3 
000015 28 
000209 71 
002726 57 
000834 46 
001098 39 
002337 101 
000692 2 
000684 2 
002477 102 
001119 41 
000582 2 
001721 90 
002525 27 
000120 33 
002176 89 
002227 20 
001606 97 
000295 47 
002258 30 
002985 17 
002237 17 
001449 24 
001190 24 
000009 43 
000311 103 
002370 8 
001165 24 
000478 75 
001729 37 
001066 25 
002382 96 
000505 28 
002141 46 
000355 103 
001256 55 
000038 5 
001704 4 
002790 41 
002593 39 
001748 12 
001749 5 
001258 50 
002574 57 
001146 95 
002819 30 
000941 25 
002915 82 
000640 2 
001093 44 
001070 24 
001126 1 
000656 42 
002690 49 
002354 43 
000419 19 
001231 24 
001143 24 
001172 24 
002474 27 
002224 30 
002664 55 
002089 44 
002228 94 
002661 50 
002481 33 
001719 39 
000203 9 
002679 30 
000811 17 
002981 30 
002480 19 
002631 42 
000370 54 
000195 24 
002610 12 
000502 15 
001584 51 
002484 40 
000887 18 
001768 14 
002688 17 
002702 20 
000298 13 
002058 13 
002246 78 
001107 82 
002919 30 
002041 104 
002874 79 
002475 105 
000233 66 
000930 9 
002918 82 
001147 24 
002275 30 
002567 16 
002913 82 
002579 50 
001167 47 
001978 72 
002047 106 
000643 2 
002038 42 
002911 8 
002885 30 
000736 56 
000685 55 
001591 19 
001295 76 
001715 64 
001670 107 
002004 40 
002955 43 
000808 12 
001626 14 
000991 1 
000985 12 
002668 35 
000361 28 
000330 23 
001778 1 
001476 59 
000598 38 
001700 37 
002608 45 
002496 35 
001635 14 
002549 53 
002603 74 
001042 81 
002968 108 
000109 17 
002010 40 
001544 24 
001416 54 
001232 1 
000128 37 
002434 46 
002186 17 
001552 46 
001395 104 
000616 4 
002418 1 
000661 33 
000365 25 
000965 24 
000701 73 
002416 39 
002509 73 
001368 1 
000591 31 
000504 48 
000623 33 
001325 18 
002844 50 
000157 95 
002773 49 
002749 81 
002979 1 
001005 56 
000840 2 
001399 54 
001527 33 
001420 1 
002612 77 
002912 82 
000007 108 
000869 2 
002119 5 
002109 5 
000602 2 
001289 1 
002042 74 
000595 2 
001323 109 
002571 30 
002398 53 
000892 53 
000835 17 
002364 40 
000837 36 
000739 110 
001562 12 
002462 39 
002082 34 
002081 18 
001862 53 
000774 12 
002744 30 
001096 39 
000630 2 
001559 1 
001315 12 
000216 71 
001856 71 
001556 43 
002053 34 
000292 61 
002001 46 
001530 71 
002681 17 
001902 43 
000227 27 
000542 48 
000857 12 
002090 74 
001633 5 
002522 16 
000217 71 
000720 2 
000830 10 
001977 102 
001638 70 
002242 30 
000174 87 
002927 1 
001257 24 
002135 19 
002507 7 
001293 1 
002933 91 
000322 56 
000324 16 
000270 105 
001206 24 
002285 68 
000754 34 
001159 24 
000427 41 
000004 27 
002642 111 
002006 9 
002501 112 
001471 24 
000565 38 
001517 7 
000357 33 
001999 33 
000955 27 
002381 40 
001316 44 
002421 17 
002563 12 
001925 43 
002350 57 
001197 76 
000474 54 
000247 78 
000201 64 
002883 41 
002752 11 
002203 25 
000181 34 
001668 7 
000350 113 
000875 23 
001273 71 
001618 19 
000847 2 
002007 75 
001864 30 
002479 41 
001742 1 
001358 44 
002069 33 
001757 37 
000345 50 
001383 37 
001740 114 
000731 80 
002924 17 
001763 16 
000588 22 
001380 12 
000862 27 
000177 41 
000455 50 
000373 25 
002564 12 
001105 20 
002598 108 
002148 71 
002541 34 
000961 17 
001811 35 
002775 53 
000601 2 
000317 106 
002699 46 
000783 4 
001869 67 
001843 25 
001268 1 
001348 12 
000593 35 
001262 90 
002349 40 
001344 6 
002956 17 
002922 68 
002039 112 
002743 83 
000915 105 
000283 54 
000186 35 
000453 14 
001037 44 
002622 43 
001501 12 
002307 57 
001745 50 
001477 25 
002359 30 
002504 17 
000696 2 
001168 102 
002766 73 
002365 30 
000849 54 
002323 25 
001765 76 
001936 37 
001771 24 
000548 19 
001188 12 
002114 86 
001817 44 
000607 48 
000973 57 
002674 35 
001820 59 
000814 83 
001733 50 
001303 13 
000796 2 
002487 114 
001088 1 
002247 46 
002778 35 
000511 71 
002367 45 
002982 17 
001640 39 
000288 3 
000076 37 
001023 46 
001661 14 
000100 35 
000750 9 
002396 30 
001353 37 
000306 43 
000316 58 
001793 87 
000072 110 
000309 97 
002926 99 
002560 30 
001032 15 
002296 57 
001401 1 
001313 1 
001405 9 
002899 104 
000678 2 
000826 99 
000666 37 
000335 53 
000124 59 
002449 39 
001240 1 
001267 96 
001985 54 
000366 115 
000285 33 
001381 12 
000488 37 
002787 20 
001582 20 
001871 37 
000134 17 
002756 94 
001460 50 
000958 116 
002197 15 
002841 33 
002596 30 
001967 117 
001684 39 
001895 71 
002742 118 
002550 30 
002852 1 
000037 119 
000954 23 
000118 112 
002452 120 
000392 48 
001301 43 
001135 37 
002277 17 
001124 12 
000599 61 
000492 70 
000615 2 
002801 17 
000918 2 
001478 14 
000788 35 
001716 71 
001896 71 
002439 38 
001545 46 
001224 121 
001913 20 
001854 46 
000756 2 
000841 2 
000273 119 
000572 4 
002682 39 
001230 24 
001357 10 
002251 87 
000167 25 
001909 20 
001278 9 
002691 39 
001491 8 
002272 74 
002111 29 
000540 20 
001824 104 
001162 70 
001438 57 
002084 78 
001816 14 
001064 48 
001550 12 
001690 45 
001865 15 
000910 76 
001714 15 
000062 14 
000800 2 
000780 12 
001414 12 
000689 88 
002314 46 
002463 17 
002895 54 
002521 61 
001236 73 
002380 20 
002905 30 
001707 37 
001812 1 
000579 36 
000778 2 
000293 5 
000460 122 
000035 14 
002573 12 
000543 91 
001901 39 
000998 5 
000257 9 
000371 38 
000081 9 
002420 39 
000497 51 
000729 2 
001022 11 
001641 37 
000446 19 
001696 28 
002723 57 
002659 110 
001777 42 
000517 108 
001520 121 
002994 107 
001009 61 
002177 105 
000433 98 
000276 33 
001047 28 
001724 15 
000282 48 
001885 43 
001541 19 
000646 45 
001893 89 
002161 57 
002591 101 
002220 9 
001178 24 
000039 96 
000336 4 
001125 8 
000541 41 
000943 5 
000383 5 
002384 53 
000885 19 
000240 50 
002448 22 
001675 15 
001489 48 
001388 76 
001929 48 
002725 121 
002209 25 
001163 24 
002896 58 
001288 27 
001377 123 
000243 4 
002361 12 
000569 4 
002190 81 
000218 21 
000649 44 
001937 1 
002222 105 
001299 24 
002806 122 
000757 113 
000146 92 
000289 81 
002760 120 
000560 9 
000059 37 
001625 37 
001930 15 
000221 59 
000232 9 
000926 5 
003000 17 
000147 105 
001131 1 
002357 30 
000084 14 
002185 45 
001671 53 
000244 61 
000771 124 
001077 31 
001255 12 
002476 30 
001238 1 
000182 71 
000795 8 
001182 46 
001752 1 
000576 2 
001456 57 
001458 92 
001132 77 
001946 45 
002635 14 
002394 96 
002558 12 
000304 97 
001797 53 
001261 1 
001161 24 
002556 30 
000786 8 
001818 24 
000212 9 
001282 121 
001973 53 
001952 20 
002335 71 
002502 5 
001318 1 
001455 88 
000571 45 
000465 52 
001758 62 
002810 121 
002616 73 
001421 48 
002524 95 
000117 90 
000461 54 
002451 39 
000621 25 
001528 49 
002020 25 
001270 24 
000978 12 
002221 30 
001694 60 
000712 2 
000405 35 
000430 71 
001631 122 
002694 30 
000518 14 
000769 46 
002730 17 
000046 69 
001792 9 
000467 125 
001796 15 
002347 48 
002210 48 
001655 15 
000810 104 
000690 126 
001637 76 
000758 2 
001982 1 
001446 39 
000753 121 
002261 71 
000307 122 
000482 52 
000162 24 
001254 24 
000923 2 
002917 119 
000852 70 
000449 17 
002826 30 
000652 2 
001186 24 
002248 14 
002317 33 
001989 28 
001075 105 
002995 20 
001201 24 
000609 50 
002594 33 
001309 92 
000912 25 
001581 50 
001243 121 
001055 15 
002975 17 
000040 27 
000031 13 
002590 12 
002297 17 
000732 54 
002052 14 
001931 40 
002298 53 
002250 18 
002153 70 
000388 14 
002200 33 
001067 61 
002532 71 
000377 9 
001673 62 
000249 73 
002325 17 
002833 30 
002031 99 
000044 17 
001702 39 
000456 10 
002132 24 
002719 43 
001813 14 
002055 48 
000415 64 
002073 92 
001979 48 
002223 15 
000115 81 
001080 16 
001801 1 
002255 64 
002065 38 
001848 60 
002343 62 
002700 48 
002134 1 
002750 8 
000170 120 
000749 2 
002796 112 
001441 1 
000523 48 
002605 12 
001657 15 
000713 2 
001221 31 
000917 112 
000804 124 
002011 53 
000525 64 
001965 46 
000722 2 
001866 37 
000977 1 
000746 8 
001987 14 
000471 25 
000338 37 
000567 70 
001855 24 
002619 16 
001878 70 
002280 57 
002299 33 
001024 48 
002127 15 
002792 32 
000626 33 
001605 54 
000053 6 
002740 30 
002353 68 
000196 56 
000645 2 
000066 96 
001810 38 
002910 1 
000424 111 
000399 61 
000784 12 
001887 33 
000284 73 
002714 88 
001360 12 
001253 24 
002552 25 
002618 24 
001063 112 
001686 39 
001769 15 
002253 52 
002059 14 
000904 12 
002970 8 
001142 24 
002218 17 
002812 30 
001452 15 
001772 105 
001251 35 
002680 36 
000553 64 
000829 12 
000198 24 
002023 9 
002469 30 
002036 78 
001144 24 
002686 12 
002478 64 
001166 24 
001027 37 
002249 30 
002644 16 
000603 20 
000387 91 
002799 99 
002861 1 
001336 12 
002653 126 
000805 58 
000953 12 
000493 41 
000697 56 
002032 25 
002771 75 
002832 39 
000166 4 
002646 88 
001370 37 
001576 110 
000485 10 
001744 25 
002584 12 
001423 11 
000155 48 
002358 47 
000592 33 
002142 112 
001756 14 
000379 19 
001028 48 
002828 30 
002339 17 
002689 39 
000067 15 
000119 52 
000003 45 
001518 52 
002239 57 
002113 48 
002814 30 
000412 33 
002974 1 
002252 30 
000838 2 
000250 4 
002271 57 
001505 8 
000533 6 
001976 39 
000272 5 
000344 115 
000278 72 
000466 103 
001330 24 
000574 17 
000280 39 
000368 17 
000023 30 
000760 2 
002976 58 
000836 73 
000086 4 
000845 2 
001903 15 
001975 52 
002652 121 
001538 102 
001016 20 
002856 1 
001141 24 
002231 30 
001951 40 
000353 100 
002405 39 
002923 30 
000008 41 
001522 33 
002829 6 
001560 98 
002120 37 
002234 46 
002627 50 
002717 46 
000236 24 
001651 105 
001145 15 
002611 112 
000950 15 
002304 57 
002056 14 
000539 45 
001069 12 
002701 36 
002557 78 
002497 108 
001339 37 
001639 15 
002906 5 
002705 73 
002535 127 
000764 12 
001109 39 
001247 34 
001723 52 
000202 81 
000872 72 
002404 31 
002107 25 
001554 21 
001222 24 
000976 35 
000889 71 
000952 23 
002545 12 
001153 24 
002898 30 
001949 69 
000633 2 
002645 59 
002736 75 
002746 75 
000886 28 
001099 39 
002049 12 
000142 48 
001799 53 
000816 12 
001091 49 
000082 57 
000156 13 
001041 128 
002243 30 
002003 15 
002450 35 
002150 71 
002798 99 
000184 64 
000611 2 
000618 2 
000881 91 
002219 46 
001229 82 
001986 54 
000319 121 
002169 33 
000161 9 
001636 37 
000362 48 
001076 79 
001889 8 
000095 24 
002776 30 
002921 53 
001280 96 
000334 54 
002581 46 
000459 41 
002163 79 
002709 39 
002095 48 
001321 52 
000509 28 
002181 37 
000448 30 
000447 32 
000975 9 
000779 12 
001045 106 
002544 12 
002931 17 
000347 29 
000127 9 
002091 40 
000340 54 
002021 49 
001089 94 
001465 17 
001019 56 
001470 53 
000974 52 
001039 48 
002230 46 
002466 33 
000551 41 
001052 13 
000375 28 
001851 34 
000484 75 
000888 19 
000401 85 
000263 17 
002602 1 
001783 9 
000992 64 
001773 37 
000821 2 
000472 54 
002385 85 
000944 12 
000451 9 
001643 15 
002445 20 
002632 52 
001877 28 
002044 20 
001312 105 
001531 46 
001439 116 
000394 95 
002862 1 
002881 58 
001767 64 
000676 9 
000824 2 
002977 25 
001513 45 
002027 30 
001508 51 
001703 15 
000302 78 
001151 24 
002467 112 
001630 9 
002950 99 
000480 47 
001610 14 
000561 28 
002245 29 
001761 9 
002848 16 
000773 12 
002363 77 
002157 19 
001343 12 
002621 97 
002289 14 
000842 15 
001785 1 
002685 54 
001297 1 
001210 24 
002016 72 
002731 80 
002493 127 
002415 39 
000718 111 
000041 124 
002877 82 
002160 19 
000012 37 
000663 2 
002990 48 
001015 103 
001959 50 
000584 109 
002454 96 
001960 1 
002241 46 
002199 25 
002427 30 
000359 43 
002660 54 
001870 27 
000853 25 
000105 36 
000235 16 
000695 28 
000194 71 
001561 49 
000617 2 
001879 87 
001049 13 
001056 1 
001916 33 
001157 6 
000514 19 
001595 1 
000634 2 
000385 61 
001543 50 
002604 5 
000850 12 
002295 35 
000714 28 
001542 19 
002718 12 
002311 81 
001583 43 
000090 90 
002035 48 
001837 57 
000308 47 
001311 28 
002009 37 
001935 46 
001171 24 
001363 1 
000743 2 
001590 55 
000922 12 
000211 97 
002916 82 
000384 113 
000691 2 
000709 10 
000403 27 
000702 113 
002377 94 
000999 24 
002085 74 
000544 19 
001208 1 
000404 109 
002667 16 
001083 41 
002225 30 
001945 12 
000442 21 
001524 1 
002991 58 
002196 129 
002308 79 
001934 71 
001533 64 
000559 33 
000861 12 
001134 88 
001502 14 
002824 30 
001947 38 
000087 19 
000546 48 
002785 17 
000463 50 
002512 50 
000815 43 
000854 2 
002050 128 
002158 71 
001665 50 
001006 103 
000234 50 
000395 80 
001603 37 
000189 48 
002070 43 
000614 2 
000437 49 
000164 98 
001844 35 
001219 24 
001200 80 
000820 12 
001547 19 
000515 29 
000776 12 
001469 130 
002045 25 
001963 24 
000487 62 
002625 86 
000793 12 
002508 43 
000583 2 
000578 2 
001412 112 
000748 8 
001850 46 
002206 53 
001787 47 
000566 37 
002301 23 
001838 76 
002763 75 
000580 8 
002903 36 
001290 57 
001593 1 
000803 12 
000259 44 
000458 19 
000725 67 
000116 18 
002151 71 
001104 73 
002772 19 
001842 92 
001298 1 
002345 1 
000547 70 
001755 34 
002226 30 
000418 49 
000047 60 
000310 14 
000878 2 
000721 43 
002332 37 
001525 19 
002447 18 
001728 37 
000947 50 
001808 128 
002908 1 
002901 17 
000150 48 
001213 51 
000408 17 
001340 1 
002423 39 
002607 110 
000806 77 
001454 1 
000846 37 
000625 2 
002868 99 
001880 1 
002600 76 
000193 71 
000331 24 
000122 48 
002864 45 
001384 110 
000312 53 
001082 38 
002184 72 
001043 76 
000741 2 
000883 12 
002390 17 
002647 53 
001404 44 
001858 80 
001942 20 
002498 27 
000018 41 
000354 75 
000258 48 
001263 24 
000863 2 
002468 30 
002734 8 
001529 33 
000060 24 
001612 38 
001994 24 
002623 12 
001095 96 
000519 15 
000422 98 
001570 24 
000860 124 
000013 50 
001829 17 
000372 16 
000389 17 
002470 9 
000420 19 
001494 57 
001712 37 
001800 99 
002965 58 
001567 19 
002123 43 
002046 25 
000938 9 
000494 48 
002762 45 
002839 16 
000638 71 
000428 31 
002290 84 
001308 12 
002820 57 
000305 71 
002428 92 
000909 64 
000409 54 
000716 28 
000981 52 
001442 92 
000920 2 
001307 12 
000088 17 
002533 16 
001649 15 
000513 41 
000110 24 
000680 2 
002017 40 
001725 12 
002379 71 
001894 111 
001827 33 
000398 92 
001274 33 
002967 17 
002753 48 
002172 53 
000662 48 
001185 24 
002194 15 
000797 12 
002140 64 
002878 58 
001695 70 
000738 2 
002729 54 
002836 30 
001782 52 
001462 131 
002963 17 
001453 75 
002461 22 
001926 12 
000679 8 
002949 17 
001558 91 
000822 12 
001857 35 
000042 33 
002650 62 
000213 24 
000772 12 
000323 25 
002336 132 
002376 33 
000931 25 
000979 12 
000303 54 
001992 24 
001260 24 
000092 56 
001044 66 
001365 1 
001207 85 
001622 15 
000022 52 
002889 17 
000949 113 
001106 12 
002205 59 
002426 39 
000423 111 
002126 57 
000175 14 
001287 84 
000208 43 
000499 26 
002188 9 
000071 18 
002850 128 
000635 68 
002561 30 
002887 19 
002782 34 
000021 14 
001685 14 
000925 2 
001038 87 
000613 37 
001310 12 
001356 94 
000045 25 
002759 30 
002897 17 
002707 64 
002106 17 
001971 20 
000129 14 
002530 50 
001427 24 
001621 41 
000239 48 
002327 17 
002609 57 
001604 15 
001917 6 
001743 33 
001097 39 
000665 64 
000454 106 
002777 12 
002330 76 
000687 2 
001020 48 
001003 4 
001846 15 
001516 33 
000520 34 
002392 30 
000178 120 
001918 43 
001250 39 
000204 36 
002900 17 
001337 16 
001366 47 
002980 48 
001130 20 
001713 15 
000290 23 
000048 52 
000160 61 
001521 39 
002733 41 
002651 30 
002783 30 
000933 71 
001196 24 
001018 46 
001924 105 
000068 4 
001387 48 
001133 36 
002693 24 
001059 51 
002080 21 
001598 130 
001415 12 
002360 17 
002867 30 
002464 108 
000406 8 
001304 24 
000286 25 
000707 35 
000946 12 
002909 82 
001697 15 
002096 101 
001184 29 
002321 40 
002794 75 
001154 133 
002419 17 
002313 46 
002356 14 
000667 13 
000252 109 
002195 5 
001546 19 
002510 16 
000700 2 
001285 24 
001693 15 
000604 2 
000986 17 
002755 41 
000906 2 
001669 15 
002947 1 
000526 134 
001194 24 
002232 20 
002678 16 
000545 2 
001914 40 
002957 41 
002817 30 
001834 71 
002279 71 
001908 69 
002751 30 
001653 53 
002757 128 
000706 2 
001225 17 
000673 2 
000762 2 
000378 41 
002860 30 
001852 48 
001683 37 
001372 37 
000744 64 
001068 37 
002802 92 
001861 131 
002270 72 
000654 19 
002268 17 
001826 15 
002373 71 
000868 12 
002316 68 
000848 12 
002015 59 
002028 37 
001092 35 
002971 30 
002964 40 
001444 135 
002174 72 
000139 127 
001619 15 
000326 135 
000341 120 
000554 136 
001040 51 
001183 45 
002437 33 
002797 17 
000238 137 
002519 16 
002528 71 
001279 1 
001084 9 
000648 2 
001897 53 
000253 98 
001732 115 
002935 1 
000328 111 
001434 37 
001972 14 
001539 33 
001000 27 
001418 37 
002518 73 
001164 25 
000728 64 
002932 17 
001574 19 
002941 1 
002999 17 
001928 9 
000183 9 
002067 17 
001035 15 
000790 12 
000358 9 
000942 54 
000173 14 
002720 52 
000594 111 
000470 11 
002805 17 
002362 9 
002840 30 
002435 33 
001648 13 
002722 36 
000165 5 
001485 24 
002677 79 
000251 59 
001085 48 
002657 16 
000400 24 
000802 35 
001969 54 
002572 39 
002553 4 
000029 14 
000642 33 
000927 113 
002998 1 
001061 92 
000452 41 
001957 113 
002334 46 
001932 41 
001825 20 
002414 8 
000380 48 
000536 53 
001762 9 
001575 33 
001841 12 
000352 24 
000294 50 
002391 96 
001169 24 
001116 24 
002346 119 
002072 68 
002543 23 
002458 72 
000091 78 
000960 17 
000001 36 
001646 70 
000683 35 
000382 48 
002637 12 
002523 86 
001492 57 
002178 48 
001252 24 
000627 2 
000916 2 
000705 35 
002315 46 
000619 2 
001645 15 
001510 11 
001422 12 
000320 48 
000224 5 
000214 57 
000573 138 
000078 57 
002892 1 
001413 42 
000440 122 
002217 112 
000343 54 
001033 9 
002944 17 
002676 127 
001859 37 
000491 137 
002472 62 
002628 30 
000932 38 
001921 17 
000686 41 
002727 45 
000255 98 
002639 30 
002207 9 
001875 24 
002943 73 
001223 24 
000296 50 
000710 2 
002060 102 
000641 2 
001868 15 
001334 13 
002216 71 
001737 53 
001839 15 
002008 20 
002264 55 
002312 46 
002649 30 
001352 12 
001511 24 
001602 1 
000190 29 
002424 39 
001373 12 
001296 24 
000556 2 
002713 84 
001111 48 
001189 24 
001892 99 
001121 57 
000698 2 
001218 24 
001886 96 
000988 56 
000327 24 
002960 1 
001180 24 
001708 15 
001555 48 
002155 57 
000668 2 
000874 64 
000057 35 
001054 18 
001503 12 
002858 101 
000017 33 
001435 39 
002254 30 
002124 34 
000135 64 
000002 70 
000438 139 
002827 48 
002459 96 
002809 16 
002687 46 
001346 54 
000568 25 
001192 119 
002846 140 
001087 95 
000426 54 
001114 12 
002804 48 
002745 75 
001181 56 
001466 17 
001699 15 
001536 17 
001008 5 
002987 73 
001155 48 
002978 30 
002879 12 
002433 72 
000871 12 
001498 33 
001138 24 
000866 2 
000768 12 
001954 48 
001205 9 
000180 41 
002835 57 
001122 1 
001779 43 
001962 52 
002770 48 
000864 2 
002769 17 
001617 15 
000346 10 
002368 141 
001275 24 
001320 12 
000051 25 
000969 48 
000121 78 
001317 15 
002914 82 
001968 81 
001393 34 
001217 73 
000844 11 
002284 17 
001286 24 
001995 40 
000479 20 
002658 57 
001571 33 
000075 54 
001211 24 
000575 33 
001457 95 
001804 56 
001036 1 
001790 53 
001876 37 
000964 124 
000655 31 
001021 75 
002293 86 
001234 62 
001204 24 
000902 48 
000441 76 
000984 123 
001881 15 
000206 9 
002105 39 
001409 33 
000501 4 
002062 15 
000532 92 
000742 80 
002788 30 
002673 12 
001335 34 
000590 14 
002286 11 
001905 45 
001451 140 
001174 24 
000606 2 
002882 55 
000176 18 
001214 1 
001784 67 
001481 1 
002340 142 
000413 35 
001391 36 
001342 12 
002078 44 
002890 41 
002201 30 
002936 17 
002446 78 
002764 15 
000349 52 
002514 50 
002322 46 
000884 13 
002843 30 
002891 9 
000265 73 
002786 101 
001624 33 
002587 30 
001179 24 
002098 57 
002071 57 
001563 97 
000882 2 
001431 24 
001283 24 
002276 68 
002034 135 
002934 12 
002156 14 
001389 9 
001681 70 
002984 17 
001549 91 
002079 40 
000011 33 
001629 15 
000439 85 
001367 92 
000972 12 
000711 71 
001483 24 
002371 5 
000670 2 
001193 15 
000126 37 
002306 33 
002670 17 
001927 69 
001338 12 
002012 5 
001060 106 
000199 71 
000629 2 
000410 9 
002741 17 
001741 97 
002443 20 
001199 142 
002761 33 
001202 24 
001300 62 
002765 90 
000014 59 
002951 34 
002620 15 
000657 33 
000537 100 
000968 45 
002589 27 
001666 19 
001663 55 
002402 35 
002212 52 
001136 49 
001594 5 
001459 57 
000483 45 
001245 43 
002583 12 
002179 134 
002780 37 
000694 41 
002601 16 
002074 128 
002121 19 
002547 12 
001540 12 
001579 50 
002061 20 
001472 24 
002724 41 
002455 138 
002257 46 
002352 43 
001601 49 
001534 36 
001907 27 
002389 71 
000812 12 
001371 42 
000154 24 
001329 65 
000043 137 
001241 28 
001419 51 
000879 2 
001950 52 
002559 35 
001484 47 
000360 15 
000056 14 
000880 2 
001319 12 
000027 48 
000681 21 
001239 87 
001514 33 
000136 106 
001535 7 
002259 42 
001378 37 
002989 35 
002104 32 
001001 64 
001863 15 
002265 135 
001065 54 
000397 137 
002920 30 
000054 30 
002294 14 
000179 71 
000508 28 
000301 50 
001553 65 
001664 73 
002634 24 
001002 32 
000079 31 
000996 12 
000727 2 
000229 71 
000819 2 
001398 12 
000989 113 
000030 51 
001658 15 
000562 92 
000226 73 
000006 78 
001228 24 
000445 48 
000033 45 
000966 57 
001682 48 
000894 20 
000669 2 
002211 50 
001359 24 
001407 1 
002554 12 
001397 23 
000152 41 
002669 12 
000223 33 
002490 44 
000703 48 
001667 24 
002666 40 
001445 143 
000855 12 
001833 52 
001587 9 
001526 33 
000114 24 
002097 127 
002338 24 
001101 39 
000207 75 
002534 57 
001148 24 
001822 9 
001411 140 
000890 103 
002972 17 
000900 134 
000833 2 
001246 24 
002983 15 
001242 1 
001983 18 
000870 2 
001660 14 
000674 2 
002457 1 
001375 24 
001677 15 
002599 30 
000140 64 
000490 41 
000914 49 
001616 24 
001672 26 
002214 53 
001899 40 
002562 6 
000813 12 
000215 41 
001944 20 
002180 105 
000315 14 
002187 20 
000417 15 
001030 50 
002087 105 
002102 4 
000137 106 
000747 41 
001475 58 
001123 46 
000794 12 
000036 14 
000026 33 
000658 33 
001403 37 
000450 54 
001402 13 
001259 144 
002351 53 
000752 52 
001271 71 
002958 30 
001450 95 
002422 39 
001053 38 
002438 46 
000245 24 
002152 19 
000277 62 
002442 69 
002159 19 
000589 60 
002208 70 
000971 115 
001948 64 
002570 102 
002624 26 
002388 18 
002378 39 
001760 14 
002182 13 
001324 1 
000168 37 
002273 30 
000928 121 
000025 10 
000807 36 
000444 5 
001780 37 
000151 97 
002791 22 
002143 43 
000755 26 
002266 125 
002430 39 
001048 96 
000781 12 
000901 28 
000865 2 
001953 56 
002341 112 
001198 65 
000101 47 
001050 17 
001628 33 
002444 1 
002538 68 
001272 64 
001759 14 
002684 48 
001379 12 
000767 85 
000751 38 
000963 56 
002716 46 
002291 86 
000169 108 
000074 45 
002973 17 
001884 14 
002167 53 
001139 24 
002569 12 
000993 141 
002054 40 
001500 12 
002303 17 
001906 9 
001094 71 
001385 16 
002432 8 
001739 15 
002648 8 
001504 50 
002565 12 
001632 55 
002103 83 
002516 47 
000267 8 
001034 64 
001830 33 
002586 12 
001845 37 
002108 135 
002641 41 
002215 11 
000145 48 
000332 106 
001974 15 
000248 130 
000374 46 
000381 102 
002548 30 
000321 54 
002240 94 
000637 127 
001588 54 
001332 24 
002842 30 
002638 121 
002615 113 
002283 86 
001215 25 
000431 50 
001011 35 
000192 24 
002655 68 
001176 108 
000436 97 
002735 30 
001691 15 
001943 112 
001281 24 
001900 70 
001187 57 
001017 10 
002233 30 
000688 2 
001566 33 
000639 2 
000570 4 
000934 67 
001408 15 
001170 45 
001361 15 
000534 41 
002996 99 
001823 99 
002715 30 
000197 87 
002482 33 
001803 87 
000496 29 
002640 39 
000937 85 
000980 62 
002429 39 
002076 15 
001302 50 
001814 56 
001656 14 
000396 33 
002369 15 
001706 28 
000148 17 
000798 12 
001751 46 
000624 64 
002287 17 
002029 22 
001010 12 
001519 25 
000911 2 
001623 14 
000896 62 
001474 37 
002822 30 
001362 5 
000107 24 
000351 14 
001548 57 
000651 2 
000390 14 
001473 15 
001118 46 
000555 55 
000300 45 
000171 23 
001277 12 
002355 105 
000416 54 
002966 17 
000765 10 
000429 73 
000187 90 
001840 111 
001915 15 
002318 1 
001890 89 
000631 33 
000951 19 
000163 37 
000414 17 
001074 62 
002144 47 
002147 130 
002018 25 
001031 33 
000877 2 
000818 10 
000823 12 
002256 30 
000873 64 
000246 24 
000230 71 
000907 124 
002057 82 
000897 18 
002236 51 
002884 96 
001754 12 
002925 82 
002154 15 
000792 12 
002238 17 
001911 94 
001328 110 
002309 15 
002193 15 
001652 15 
000699 2 
002491 30 
000891 20 
002643 74 
001718 15 
002580 5 
000895 12 
001152 17 
001447 48 
000058 70 
001980 1 
001923 48 
001058 15 
002331 144 
002411 20 
002292 86 
000093 42 
001235 24 
002386 5 
001014 51 
001701 76 
000948 68 
001794 15 
001110 57 
000191 86 
002088 96 
001532 47 
001997 24 
002683 45 
001955 6 
000724 34 
002112 112 
002282 46 
000677 2 
000106 17 
002948 17 
001964 15 
000903 2 
002302 17 
001433 138 
002471 145 
000775 12 
001233 24 
000859 88 
001429 28 
002030 3 
002128 57 
000990 33 
000498 35 
002942 30 
001608 4 
002136 1 
001990 14 
000065 41 
002654 17 
001815 45 
000275 71 
000726 61 
001680 15 
002597 12 
001150 21 
002202 33 
002662 20 
001364 12 
000411 43 
000831 12 
000913 110 
002566 16 
002093 19 
000391 54 
002269 88 
002189 72 
001374 49 
002406 31 
000723 2 
000262 46 
000899 45 
002244 30 
002164 19 
000719 2 
002441 25 
002068 68 
002407 39 
002876 30 
000936 1 
002803 45 
000421 71 
002198 94 
000010 108 
001938 59 
001120 48 
002928 22 
000535 55 
000549 37 
001585 31 
000299 96 
002171 71 
001386 37 
002758 16 
002863 84 
002818 30 
001676 109 
001392 12 
000089 19 
001644 20 
000098 24 
002100 38 
002397 57 
000510 71 
002260 107 
000704 2 
001970 15 
002795 30 
001046 9 
001507 1 
000940 31 
001430 12 
001809 99 
001912 3 
002940 17 
000608 2 
002886 43 
002527 39 
002540 33 
001071 21 
002413 35 
000297 14 
000050 71 
001512 61 
000225 126 
001775 12 
001244 39 
001922 17 
000851 101 
001786 47 
002696 12 
001226 45 
000563 14 
002671 12 
002853 17 
000605 2 
000443 145 
002473 71 
001599 14 
001025 109 
002588 43 
002816 30 
002811 30 
002738 75 
000188 55 
000407 9 
001173 24 
002800 43 
002961 30 
000462 48 
000671 2 
002704 48 
002834 58 
001958 53 
000715 2 
001351 138 
000425 49 
002092 145 
002710 88 
000636 2 
000529 41 
002267 83 
001766 1 
002869 12 
002997 17 
002952 99 
002904 110 
001499 25 
000610 2 
000486 54 
001479 55 
001086 71 
002130 19 
001705 48 
000325 130 
000020 127 
002503 102 
000839 100 
002022 59 
002807 92 
001674 85 
001341 12 
002083 22 
002857 110 
001791 17 
001613 33 
001523 1 
000801 78 
001580 33 
000097 9 
002495 62 
000475 31 
001789 14 
000367 69 
001898 18 
001722 30 
001910 87 
002555 12 
000761 85 
000919 34 
001426 1 
002808 41 
000393 112 
001770 12 
000507 19 
000435 121 
002697 16 
002048 71 
001832 1 
001586 33 
002986 34 
000133 45 
001589 24 
002499 16 
000032 45 
002170 53 
001376 44 
001327 88 
001113 9 
001350 1 
000256 37 
000893 106 
002408 57 
000052 57 
000876 43 
000939 31 
002821 41 
001127 3 
001220 54 
002728 64 
002854 48 
000125 37 
002453 53 
002779 57 
002880 12 
001072 54 
002774 25 
002636 16 
002656 109 
000434 41 
000675 2 
002409 8 
001100 39 
002515 30 
002348 27 
001609 79 
002542 146 
002576 39 
002675 63 
000945 63 
001237 93 
