0 11.500467538833618
001292 0
000596 1
000237 2
002825 3
001291 4
001400 5
002517 6
000672 7
000333 8
002888 9
001436 10
002500 11
001396 12
001029 13
002146 14
000231 15
001802 16
002711 17
000143 18
002040 19
002945 20
002403 21
002492 22
001764 23
000982 24
001012 25
002698 26
001081 27
000172 28
000558 29
001227 30
002592 31
000339 32
002855 33
002320 34
001158 35
000650 36
000314 37
002732 38
002383 39
000550 40
001191 41
000632 18
000153 42
002129 43
000111 44
002938 45
002894 46
000730 47
001597 48
001872 49
002399 50
001103 51
001468 52
001410 53
002460 54
000108 55
000481 56
002902 0
001078 57
001564 58
001480 59
002019 60
002043 61
002672 62
001216 63
001369 64
001406 65
002617 66
001140 67
000528 68
002033 69
000266 70
002131 71
002300 72
002431 73
002695 74
002992 75
001853 76
000348 77
001487 78
000832 79
000241 80
002692 81
000356 82
000905 0
000521 83
001137 84
001734 85
001573 86
002110 0
002235 87
001738 88
001620 89
002703 90
002706 91
001051 92
000064 93
002954 94
000737 95
000867 96
002633 23
000577 80
002665 23
001849 52
001177 70
001314 33
000994 11
002137 62
000271 97
000369 88
000099 98
000597 68
002537 88
000016 33
001115 94
001882 98
002122 73
001333 16
000291 16
000789 68
002873 62
001888 42
001212 33
002002 9
001569 9
002115 98
000957 86
001108 36
000557 9
001753 35
002511 51
002494 51
000489 99
001326 9
001615 43
001428 52
001448 9
002531 100
000144 68
000524 61
001026 94
000530 101
001112 9
002737 98
000219 87
000612 24
002823 102
000740 55
000858 6
002374 76
001129 61
000123 76
001807 68
002375 30
001515 88
001203 35
002417 68
000281 76
001294 62
002748 52
002754 103
001873 58
002483 50
000600 88
000817 16
001557 51
002310 42
000782 76
002813 0
000717 94
001798 21
002578 76
001679 98
002486 57
002485 68
000113 68
000158 104
000495 98
002865 68
000682 105
000260 51
001249 7
002871 106
001805 23
001720 107
001988 6
002117 63
002401 76
002866 6
001090 52
002675 92
001355 31
000929 108
001195 26
002387 109
000028 7
002629 68
002721 51
001463 28
002133 108
000825 18
001276 86
000628 50
000069 110
001993 52
001013 111
002606 72
000516 26
001981 82
002204 67
001486 26
000102 9
001390 11
001495 37
002183 61
002101 37
001306 70
000500 94
000080 38
001736 21
000766 88
001654 112
002526 72
002333 113
002324 18
002767 76
002513 98
001509 72
002539 6
000342 7
001443 50
001577 9
002747 99
002845 50
001073 114
001688 76
002830 94
001847 33
000159 99
000055 51
002831 22
000063 100
000313 76
000959 45
000205 111
000132 76
002536 86
001984 81
002326 94
000337 72
000085 31
002465 58
000242 57
000791 98
001394 24
002026 6
001425 67
001467 96
001497 108
000077 54
002851 32
000094 11
001709 44
002708 45
000138 15
000843 44
002872 100
002412 31
002789 11
001821 17
001490 111
001345 115
002739 62
001062 116
001488 31
001860 117
001891 118
002013 119
000759 44
001149 88
001578 64
002712 40
000073 63
000228 23
002440 88
001493 120
002488 121
001007 11
000809 94
002506 45
001940 38
000130 38
000983 27
001102 14
000664 7
002505 40
001057 64
002305 64
001354 26
000222 9
002149 13
000693 122
002162 56
001461 123
000586 48
002937 56
000956 124
002838 26
000745 14
000733 68
000476 125
002870 98
000735 7
000005 126
000962 35
000660 127
002138 14
000070 25
001836 9
000921 36
002145 42
002859 29
001933 27
002094 98
002005 94
002263 128
000049 129
000254 58
000503 52
002849 57
000083 12
000734 123
002595 87
000061 62
000024 55
001634 55
000506 94
000522 44
000827 88
000970 28
002329 108
000924 42
001269 38
002781 113
002875 52
001600 9
001464 33
002551 21
002192 99
002489 23
001731 61
000585 11
001248 130
002166 26
002372 70
000477 50
002274 14
000799 100
000318 0
000469 69
000402 72
002946 22
001175 6
000104 64
000512 86
002575 116
001687 52
000997 131
001774 83
001482 79
001347 132
001592 58
001689 111
000620 61
002393 33
000185 21
000457 48
001831 96
002613 133
002582 112
001160 134
002051 37
000945 14
002939 37
001266 14
000103 64
000468 51
002278 6
001607 37
001322 46
001781 53
000131 102
002063 21
000828 33
001496 35
000587 6
001806 88
001627 135
002784 61
001692 6
000531 99
000264 65
002456 51
000777 7
001867 11
000141 94
000552 52
001730 56
001717 33
002191 100
001746 25
000787 33
002993 9
000763 61
000473 46
001920 4
001284 61
002410 100
001662 61
001004 34
002262 54
001209 51
000653 73
001614 11
001710 11
000785 76
002929 37
002815 56
000995 33
002025 11
000898 26
001647 6
000581 8
001551 9
002281 80
001819 76
002344 24
002953 136
001349 111
001776 4
002630 76
001941 67
000538 23
002436 34
000096 24
002959 76
000464 68
002014 37
001382 28
001156 14
000220 51
001747 68
002585 29
002546 42
000770 9
002907 4
001828 11
001727 96
002168 86
000329 69
002366 54
002037 23
000112 26
002529 82
000967 24
000432 61
002288 72
000149 69
000908 51
000261 24
000376 115
002520 100
000019 129
002969 44
002988 11
002663 56
001998 87
000274 99
002626 11
001128 42
001642 136
002139 66
001432 9
001237 55
002066 14
002125 134
001883 53
000269 21
001939 72
001650 11
001611 51
002962 9
001117 68
002000 108
001079 9
000364 54
002064 107
001711 88
000034 36
001726 7
002173 53
001537 98
001659 15
001305 88
001698 86
001735 65
001417 56
000279 57
001795 116
000935 52
001572 10
000363 51
001961 102
002568 17
001440 137
001424 23
002847 64
002395 122
002099 135
001565 17
000708 138
000386 122
002229 125
002024 38
002175 68
002400 125
002328 8
002075 130
000987 102
001678 125
000659 12
001568 60
000856 139
002118 61
001991 98
002213 42
002893 58
000527 70
001956 66
002077 82
001750 129
001596 16
002837 140
001904 79
000287 120
001835 21
000268 116
001874 6
002793 102
002425 51
001506 33
001788 94
000644 47
000647 82
002319 30
002342 69
002577 92
002165 99
002614 72
002768 98
001996 137
001919 87
000210 22
001264 9
002930 7
001331 64
000622 108
001265 88
002086 62
002116 27
000564 70
001966 92
000200 108
001437 88
000015 94
000209 41
002726 107
000834 66
001098 141
002337 77
000692 11
000684 24
002477 42
001119 85
000582 102
001721 26
002525 37
000120 81
002176 9
002227 99
001606 57
000295 26
002258 23
002985 82
002237 88
001449 51
001190 42
000009 64
000311 0
002370 88
001165 33
000478 61
001729 63
001066 68
002382 142
000505 79
002141 143
000355 23
001256 87
000038 65
001704 37
002790 57
002593 7
001748 98
001749 138
001258 144
002574 83
001146 56
002819 33
000941 57
002915 68
000640 87
001093 88
001070 114
001126 17
000656 86
002690 101
002354 14
000419 112
001231 126
001143 71
001172 11
002474 64
002224 14
002664 67
002089 94
002228 14
002661 64
002481 58
001719 108
000203 57
002679 57
000811 87
002981 108
002480 29
002631 42
000370 9
000195 88
002610 86
000502 35
001584 145
002484 21
000887 86
001768 28
002688 108
002702 27
000298 11
002058 52
002246 14
001107 44
002919 22
002041 72
002874 116
002475 52
000233 146
000930 62
002918 101
001147 147
002275 23
002567 28
002913 116
002579 136
001167 14
001978 96
002047 51
000643 52
002038 87
002911 55
002885 30
000736 62
000685 54
001591 88
001295 4
001715 38
001670 108
002004 100
002955 28
000808 69
001626 145
000991 37
000985 88
002668 40
000361 42
000330 40
001778 23
001476 70
000598 86
001700 14
002608 88
002496 14
001635 52
002549 31
002603 125
001042 125
002968 126
000109 55
002010 64
001544 117
001416 148
001232 99
000128 53
002434 14
002186 64
001552 87
001395 27
000616 5
002418 37
000661 51
000365 116
000965 149
000701 16
002416 64
002509 117
001368 86
000591 1
000504 62
000623 51
001325 42
002844 14
000157 58
002773 94
002749 34
002979 116
001005 69
000840 49
001399 8
001527 76
001420 34
002612 58
002912 88
000007 58
000869 24
002119 72
002109 27
000602 98
001289 61
002042 40
000595 86
001323 29
002571 0
002398 76
000892 150
000835 12
002364 94
000837 87
000739 52
001562 0
002462 151
002082 86
002081 57
001862 71
000774 33
002744 14
001096 137
000630 52
001559 94
001315 98
000216 86
001856 5
001556 140
002053 69
000292 23
002001 76
001530 85
002681 9
001902 56
000227 28
000542 98
000857 94
002090 44
001633 88
002522 33
000217 149
000720 152
000830 150
001977 24
001638 51
002242 28
000174 52
002927 45
001257 27
002135 25
002507 33
001293 68
002933 76
000322 28
000324 57
000270 116
001206 55
002285 58
000754 72
001159 51
000427 77
000004 37
002642 25
002006 23
002501 72
001471 54
000565 14
001517 34
000357 33
001999 54
000955 68
002381 125
001316 64
002421 9
002563 136
001925 72
002350 68
001197 69
000474 72
000247 9
000201 153
002883 61
002752 140
002203 67
000181 76
001668 14
000350 14
000875 54
001273 86
001618 137
000847 54
002007 9
001864 56
002479 71
001742 58
001358 44
002069 27
001757 65
000345 4
001383 76
001740 48
000731 52
002924 64
001763 15
000588 14
001380 154
000862 31
000177 107
000455 33
000373 14
002564 0
001105 68
002598 88
002148 51
002541 143
000961 24
001811 94
002775 57
000601 7
000317 52
002699 49
000783 111
001869 61
001843 12
001268 14
001348 8
000593 65
001262 9
002349 140
001344 0
002956 67
002922 86
002039 62
002743 13
000915 76
000283 12
000186 36
000453 35
001037 70
002622 34
001501 64
002307 138
001745 140
001477 42
002359 27
002504 86
000696 33
001168 155
002766 125
002365 57
000849 42
002323 33
001765 33
001936 156
001771 69
000548 88
001188 157
002114 51
001817 31
000607 87
000973 68
002674 54
001820 117
000814 125
001733 56
001303 63
000796 27
002487 73
001088 158
002247 8
002778 132
000511 140
002367 86
002982 14
001640 81
000288 66
000076 100
001023 44
001661 30
000100 17
000750 21
002396 0
001353 125
000306 125
000316 64
001793 66
000072 8
000309 24
002926 24
002560 42
001032 14
002296 13
001401 147
001313 12
001405 126
002899 27
000678 137
000826 0
000666 98
000335 64
000124 88
002449 28
001240 65
001267 36
001985 87
000366 127
000285 115
001381 14
000488 79
002787 57
001582 27
001871 81
000134 107
002756 37
001460 68
000958 45
002197 60
002841 35
002596 23
001967 9
001684 9
001895 33
002742 67
002550 36
002852 97
000037 9
000954 107
000118 41
002452 35
000392 69
001301 120
001135 65
002277 98
001124 11
000599 39
000492 57
000615 7
002801 42
000918 42
001478 70
000788 68
001716 31
001896 14
002439 64
001545 33
001224 36
001913 107
001854 155
000756 92
000841 71
000273 76
000572 32
002682 86
001230 23
001357 86
002251 58
000167 69
001909 60
001278 29
002691 31
001491 86
002272 41
002111 51
000540 24
001824 87
001162 68
001438 140
002084 83
001816 52
001064 14
001550 37
001690 31
001865 55
000910 159
001714 76
000062 12
000800 33
000780 56
001414 76
000689 34
002314 107
002463 69
002895 71
002521 11
001236 38
002380 50
002905 160
001707 87
001812 79
000579 17
000778 30
000293 27
000460 100
000035 67
002573 53
000543 66
001901 93
000998 64
000257 39
000371 125
000081 0
002420 61
000497 98
000729 12
001022 0
001641 94
000446 34
001696 88
002723 86
002659 134
001777 30
000517 21
001520 68
002994 86
001009 81
002177 27
000433 150
000276 161
001047 7
001724 11
000282 88
001885 29
001541 46
000646 88
001893 162
002161 112
002591 125
002220 24
001178 64
000039 55
000336 58
001125 30
000541 62
000943 94
000383 64
002384 143
000885 1
000240 134
002448 28
001675 30
001489 87
001388 24
001929 38
002725 64
002209 81
001163 35
002896 58
001288 69
001377 63
000243 14
002361 136
000569 69
002190 37
000218 88
000649 64
001937 30
002222 86
001299 88
002806 98
000757 6
000146 56
000289 65
002760 92
000560 108
000059 86
001625 12
001930 51
000221 63
000232 67
000926 6
003000 51
000147 136
001131 23
002357 44
000084 115
002185 8
001671 94
000244 162
000771 65
001077 98
001255 63
002476 88
001238 15
000182 9
000795 42
001182 88
001752 40
000576 6
001456 163
001458 164
001132 64
001946 165
002635 166
002394 100
002558 23
000304 115
001797 86
001261 145
001161 57
002556 42
000786 120
001818 82
000212 55
001282 44
001973 98
001952 5
002335 37
002502 159
001318 10
001455 28
000571 116
000465 42
001758 60
002810 98
002616 14
001421 11
002524 0
000117 48
000461 116
002451 42
000621 11
001528 14
002020 87
001270 34
000978 68
002221 102
001694 60
000712 88
000405 87
000430 116
001631 129
002694 167
000518 122
000769 57
002730 34
000046 23
001792 14
000467 94
001796 118
002347 77
002210 14
001655 5
000810 14
000690 161
001637 52
000758 37
001982 56
001446 168
000753 7
002261 42
000307 0
000482 86
000162 58
001254 76
000923 94
002917 102
000852 12
000449 42
002826 47
000652 107
001186 28
002248 64
002317 72
001989 51
001075 14
002995 31
001201 125
000609 72
002594 88
001309 82
000912 86
001581 16
001243 12
001055 77
002975 86
000040 120
000031 99
002590 86
002297 52
000732 14
002052 80
001931 36
002298 108
002250 98
002153 11
000388 38
002200 32
001067 60
002532 10
000377 87
001673 28
000249 86
002325 56
002833 98
002031 42
000044 122
001702 14
000456 33
002132 24
002719 42
001813 113
002055 36
000415 14
002073 7
001979 81
002223 0
000115 0
001080 158
001801 61
002255 81
002065 14
001848 140
002343 134
002700 27
002134 42
002750 11
000170 24
000749 169
002796 79
001441 76
000523 86
002605 38
001657 125
000713 54
001221 120
000917 87
000804 68
002011 14
000525 14
001965 99
000722 107
001866 156
000977 122
000746 87
001987 76
000471 95
000338 37
000567 51
001855 24
002619 64
001878 34
002280 17
002299 68
001024 170
002127 33
002792 81
000626 57
001605 0
000053 171
002740 23
002353 125
000196 87
000645 41
000066 25
001810 11
002910 100
000424 9
000399 172
000784 17
001887 17
000284 125
002714 24
001360 52
001253 0
002552 107
002618 60
001063 86
001686 37
001769 18
002253 94
002059 107
000904 86
002970 51
001142 76
002218 58
002812 56
001452 27
001772 68
001251 86
002680 145
000553 86
000829 69
000198 51
002023 116
002469 61
002036 9
001144 6
002686 1
002478 69
001166 86
001027 68
002249 116
002644 60
000603 23
000387 14
002799 55
002861 44
001336 31
002653 173
000805 71
000953 12
000493 137
000697 42
002032 52
002771 33
002832 9
000166 60
002646 9
001370 174
001576 28
000485 60
001744 23
002584 64
001423 9
000155 94
002358 42
000592 65
002142 134
001756 33
000379 11
001028 71
002828 138
002339 122
002689 134
000067 84
000119 54
000003 175
001518 67
002239 69
002113 57
002814 35
000412 48
002974 88
002252 88
000838 14
000250 94
002271 37
001505 56
000533 111
001976 176
000272 57
000344 36
000278 72
000466 7
001330 164
000574 76
000280 67
000368 107
000023 42
000760 135
002976 177
000836 98
000086 42
000845 71
001903 86
001975 56
002652 86
001538 146
001016 149
002856 175
001141 61
002231 170
001951 158
000353 60
002405 82
002923 9
000008 24
001522 99
002829 178
001560 56
002120 60
002234 51
002627 62
002717 34
000236 24
001651 115
001145 88
002611 60
000950 69
002304 100
002056 14
000539 57
001069 9
002701 111
002557 26
002497 17
001339 77
001639 88
002906 14
002705 76
002535 68
000764 179
001109 136
001247 112
001723 99
000202 69
000872 108
002404 125
002107 31
001554 69
001222 72
000976 60
000889 68
000952 125
002545 17
001153 98
002898 118
001949 116
000633 137
002645 17
002736 0
002746 14
000886 57
001099 83
002049 41
000142 149
001799 11
000816 38
001091 25
000082 48
000156 55
001041 95
002243 28
002003 71
002450 67
002150 11
002798 12
000184 122
000611 80
000618 162
000881 146
002219 44
001229 9
001986 98
000319 88
002169 82
000161 12
001636 86
000362 49
001076 180
001889 101
000095 56
002776 98
002921 21
001280 86
000334 65
002581 125
000459 143
002163 159
002709 11
002095 23
001321 181
000509 56
002181 86
000448 14
000447 36
000975 23
000779 55
001045 41
002544 60
002931 55
000347 31
000127 32
002091 33
000340 17
002021 114
001089 61
001465 140
001019 48
001470 28
000974 77
001039 0
002230 158
002466 140
000551 145
001052 42
000375 122
001851 123
000484 158
000888 14
000401 31
000263 182
002602 67
001783 25
000992 88
001773 67
000821 14
000472 0
002385 31
000944 88
000451 96
001643 21
002445 183
002632 52
001877 9
002044 64
001312 32
001531 98
001439 88
000394 11
002862 7
002881 33
001767 184
000676 30
000824 94
002977 0
001513 32
002027 6
001508 107
001703 87
000302 98
001151 67
002467 140
001630 82
002950 143
000480 64
001610 68
000561 33
002245 96
001761 14
002848 57
000773 96
002363 67
002157 98
001343 86
002621 88
002289 6
000842 120
001785 155
002685 7
001297 137
001210 86
002016 94
002731 23
002493 96
002415 64
000718 82
000041 76
002877 34
002160 57
000012 107
000663 6
002990 96
001015 14
001959 42
000584 33
002454 40
001960 164
002241 29
002199 14
002427 31
000359 32
002660 94
001870 56
000853 86
000105 86
000235 37
000695 185
000194 100
001561 51
000617 160
001879 77
001049 31
001056 186
001916 99
001157 42
000514 33
001595 125
000634 42
000385 121
001543 9
002604 64
000850 187
002295 29
000714 69
001542 71
002718 134
002311 87
001583 64
000090 11
002035 125
001837 23
000308 13
001311 99
002009 86
001935 134
001171 64
001363 100
000743 69
001590 54
000922 51
000211 24
002916 54
000384 82
000691 188
000709 76
000403 72
000702 99
002377 50
000999 60
002085 7
000544 11
001208 25
000404 67
002667 30
001083 68
002225 29
001945 98
000442 21
001524 114
002991 94
002196 58
002308 10
001934 35
001533 123
000559 87
000861 26
001134 88
001502 65
002824 57
001947 94
000087 1
000546 23
002785 26
000463 9
002512 44
000815 31
000854 56
002050 85
002158 159
001665 108
001006 23
000234 27
000395 9
001603 68
000189 125
002070 0
000614 30
000437 82
000164 42
001844 69
001219 24
001200 99
000820 31
001547 117
000515 94
000776 56
001469 158
002045 68
001963 88
000487 65
002625 29
000793 87
002508 122
000583 86
000578 24
001412 16
000748 42
001850 53
002206 60
001787 7
000566 88
002301 60
001838 51
002763 24
000580 68
002903 111
001290 7
001593 64
000803 24
000259 95
000458 60
000725 37
000116 74
002151 60
001104 9
002772 5
001842 24
001298 86
002345 98
000547 100
001755 42
002226 94
000418 87
000047 102
000310 189
000878 88
000721 51
002332 88
001525 55
002447 69
001728 1
000947 23
001808 123
002908 56
002901 14
000150 68
001213 60
000408 26
001340 36
002423 64
002607 36
000806 64
001454 61
000846 36
000625 190
002868 33
001880 88
002600 72
000193 86
000331 14
000122 158
002864 55
001384 34
000312 60
001082 158
002184 42
001043 9
000741 24
000883 98
002390 44
002647 86
001404 67
001858 191
001942 34
002498 82
000018 34
000354 159
000258 33
001263 77
000863 58
002468 81
002734 9
001529 44
000060 48
001612 125
001994 61
002623 94
001095 68
000519 9
000422 58
001570 116
000860 88
000013 4
001829 94
000372 23
000389 7
002470 88
000420 55
001494 125
001712 57
001800 86
002965 150
001567 68
002123 12
002046 77
000938 24
000494 24
002762 87
002839 0
000638 58
000428 60
002290 87
001308 190
002820 14
000305 145
002428 44
000909 26
000409 130
000716 137
000981 69
001442 26
000920 87
001307 9
000088 102
002533 9
001649 12
000513 33
000110 186
000680 41
002017 35
001725 136
002379 34
001894 35
001827 55
000398 14
001274 107
002967 88
002753 67
002172 42
000662 48
001185 30
002194 36
000797 51
002140 177
002878 15
001695 42
000738 64
002729 14
002836 118
001782 21
001462 7
002963 99
001453 88
002461 94
001926 23
000679 7
002949 57
001558 51
000822 81
001857 35
000042 140
002650 162
000213 88
000772 94
000323 86
002336 28
002376 100
000931 66
000979 27
000303 69
001992 82
001260 177
000092 28
001044 48
001365 65
001207 133
001622 60
000022 33
002889 14
000949 107
001106 60
002205 98
002426 60
000423 122
002126 150
000175 138
001287 144
000208 177
000499 140
002188 33
000071 182
002850 21
000635 24
002561 36
002887 55
002782 63
000021 28
001685 76
000925 87
001038 137
000613 14
001310 9
001356 40
000045 27
002759 48
002897 38
002707 135
002106 24
001971 57
000129 70
002530 28
001427 17
001621 86
000239 0
002327 0
002609 11
001604 56
001917 98
001743 60
001097 100
000665 21
000454 44
002777 35
002330 66
000687 55
001020 14
001003 68
001846 52
001516 86
000520 68
002392 87
000178 125
001918 32
001250 51
000204 58
002900 61
001337 107
001366 98
002980 8
001130 66
001713 33
000290 8
000048 34
000160 14
001521 9
002733 26
002651 81
002783 125
000933 107
001196 133
001018 110
001924 50
000068 39
001387 92
001133 7
002693 30
001059 98
002080 33
001598 30
001415 140
002360 32
002867 9
002464 58
000406 9
001304 60
000286 15
000707 65
000946 58
002909 94
001697 107
002096 68
001184 120
002321 67
002794 137
001154 170
002419 31
002313 93
002356 150
000667 55
000252 31
002195 62
001546 56
002510 170
000700 51
001285 96
001693 33
000604 192
000986 79
002755 159
000906 9
001669 67
002947 94
000526 14
001194 120
002232 52
002678 68
000545 14
001914 48
002957 60
002817 98
001834 86
002279 23
001908 172
002751 69
001653 14
002757 104
000706 98
001225 82
000673 14
000762 28
000378 25
002860 14
001852 69
001683 9
001372 121
000744 35
001068 56
002802 34
001861 68
002270 14
000654 116
002268 37
001826 55
002373 6
000868 193
002316 11
000848 12
002015 194
002028 56
001092 56
002971 62
002964 42
001444 88
002174 53
000139 134
001619 50
000326 60
000341 71
000554 82
001040 23
001183 88
002437 69
002797 140
000238 47
002519 60
002528 28
001279 195
001084 11
000648 86
001897 140
000253 64
001732 64
002935 150
000328 137
001434 34
001972 86
001539 67
001000 76
001418 68
002518 86
001164 24
000728 14
002932 77
001574 14
002941 94
002999 0
001928 64
000183 39
002067 37
001035 14
000790 26
000358 44
000942 61
000173 27
002720 37
000594 94
000470 14
002805 17
002362 125
002840 23
002435 67
001648 196
002722 67
000165 116
001485 29
002677 11
000251 37
001085 9
002657 67
000400 87
000802 61
001969 123
002572 145
002553 24
000029 197
000642 95
000927 67
002998 9
001061 98
000452 58
001957 108
002334 121
001932 88
001825 71
002414 35
000380 64
000536 9
001762 77
001575 5
001841 107
000352 198
000294 0
002391 14
001169 86
001116 71
002346 26
002072 64
002543 42
002458 88
000091 136
000960 137
000001 199
001646 129
000683 140
000382 88
002637 135
002523 4
001492 60
002178 107
001252 58
000627 53
000916 35
000705 175
002315 107
000619 23
001645 68
001510 97
001422 0
000320 121
000224 33
000214 33
000573 155
000078 29
002892 140
001413 136
000440 28
002217 14
000343 197
001033 56
002944 37
002676 170
001859 86
000491 44
002472 67
002628 21
000932 64
001921 12
000686 98
002727 1
000255 64
002639 74
002207 24
001875 15
002943 16
001223 40
000296 64
000710 27
002060 64
000641 27
001868 82
001334 32
002216 57
001737 60
001839 31
002008 24
002264 58
002312 99
002649 108
001352 94
001511 86
001602 58
000190 84
002424 86
001373 112
001296 29
000556 51
002713 35
001111 32
001189 42
001892 18
001121 54
000698 28
001218 86
001886 18
000988 50
000327 63
002960 67
001180 32
001708 94
001555 94
002155 170
000668 31
000874 14
000057 48
001054 200
001503 36
002858 35
000017 60
001435 130
002254 0
002124 45
000135 27
000002 67
000438 88
002827 45
002459 72
002809 201
002687 27
001346 14
000568 68
001192 40
002846 33
001087 86
000426 51
001114 68
002804 121
002745 55
001181 11
001466 86
001699 107
001536 14
001008 53
002987 4
001155 16
002978 15
002879 69
002433 55
000871 67
001498 92
001138 67
000866 58
000768 86
001954 51
001205 65
000180 94
002835 88
001122 96
001779 60
001962 34
002770 99
000864 86
002769 31
001617 64
000346 74
002368 37
001275 72
001320 125
000051 1
000969 99
000121 14
001317 116
002914 79
001968 10
001393 70
001217 71
000844 99
002284 201
001286 92
001995 159
000479 136
002658 51
001571 80
000075 94
001211 56
000575 31
001457 31
001804 33
001036 56
001790 21
001876 140
000964 86
000655 7
001021 155
002293 108
001234 14
001204 44
000902 86
000441 45
000984 14
001881 77
000206 56
002105 11
001409 14
000501 6
002062 26
000532 99
000742 69
002788 66
002673 96
001335 114
000590 81
002286 52
001905 53
001451 94
001174 21
000606 69
002882 202
000176 48
001214 82
001784 51
001481 30
002340 7
000413 36
001391 98
001342 69
002078 107
002890 51
002201 36
002936 86
002446 120
002764 42
000349 68
002514 96
002322 35
000884 49
002843 145
002891 15
000265 51
002786 118
001624 116
002587 68
001179 57
002098 94
002071 150
001563 99
000882 41
001431 118
001283 57
002276 60
002034 88
002934 45
002156 145
001389 203
001681 12
002984 116
001549 33
002079 68
000011 13
001629 47
000439 31
001367 82
000972 27
000711 86
001483 14
002371 57
000670 64
001193 9
000126 186
002306 125
002670 9
001927 94
001338 134
002012 9
001060 44
000199 134
000629 28
000410 34
002741 52
001741 50
002443 98
001199 86
002761 86
001202 108
001300 86
002765 14
000014 86
002951 79
002620 51
000657 55
000537 56
000968 86
002589 48
001666 86
001663 9
002402 94
002212 114
001136 33
001594 42
001459 33
000483 85
001245 49
002583 42
002179 14
002780 56
000694 113
002601 44
002074 51
002121 25
002547 76
001540 88
001579 103
002061 79
001472 9
002724 88
002455 33
002257 86
002352 60
001601 98
001534 63
001907 64
002389 32
000812 120
001371 91
000154 71
001329 204
000043 66
001241 69
001419 11
000879 67
001950 190
002559 0
001484 76
000360 30
000056 26
000880 98
001319 24
000027 66
000681 61
001239 112
001514 137
000136 51
001535 68
002259 68
001378 100
002989 76
002104 11
001001 88
001863 9
002265 65
001065 49
000397 34
002920 88
000054 23
002294 42
000179 52
000508 94
000301 68
001553 122
001664 190
002634 133
001002 177
000079 81
000996 17
000727 88
000229 14
000819 9
001398 51
000989 40
000030 205
001658 140
000562 6
000226 94
000006 9
001228 77
000445 15
000033 86
000966 6
001682 9
000894 40
000669 145
002211 31
001359 9
001407 28
002554 106
001397 28
000152 14
002669 68
000223 7
002490 88
000703 95
001667 26
002666 9
001445 69
000855 64
001833 64
001587 56
001526 68
000114 83
002097 125
002338 31
001101 8
000207 12
002534 6
001148 87
001822 56
001411 121
000890 94
002972 156
000900 34
000833 54
001246 118
002983 71
001242 98
001983 57
000870 57
001660 82
000674 206
002457 86
001375 100
001677 29
002599 67
000140 89
000490 36
000914 114
001616 94
001672 150
002214 125
001899 57
002562 58
000813 41
000215 120
001944 42
002180 98
000315 94
002187 32
000417 86
001030 9
002087 108
002102 35
000137 108
000747 98
001475 14
001123 31
000794 94
000036 82
000026 0
000658 65
001403 69
000450 87
001402 150
001259 56
002351 11
000752 57
001271 98
002958 30
001450 68
002422 121
001053 56
002438 94
000245 8
002152 76
000277 107
002442 11
002159 94
000589 51
002208 135
000971 14
001948 25
002570 125
002624 31
002388 64
002378 107
001760 57
002182 56
001324 29
000168 161
002273 51
000928 76
000025 17
000807 30
000444 94
001780 88
000151 26
002791 98
002143 60
000755 52
002266 36
002430 39
001048 55
000781 84
000901 23
000865 82
001953 114
002341 24
001198 98
000101 68
001050 101
001628 45
002444 108
002538 57
001272 60
001759 207
002684 208
001379 42
000767 65
000751 126
000963 44
002716 24
002291 42
000169 27
000074 35
002973 14
001884 14
002167 69
001139 87
002569 33
000993 64
002054 86
001500 88
002303 164
001906 64
001094 66
001385 28
002432 56
001739 24
002648 72
001504 26
002565 12
001632 60
002103 88
002516 37
000267 33
001034 55
001830 28
002586 146
001845 57
002108 27
002641 145
002215 61
000145 55
000332 23
001974 71
000248 86
000374 24
000381 175
002548 82
000321 88
002240 51
000637 88
001588 31
001332 86
002842 38
002638 11
002615 51
002283 7
001215 41
000431 36
001011 37
000192 40
002655 23
001176 64
000436 47
002735 145
001691 27
001943 56
001281 57
001900 107
001187 87
001017 69
002233 28
000688 125
001566 98
000639 56
000570 14
000934 88
001408 98
001170 101
001361 52
000534 49
002996 77
001823 187
002715 9
000197 155
002482 72
001803 149
000496 71
002640 23
000937 14
000980 88
002429 96
002076 86
001302 134
001814 67
001656 121
000396 38
002369 71
001706 172
000148 64
000798 98
001751 9
000624 120
002287 172
002029 14
001010 23
001519 116
000911 51
001623 68
000896 143
001474 125
002822 31
001362 31
000107 9
000351 25
001548 84
000651 9
000390 36
001473 14
001118 42
000555 4
000300 77
000171 51
001277 98
002355 11
000416 101
002966 52
000765 9
000429 61
000187 67
001840 23
001915 9
002318 82
001890 17
000631 53
000951 86
000163 88
000414 69
001074 61
002144 58
002147 34
002018 88
001031 36
000877 14
000818 44
000823 96
002256 147
000873 98
000246 116
000230 21
000907 136
002057 82
000897 28
002236 56
002884 25
001754 143
002925 49
002154 68
000792 69
002238 85
001911 80
001328 37
002309 44
002193 58
001652 37
000699 58
002491 80
000891 0
002643 11
001718 98
002580 14
000895 108
001152 92
001447 187
000058 150
001980 11
001923 55
001058 122
002331 87
002411 57
002292 21
000093 9
001235 51
002386 87
001014 67
001701 136
000948 100
001794 26
001110 86
000191 72
002088 52
001532 88
001997 28
002683 22
001955 38
000724 11
002112 79
002282 61
000677 14
000106 117
002948 68
001964 76
000903 88
002302 64
001433 64
002471 72
000775 64
001233 16
000859 44
001429 98
002030 108
002128 115
000990 150
000498 31
002942 57
001608 40
002136 31
001990 48
000065 33
002654 100
001815 37
000275 56
000726 11
001680 209
002597 69
001150 56
002202 82
002662 34
001364 38
000411 51
000831 152
000913 31
002566 76
002093 17
000391 98
002269 70
002189 82
001374 125
002406 100
000723 42
000262 18
000899 51
002244 156
002164 94
000719 55
002441 41
002068 210
002407 118
002876 24
000936 57
002803 20
000421 94
002198 42
000010 116
001938 48
001120 86
002928 25
000535 33
000549 31
001585 51
000299 111
002171 87
001386 211
002758 42
002863 45
002818 52
001676 9
001392 26
000089 30
001644 51
000098 16
002100 23
002397 125
000510 67
002260 41
000704 88
001970 116
002795 64
001046 96
001507 26
000940 88
001430 9
001809 94
001912 27
002940 23
000608 64
002886 66
002527 29
002540 88
001071 29
002413 64
000297 30
000050 108
001512 76
000225 84
001775 54
001244 52
001922 74
000851 146
001786 64
002696 28
001226 35
000563 64
002671 55
002853 56
000605 14
000443 88
002473 7
001599 48
001025 28
002588 51
002816 67
002811 212
002738 8
000188 64
000407 92
001173 12
002800 21
002961 87
000462 28
000671 77
002704 88
002834 150
001958 28
000715 17
001351 76
000425 31
002092 64
002710 55
000636 94
000529 26
002267 14
001766 93
002869 54
002997 57
002952 64
002904 40
001499 22
000610 99
000486 52
001479 37
001086 66
002130 58
001705 12
000325 28
000020 156
002503 0
000839 56
002022 72
002807 35
001674 33
001341 86
002083 64
002857 116
001791 76
001613 72
001523 94
000801 85
001580 60
000097 9
002495 14
000475 25
001789 80
000367 101
001898 60
001722 130
001910 11
002555 51
000761 57
000919 213
001426 29
002808 21
000393 64
001770 40
000507 76
000435 211
002697 137
002048 11
001832 9
001586 49
002986 156
000133 17
001589 77
002499 108
000032 87
002170 158
001376 25
001327 53
001113 107
001350 87
000256 87
000893 23
002408 158
000052 24
000876 68
000939 61
002821 56
001127 87
001220 37
002728 26
002854 42
000125 7
002453 26
002779 155
002880 214
001072 123
002774 11
002636 69
002656 65
000434 11
000675 54
002409 48
001100 82
002515 99
002348 107
001609 215
002542 94
002576 55
