0 11.980695247650146
001284 0
000251 1
002154 2
002787 3
000633 4
000071 5
000022 6
000415 7
000587 8
000604 9
002172 10
002800 11
002664 9
001733 12
002050 13
001728 14
001637 15
002287 16
001493 17
002617 18
002702 19
002406 20
001229 21
001008 22
000165 23
002088 24
002930 25
000904 26
000655 27
002361 28
000203 29
002160 30
002398 31
002925 32
001918 33
000911 34
002231 35
000550 36
002370 37
000696 38
001042 39
002439 40
000895 41
001958 42
002506 43
002625 44
001983 45
000031 46
000881 47
000545 48
001327 49
001850 50
002319 51
001573 52
002431 53
000313 54
002699 55
001440 56
000446 57
000892 58
000923 59
000533 60
000088 61
002891 62
001923 63
000058 64
002612 65
002135 66
000896 67
001106 68
000764 69
001978 70
001375 71
002041 72
002219 73
001784 74
000155 75
002166 76
000806 77
002020 78
002392 79
002964 80
000247 81
000348 82
002754 83
001195 84
000530 85
002043 53
001112 86
002956 9
001686 87
002932 88
001777 89
001036 90
002193 91
000686 92
000803 93
000070 94
001254 95
002656 96
001734 97
002627 31
002606 26
002203 26
001702 31
001391 98
001507 76
000934 37
002942 45
001395 99
001037 91
002638 85
000267 85
001550 87
001623 2
001172 85
000372 100
002679 45
000440 65
000333 87
002031 80
002239 101
001219 93
001362 45
000378 94
002870 92
001418 2
000903 102
001722 103
002826 104
002586 17
002110 92
002107 45
000559 91
001076 105
000967 93
001869 53
001700 31
001043 106
001523 59
002234 87
002532 12
000825 80
002715 106
002127 6
000176 107
002615 74
000411 108
001071 4
000210 109
000399 16
000237 53
002500 85
000227 25
000618 110
001861 2
000004 65
002779 34
001731 53
001494 74
001631 12
002998 25
002731 111
001238 34
001587 12
001999 112
002823 61
001815 87
002993 25
000026 92
002653 113
002747 114
002015 115
001997 42
001288 13
000161 13
000838 31
000935 15
001056 116
002526 72
002313 63
001941 26
001401 35
001090 93
001893 117
000959 80
002705 34
000270 23
002673 5
001577 118
000023 10
001651 80
001837 111
002839 92
000211 55
001509 26
001142 34
002557 76
000473 87
001012 94
001274 25
000329 67
000323 52
002278 5
002764 80
001953 25
000073 31
001412 108
000470 31
002343 119
001293 67
001835 11
000839 93
001917 92
001854 108
000274 46
000007 65
002602 26
002039 31
002531 120
002858 63
001208 66
002033 13
000001 78
001033 12
000318 92
000829 13
002423 40
002282 53
002260 121
001264 12
001536 31
002805 12
002293 76
002655 111
001066 67
001342 67
001657 122
000444 59
002539 5
002126 58
002856 93
001931 58
001618 4
002692 97
002776 92
002851 33
002760 108
001701 9
000405 78
002817 92
001413 123
000564 63
001799 85
000752 45
001991 1
001723 35
001533 62
002959 95
001223 36
000121 69
001818 119
002984 23
000410 57
001424 111
001905 49
000209 121
002367 52
001895 6
000127 33
001171 40
002036 106
000472 124
001502 96
001755 80
001053 12
001218 52
002003 25
002311 78
001234 85
000786 17
000125 27
000217 25
002366 69
000167 13
000482 52
000229 31
002468 97
000347 45
000899 119
002595 78
000335 40
001598 51
001610 35
000661 35
000351 119
000319 37
001460 93
000627 49
001353 39
000087 14
001825 39
000390 58
000558 4
001495 65
000393 40
000460 53
002970 39
001323 51
002774 85
000731 24
000629 58
000500 59
002894 87
002196 66
002222 52
000124 45
001120 52
000824 59
001875 62
000389 27
002383 119
001870 12
002986 55
002910 12
001740 107
000900 57
000598 52
000631 49
002212 25
002918 125
002396 92
001350 78
002448 42
001476 16
001911 108
001912 1
001714 12
000563 40
000593 96
001860 35
000371 122
001612 122
002099 126
002660 59
001877 106
000066 94
002997 45
000637 37
001948 119
000912 52
002553 93
000006 106
000720 127
002859 4
000404 9
000112 76
001454 53
002144 128
001894 63
002597 67
001245 55
001168 129
000042 111
001797 52
002306 122
000302 106
001108 58
000423 35
002832 59
002820 85
001575 45
002163 54
001441 12
000212 63
002574 51
000158 69
000157 65
001990 107
000605 31
001123 107
002603 122
000933 25
000104 40
000871 107
001094 18
000455 6
000241 108
002599 130
001184 17
000891 92
000141 59
000653 12
000698 65
002480 4
001664 65
002021 25
002739 31
002257 35
000769 45
002326 59
001481 51
002834 58
000719 63
002441 54
000340 107
000878 45
002102 63
002117 31
000195 37
001553 93
001696 37
000809 91
001232 46
001751 65
001708 59
001836 21
001736 11
002388 40
002018 37
001041 1
000035 26
002735 112
001524 25
000271 131
002089 59
002195 31
001445 13
000193 52
001647 119
001265 37
001345 132
002534 119
000331 31
002513 12
001883 50
002862 68
001048 63
001434 57
002385 45
000326 106
002630 31
002065 31
002403 11
002713 63
000438 45
001282 108
000541 92
000132 117
001052 80
002804 117
001903 52
001211 93
001928 40
002341 93
000884 32
002730 57
000060 107
000363 122
002825 31
002605 35
002880 133
002681 76
002752 134
002434 31
001200 114
002585 4
000552 15
000980 45
000670 40
000978 2
000184 72
002704 37
000294 54
001962 57
000537 12
001661 51
002507 39
001361 15
002892 111
002476 37
002689 1
002662 57
001060 135
001417 12
000304 132
001169 52
002499 41
001833 40
001272 91
001562 92
002288 13
001126 107
000392 34
000842 17
002720 65
001157 10
000039 63
000943 59
000362 55
000357 6
000092 42
001110 12
002626 85
002286 93
000074 11
000230 11
001746 66
001512 12
000459 136
001496 137
001009 97
002355 85
000083 138
001280 16
001829 59
000273 34
002177 19
001089 53
000693 93
002651 97
000913 45
000447 58
002616 31
002238 97
001049 45
002489 111
001564 51
000603 111
002017 63
001463 42
000730 104
001491 52
001742 91
002247 87
002229 139
002967 37
002822 45
000853 52
000449 80
000213 37
000893 111
002280 63
001488 45
000585 85
001547 35
000725 65
001846 15
002726 25
000857 59
002957 80
002846 6
001545 39
001517 57
000441 80
002297 54
002636 13
001133 27
001839 45
002634 65
000408 76
002740 111
000889 103
001244 24
001383 95
002295 44
002245 70
000973 103
001753 11
002444 41
000286 62
001366 92
000662 107
001116 85
002931 63
001819 12
000750 11
002360 33
001204 135
002806 92
000350 31
002687 19
000915 34
001851 62
002194 58
001489 78
001289 53
001369 40
002818 15
001785 129
001886 130
002503 92
001866 69
002073 27
001304 68
001832 106
000320 117
000516 76
001786 40
000511 111
000801 97
001889 12
002429 70
002106 93
002113 45
001128 80
002038 78
001688 110
001765 6
000356 119
001083 93
000051 14
002052 108
002426 106
000063 54
001707 78
000939 53
001916 114
002318 119
002901 95
002915 67
001585 80
000616 45
002773 59
001156 31
000413 58
001359 118
001938 107
000962 11
002483 13
001845 45
000591 14
002729 31
001660 119
000084 132
000742 13
001798 11
001407 42
001635 15
002150 140
001580 68
000401 45
001205 96
002243 42
000614 51
002246 31
001235 74
001166 52
001201 122
001949 23
000246 23
000223 27
000612 93
002394 20
000375 35
002010 40
001137 141
001260 92
001315 92
001546 12
001261 39
001405 95
001387 108
002206 68
002830 59
001433 52
002941 59
001028 142
001404 9
000968 52
002946 68
001131 111
002365 30
000782 12
000823 70
000606 13
000491 135
000290 87
000465 80
001436 12
000567 74
002598 37
000694 15
001741 97
002837 134
002669 2
001329 143
002527 4
002963 46
001697 25
001670 92
002498 119
001676 65
002129 37
000909 107
000851 144
001946 145
001548 146
001027 2
001044 107
002165 52
002641 35
000555 39
001924 97
000638 12
001348 87
000815 45
002422 12
001062 23
002035 74
002719 10
000916 137
001121 53
001511 52
002440 37
002055 58
002076 52
002809 147
001853 31
000082 107
002104 85
001644 2
000650 58
001792 31
000494 93
001543 65
001943 12
000107 118
002835 45
002494 1
001456 148
002686 14
001560 93
001730 2
002517 130
002953 92
002122 12
001370 74
001015 31
002905 123
002216 45
000169 104
001602 149
000059 52
000464 67
000257 150
001687 15
000342 27
001070 25
001045 18
001653 7
002461 59
000291 108
001955 9
001098 119
001672 24
001010 111
000992 37
001093 37
000589 85
000029 151
002909 59
002333 15
000601 27
002074 94
001478 68
002095 111
001622 68
002501 26
000582 61
000394 85
000710 19
001114 2
000766 37
002582 132
000632 1
002386 78
000689 57
001001 37
002100 111
001100 119
000379 85
002690 16
000998 40
000113 103
001236 35
001158 11
002425 46
002022 72
000301 2
001504 76
002197 68
002181 52
001438 134
001749 152
002871 114
002763 115
000868 31
001032 7
002145 80
001421 85
001611 2
002470 37
000457 107
002124 80
001640 97
002814 11
002680 112
001029 137
000574 31
000877 31
000672 27
000216 52
000129 68
001867 85
000028 27
000529 76
000196 78
002668 36
000793 78
000981 13
002899 19
000974 76
001711 37
001516 52
002316 85
000569 25
001831 70
001505 12
001972 52
000109 63
001182 37
000738 40
002945 106
001183 37
002133 41
000222 118
001312 33
001399 87
000854 12
000205 74
000461 23
000821 31
000489 114
002469 53
000180 59
001993 15
002968 85
002515 46
002742 26
000483 97
000902 12
002633 111
000150 2
001178 40
001569 76
001501 40
000487 96
000641 19
000299 74
000751 140
001994 69
002202 119
000374 115
002000 41
002005 59
001666 76
000508 59
000765 118
000426 54
002694 95
002666 65
002570 39
001756 6
000687 63
002536 52
002572 35
002778 80
000886 45
000032 78
001228 95
001349 53
001393 68
002950 136
002518 52
001301 17
000265 1
000240 153
001403 13
001175 92
000185 11
001193 106
001744 111
002332 37
001544 35
002928 41
000578 93
002192 114
000425 45
000846 58
002544 94
001047 27
000288 18
001318 129
002312 46
000199 13
001278 44
001084 85
002590 52
002952 40
001103 94
000701 40
001684 118
000534 54
000479 92
002843 39
001202 92
000941 45
001758 106
002879 13
001170 31
001827 63
001704 76
001636 52
000917 78
002948 13
001605 92
001820 35
000592 96
002716 93
000098 40
000358 135
001992 119
001124 85
002768 97
002807 137
001748 92
002130 51
000062 13
002188 6
002136 45
001712 45
002325 12
001039 92
002377 13
002667 51
002594 45
001709 135
001757 96
001038 68
001490 60
002707 41
002419 45
002762 91
001338 19
002372 68
000233 144
000681 53
001213 106
002236 93
000312 68
001655 10
002492 109
002881 39
002794 4
002589 107
000512 52
002917 61
000518 154
002723 155
000647 119
000380 40
000690 19
000198 46
001021 129
002810 12
002404 139
000726 85
002545 107
000264 156
001600 21
000664 76
002861 135
002886 18
002368 65
002614 26
000950 13
001344 92
001189 92
000514 6
001500 37
001313 138
002577 108
000017 68
002211 107
001624 23
001913 25
000918 80
002845 13
001639 37
000714 149
002019 68
001822 52
001675 51
001782 11
002876 115
001406 52
001678 122
002187 33
002427 45
000908 119
000929 41
001073 25
000572 33
002002 118
000407 108
000171 54
002363 9
002537 37
002012 25
002639 65
002473 27
000442 11
000982 93
001599 102
001503 58
001781 50
002320 57
000282 37
001656 117
000101 67
002712 36
001973 92
002765 31
000409 103
002153 85
000403 26
000994 85
001880 37
000044 35
002954 59
000140 125
001649 138
000249 52
002604 40
002391 31
002371 45
002994 52
002240 46
001603 13
000771 96
000562 119
001410 50
001724 85
001876 111
000519 106
000012 25
002863 157
001058 97
001457 45
000041 110
000284 122
001188 61
000709 108
001371 39
001118 80
000760 9
001530 97
000206 12
002230 51
002263 158
002688 76
000027 18
001589 52
000816 111
000086 80
002463 13
001508 25
002299 13
001294 40
000080 111
000876 2
000148 40
002259 2
001929 110
001477 80
000528 13
002635 159
001458 76
001773 9
000566 37
001214 119
001088 4
000311 124
002227 46
000382 37
002961 78
002875 15
002405 119
001302 1
000597 13
001086 18
000493 68
000579 35
001162 13
001778 111
002495 7
002543 80
002183 53
002152 34
002558 111
002663 52
001607 65
002097 122
002471 53
002508 72
001425 9
001803 118
002191 20
001209 119
002848 45
002487 12
002186 40
000921 58
001298 13
001968 93
001532 37
001694 68
001207 102
000434 85
002446 17
002484 11
002291 10
001671 59
000983 19
002576 63
001061 92
001729 31
001904 27
001225 119
002645 107
000207 35
002262 53
001770 36
000749 160
002091 133
000949 25
000928 110
001568 68
001594 80
002618 68
001800 52
000021 42
000869 93
002714 55
000122 4
000635 115
000200 41
002643 115
000704 37
001681 138
001673 65
000745 31
001574 7
000037 118
000305 35
001050 12
000522 135
000019 12
000665 11
001380 161
001590 58
001332 52
000047 135
001164 115
001146 12
002013 162
002672 31
002642 66
000486 15
002342 13
002315 25
002900 53
002436 57
000523 52
002709 85
001095 13
002200 118
002923 106
002032 93
002897 44
001199 52
002132 55
002504 52
001198 92
001947 59
002782 31
002382 163
002784 53
001848 134
000505 107
002030 41
002237 37
001224 58
002644 68
000543 18
002732 111
002867 118
000538 111
002086 99
002579 92
001556 134
000753 27
000244 110
002250 92
002540 37
002161 132
002120 68
001960 76
002884 164
001669 9
000289 96
000894 36
002916 58
002045 67
000003 155
002083 40
000568 93
001068 106
000400 78
000181 34
000147 92
000630 15
000761 30
000402 26
000414 13
001105 2
000860 37
000607 78
000173 19
000668 45
002054 52
000228 111
002119 26
000476 122
001513 33
000488 107
002028 12
000643 93
000576 119
002793 61
001970 23
002940 111
001005 35
000204 51
000412 107
000259 165
002803 106
001626 112
000792 13
000531 13
002607 58
002514 70
002430 19
001801 69
002524 92
000966 8
002340 27
000834 18
002960 9
001586 122
000551 35
002279 7
001578 40
001337 25
002693 51
002460 136
000804 2
001727 70
001987 110
002115 98
000388 35
001932 37
001396 138
001390 85
002696 42
002827 157
002384 136
002140 92
002433 63
002677 85
002285 42
002408 4
001352 59
001368 52
000703 165
001297 4
000780 52
000676 51
000422 51
002255 97
002467 134
002632 15
002014 65
000611 151
000038 96
000475 119
002684 166
002151 68
001465 111
001921 35
001885 4
000634 80
000145 63
002718 19
002850 11
002401 137
001844 13
000383 40
001074 69
002989 110
002992 13
001140 26
001809 59
002414 11
002592 45
001151 9
000770 106
000298 85
002588 119
001259 12
001442 84
001134 37
000005 85
002972 92
001840 111
001180 167
001143 39
000102 118
002047 74
001092 12
000610 114
001461 62
001310 118
001155 40
000732 7
001374 122
000735 27
002011 31
000468 53
001381 31
001016 118
001628 80
001080 4
001735 96
001111 33
002077 119
002199 31
002802 57
000671 76
002511 108
001222 26
001606 30
001959 80
001780 37
000757 95
000702 114
000285 132
000116 85
002549 45
002796 41
002700 19
002380 13
001497 41
000266 63
001910 85
000194 71
002317 26
002442 95
000783 60
001127 78
002300 52
000734 62
002977 92
000712 37
000947 111
002044 40
000812 17
000628 44
002828 152
002379 57
000123 34
002458 37
002252 37
002218 51
002628 11
001411 117
001645 103
001621 52
001957 53
000106 35
000182 118
002009 52
000875 58
001256 78
002738 87
001283 45
001378 71
000867 70
001549 6
002849 45
002336 42
000907 92
001415 134
000680 121
002491 108
001154 80
000960 157
002710 63
002745 63
002609 85
002182 125
002852 131
000964 52
002265 96
000272 45
000100 107
000170 97
001692 8
002331 91
001054 85
001328 65
000669 112
000510 9
002349 134
000248 52
000746 78
000700 58
000428 68
001814 9
000154 85
002114 58
002004 71
000011 137
002991 59
000826 92
001364 44
000808 13
000977 121
001775 54
000341 39
002920 37
000830 24
002142 58
002094 97
002411 30
000963 135
001258 124
000844 46
002424 52
000421 59
000499 134
000417 52
000621 85
002174 50
001808 62
000361 80
001014 9
002008 93
001522 46
002410 71
002345 76
000469 13
001539 26
000138 168
002551 11
001466 52
002271 65
000841 39
001699 25
001075 31
001541 87
000692 85
002346 76
001291 54
001492 106
000225 141
002659 153
002376 20
002975 12
001459 39
000996 107
002759 107
001891 143
001658 134
002053 13
000081 92
001176 40
000034 58
001356 36
001064 31
001241 13
002264 51
001616 59
001000 34
001864 52
001971 30
000805 39
000135 76
000325 42
002621 37
000880 92
000914 25
001113 25
002583 80
001408 92
002792 97
001453 37
002847 40
002190 76
001648 169
002416 161
001346 31
000864 52
000024 63
000149 13
001646 133
001892 2
002969 135
001416 170
002170 4
000931 18
002146 7
000280 6
002833 92
000077 171
001358 135
002646 106
002555 92
002640 111
002108 19
002103 37
001732 40
002321 6
000547 12
002063 11
000501 124
002587 2
002096 13
000506 59
002750 85
002281 68
002270 31
002435 9
001737 68
000958 43
002400 122
000166 68
001450 2
000202 13
001796 74
000239 92
001051 108
000986 172
000553 52
002217 7
002454 36
002159 59
001979 97
000990 149
002907 93
001196 65
001281 30
001400 45
000624 17
000049 173
001788 59
002464 51
002983 114
002829 174
002703 27
002573 49
000115 92
001768 42
001379 80
000791 92
002874 23
001935 111
000897 42
001097 20
002328 87
001194 157
000221 31
000515 59
000151 76
001432 118
000716 35
001484 110
002815 27
001129 53
001967 118
001779 68
001096 72
000954 25
000863 91
001747 2
002860 31
002387 95
001898 68
000189 122
001738 37
000924 10
001776 175
002903 60
002213 10
002727 14
001055 19
002701 60
002831 109
001956 18
000269 68
000309 115
002164 59
001942 57
002751 13
001243 138
001925 26
002116 1
001091 119
000822 97
002913 23
000108 63
002350 67
002955 42
001414 110
001257 19
002292 11
001365 96
002761 52
000458 68
001276 52
000759 61
000707 96
002743 137
001295 39
000093 118
000817 40
002872 71
000856 176
000870 45
001026 59
000143 130
002066 177
001483 31
001474 122
000163 37
002344 115
000862 45
002407 74
000617 123
001674 6
001428 15
002134 80
001451 59
001945 97
001810 85
000571 23
000711 52
002248 40
000932 40
000328 157
002926 115
000580 13
001402 58
001579 83
000858 76
001534 31
000926 124
002728 76
001002 178
000952 122
002554 114
000245 87
000322 42
000788 13
000855 40
001807 103
002824 45
001132 40
001452 19
002081 45
002415 40
002842 110
001125 51
000882 63
002882 179
001212 6
001632 68
001817 45
001031 58
002472 9
000885 14
001319 101
002873 40
000520 93
000057 107
001152 108
000845 142
002505 36
001914 44
000772 59
000256 78
001354 76
000236 115
002571 92
001841 25
002665 111
000344 58
000339 33
000697 10
000991 65
001429 92
002329 41
002148 92
000316 40
001976 108
001145 37
001326 118
000208 178
001443 138
002902 92
001067 68
000594 59
001652 65
000657 63
001382 42
001035 31
001554 13
002973 52
002373 52
002001 34
002118 69
000906 118
000797 74
001944 80
000179 15
001007 85
000536 65
001444 37
000609 26
001791 31
000002 9
000336 13
002352 115
002046 76
001641 59
001772 2
001423 86
001197 13
000649 40
000560 41
002497 107
001003 13
001920 53
000188 40
002836 180
000232 9
001311 46
002438 59
001613 26
000775 40
001273 52
000800 6
002215 53
002337 12
001625 13
000756 108
001717 6
002176 21
001250 46
000615 27
002189 119
002671 63
002251 165
001902 12
000387 95
000187 9
001834 52
002854 80
001339 76
001514 157
002877 57
000262 130
001680 181
000905 124
002254 92
000253 40
002253 59
001659 34
000679 27
000075 59
000599 119
001726 27
000317 24
000938 115
001469 67
001455 42
001148 78
001980 85
001307 106
002048 85
002080 6
002037 111
002978 34
002173 50
000636 59
001117 13
001268 95
001286 108
001473 7
002658 54
002034 37
001210 52
002528 58
000744 11
002623 59
000287 17
000956 80
000153 80
002995 45
002168 52
000762 42
000478 53
000985 37
002056 52
001812 107
000263 5
001082 4
000430 23
000250 59
002958 51
002801 80
000020 69
002510 80
002786 74
000659 138
002965 149
002040 54
000807 51
001510 131
002301 106
000922 34
000819 118
002652 52
000343 92
000354 92
000521 35
002866 119
000016 39
003000 180
000843 135
000565 31
002175 93
002982 31
000052 115
002381 122
002068 182
002819 6
002697 4
001595 122
001906 40
000395 118
002087 41
000832 12
000448 31
001324 4
000972 19
002201 58
002521 13
001856 10
000043 18
002777 11
001388 93
002736 92
001384 57
001377 31
002520 54
000431 58
000076 71
001252 65
000639 93
002420 53
001922 85
000156 63
001873 42
001177 68
000353 68
002581 122
002698 84
001372 117
001868 119
002542 59
000695 183
002981 41
000814 122
001498 108
002277 98
001794 84
000120 97
002650 110
001939 26
000159 46
000747 97
000190 141
002339 35
002298 41
000957 52
000852 138
002338 45
002734 118
002565 35
002121 66
001226 11
002314 25
002566 110
001843 138
002158 92
001915 106
000065 39
000850 184
002180 92
002893 65
001802 40
002207 115
000741 93
002753 9
000524 53
000955 2
002675 108
002224 31
001617 40
001215 121
002450 9
002139 18
001419 85
001385 42
002242 42
000887 52
001331 40
000840 55
001239 132
001821 107
002885 51
000588 95
000064 63
000297 51
002235 78
002939 65
001099 11
002721 41
001122 70
001308 165
000678 185
001022 69
001321 186
002798 13
002691 45
000451 70
000811 78
002268 44
002156 39
000443 37
001555 59
000164 10
001563 114
002308 12
001771 13
002591 122
001422 92
002208 41
001761 31
002412 45
001220 65
002409 108
001072 46
002445 87
000133 107
001572 12
002799 63
001609 68
001355 45
000144 67
001163 11
002223 124
002840 111
000303 13
002601 135
002812 12
000381 155
002481 42
000802 53
000315 59
002811 187
000360 51
001537 92
000255 40
002079 13
000847 92
000721 54
001279 188
000920 78
002564 92
000613 31
001018 58
002209 97
001638 92
001691 19
001754 136
000688 122
000008 93
000584 6
001878 57
000117 107
002304 71
001334 33
002795 40
000979 1
001571 108
000961 122
001263 12
000872 112
000079 97
001764 111
002575 23
001389 39
001141 53
000324 45
001683 118
001464 6
000549 107
000925 78
000174 24
000548 45
000736 59
001583 40
002951 27
000437 119
002767 95
002541 116
001690 45
002138 31
002889 31
001248 103
000238 104
002756 65
000748 80
000096 93
002522 6
000046 111
000728 31
002725 40
002007 118
002919 68
000898 76
000953 138
000818 135
000191 26
001752 36
001019 107
001705 138
001940 135
002273 92
001437 37
000763 53
000503 24
002455 6
000586 107
002757 69
002682 52
000424 118
002058 93
002934 189
002171 78
002649 41
002353 122
001267 58
002908 6
002006 111
002769 107
001475 31
001871 97
000540 115
001285 70
000946 51
000575 45
000119 54
000787 39
001227 51
002789 85
000110 116
002477 80
000784 107
001952 26
002578 63
002717 57
001119 97
002258 111
000215 17
000779 63
001551 118
000310 111
001161 45
002533 81
000219 78
000429 101
002622 57
000713 190
002141 136
002284 147
000009 40
002906 31
001662 53
001221 17
002179 31
000596 14
002857 108
001472 118
002296 22
002226 59
000517 11
001588 107
002016 41
002449 42
001663 118
001874 52
001217 39
001806 45
001333 40
000675 54
000820 45
000432 53
002746 31
001069 85
001774 11
000314 65
002303 125
002737 92
000061 76
001963 45
000683 134
001908 16
002766 122
001153 92
000890 59
000945 191
002057 119
001336 45
001862 39
000645 121
001887 39
000527 63
000507 110
001231 85
002927 192
000717 59
002024 44
001842 93
001017 13
001969 62
000055 119
000050 12
000767 96
002475 54
002157 92
000810 31
002071 24
000377 78
000737 165
002580 31
000595 52
000349 67
000094 85
001249 27
002788 18
002883 53
002567 42
002375 51
002509 35
001682 118
002962 118
000136 119
002465 165
000936 30
001715 102
002988 85
000778 51
001135 96
001679 92
001665 41
000708 156
000561 6
000654 23
001271 92
002808 11
000418 78
001879 52
000987 61
002538 45
000131 61
000848 138
001150 12
000025 107
001805 100
001890 63
001528 93
002204 9
002276 68
001023 135
000873 97
001567 67
000226 59
002023 23
001470 42
001462 27
001057 40
002432 12
002670 59
002228 31
000948 71
001909 94
002059 25
000355 111
000068 114
001698 52
000722 25
000146 12
000416 12
001531 92
002949 45
000172 42
000727 37
001896 7
000056 84
000139 153
002244 193
000450 78
001998 78
000989 36
000970 42
000137 41
001897 134
000175 156
001966 108
000386 35
001725 92
002741 15
000445 62
001102 31
002781 15
001828 85
002922 52
001884 31
001290 27
001582 1
000090 85
002451 80
001306 68
002101 65
002049 121
002178 25
001030 65
001330 125
000040 17
001013 194
000944 37
000666 92
002327 92
000453 11
000781 141
002987 54
001149 37
000178 122
002185 87
000337 26
001919 78
002167 13
002979 23
001557 13
002890 119
001601 92
001642 92
000352 195
000625 165
002241 51
002519 92
002478 13
001552 78
002184 80
002561 58
002090 135
000724 85
000699 51
000359 33
002868 6
001322 42
001614 85
002980 87
002563 92
001526 85
000619 111
000466 27
001435 103
002733 84
001420 57
002496 31
001703 78
002128 132
001988 154
000492 45
002869 54
001766 63
002474 52
002459 26
001789 108
002938 45
001482 27
002657 9
001136 6
001936 92
002378 25
001581 40
000480 40
002266 58
000103 40
001479 65
000743 67
002775 3
000054 111
000988 97
002619 40
000069 196
000718 119
001101 87
000334 96
002417 13
001392 84
001240 96
000785 34
001174 11
001159 92
001316 40
001138 9
000128 49
001584 112
001975 52
001262 118
002695 85
001107 135
000951 52
002123 138
001130 18
002898 74
001559 59
000462 42
000640 78
000758 65
002637 9
000930 178
000231 62
001320 122
000556 119
000544 85
002547 31
002488 117
002399 138
002486 45
000099 92
001431 74
001251 155
001888 80
001900 25
001006 111
001471 58
002061 107
002310 92
000295 76
002402 59
002674 54
002790 45
002354 31
000160 31
001237 63
000651 106
000910 92
002816 9
002620 54
001558 180
000321 37
000015 59
000976 68
002456 1
001447 6
000463 65
002944 65
001693 133
001720 25
000644 104
000620 69
000652 25
000254 165
001882 92
000874 31
000467 59
000754 26
002611 10
000942 53
000883 92
000292 111
000234 19
002943 40
001305 37
001767 197
001519 23
002272 121
002841 137
002098 59
002418 65
002026 107
001486 84
001242 92
000535 39
000526 31
001426 44
001081 19
002685 27
000590 97
000674 106
002678 2
002155 80
001347 80
001376 173
000836 92
000252 45
000667 63
002210 31
001872 55
000391 97
001468 7
002548 119
001363 71
000795 80
001985 78
001934 11
002105 85
000682 103
001206 63
001078 45
002895 142
002395 110
000152 31
001525 63
002771 6
000828 39
001255 31
000525 31
001266 31
002070 92
000406 21
000258 6
002838 84
002437 13
000186 58
002092 40
000474 46
000813 121
002389 33
001167 95
000365 23
002936 52
001859 52
001351 34
002364 59
000330 36
000513 6
000663 5
000346 85
001604 90
000833 58
000684 115
002629 93
001677 44
002947 59
000773 70
000067 141
001951 4
002706 39
001716 45
002421 68
000235 65
000646 37
002466 34
002348 25
001667 76
001823 184
002078 25
001139 78
000542 92
001314 39
002896 91
000201 198
001964 110
001296 4
002362 122
000307 69
001309 119
000130 135
000396 109
002864 63
001930 54
000327 31
000192 36
000723 10
001855 93
000308 137
001065 55
001398 74
000496 39
000385 117
000583 52
000398 31
002933 34
001630 119
000162 51
001335 25
002724 37
001104 21
000937 31
001040 111
001367 119
001275 26
002749 57
001927 59
001950 165
002069 72
000570 7
001160 153
001561 85
001592 133
001881 52
002530 42
002082 26
000048 57
000030 26
001596 40
001926 111
000502 11
001847 6
002502 92
002755 92
001186 42
001269 110
002559 92
001857 11
001863 106
001795 23
002648 26
002550 58
000433 149
002302 40
000997 180
002855 31
002791 92
000367 125
001077 118
001079 65
000261 115
002347 76
000557 86
002067 65
000573 129
002912 37
002274 31
000600 37
002661 40
002042 36
000420 63
002137 31
001303 31
001247 132
001233 40
001449 74
002267 31
002356 149
002205 92
001813 15
002220 93
001467 70
000276 19
000706 92
002335 65
000454 135
000114 11
000072 87
002029 31
002131 39
002935 24
002064 25
001826 63
002584 40
002290 78
000919 106
000452 51
002624 45
002453 76
001515 45
002393 6
001566 69
000740 63
002413 40
001654 132
000105 52
001858 199
002821 52
002887 63
002722 9
000242 45
002479 39
001989 1
001570 23
001620 27
000097 106
002516 65
001191 121
000085 45
001719 41
000010 23
000879 9
001340 58
000774 85
001386 200
000277 25
001409 31
001593 40
001373 53
000089 51
000091 92
000281 110
001907 40
001485 4
001824 78
001325 80
001427 165
000993 40
000366 78
002072 40
000677 31
002027 119
000999 68
001190 80
002359 19
001760 30
002289 124
001343 52
000095 52
001287 171
002147 57
000168 19
000497 92
001750 201
002324 2
000715 107
001540 37
000332 111
000220 108
002482 52
002937 52
002772 93
002535 13
001538 144
000532 46
001865 63
002797 134
002309 135
001981 119
000306 122
001650 85
000197 129
001165 6
001619 67
001147 136
000495 97
000111 135
001109 92
001270 57
002562 51
000370 118
000794 59
000927 9
002322 11
001816 24
000397 57
001179 45
001216 31
000798 76
001299 37
001063 155
000419 132
000376 132
002512 135
000471 165
001542 85
002608 37
002351 85
002631 92
002990 70
001762 26
000799 54
002060 40
001487 31
000539 45
002676 80
002330 18
000984 95
000481 27
001480 63
000224 6
000673 31
001394 93
002985 119
000995 6
000581 87
001046 70
000078 44
002596 202
002996 76
001759 203
000827 37
000126 116
001253 92
001961 61
002770 114
001597 108
000577 108
001576 42
000622 41
000768 52
001230 111
001341 52
000660 78
002853 12
002888 118
001518 9
002758 80
002974 37
002785 84
000260 119
000283 138
002683 68
001615 37
001185 51
001974 142
002523 122
000456 6
002369 130
000435 200
000300 76
001763 62
002485 13
002865 2
001933 19
000439 45
002374 31
002025 85
002452 11
002613 65
001627 9
000293 19
001838 35
000279 45
000656 52
001059 58
000733 93
000554 119
002143 68
002914 27
001901 63
002294 10
001192 36
001527 110
001996 110
001357 52
001695 10
000776 52
000427 52
001787 27
001187 78
002198 80
002275 111
000866 6
001710 92
001793 18
001246 74
000901 111
002748 54
001529 135
000602 92
001292 92
000218 45
002269 16
000214 6
000036 119
002443 92
000368 25
000013 122
000477 97
001721 84
002283 27
002744 31
001085 118
002904 204
001633 37
000014 52
002112 205
002783 122
001024 166
000965 118
000608 40
002062 76
000436 34
000018 57
002813 92
001783 66
001804 6
002397 122
002256 136
001115 59
002390 135
001954 92
000345 122
002844 31
002600 26
002647 52
001718 92
000033 52
000373 31
000658 96
002221 102
001087 52
002457 52
002929 65
002249 23
001317 137
000861 76
001608 36
000045 19
001535 93
002878 62
002971 40
000490 58
000504 53
002261 10
000134 25
002109 72
000691 144
002075 121
002149 137
000975 111
002999 124
000777 27
000789 2
002569 6
000364 119
002358 80
000796 84
001937 51
001629 104
001277 92
002593 27
000940 37
001506 112
002490 37
000648 52
001004 166
002525 65
002111 92
001173 138
000484 4
001811 59
000053 206
000243 31
002084 11
001986 97
001203 11
000739 15
002169 119
001300 52
001020 31
002093 107
000837 78
002125 153
001745 134
000369 45
000268 23
000729 138
002493 70
002552 25
001520 2
001034 63
001713 39
002334 117
000296 52
001849 93
000626 45
000278 26
000498 45
000485 68
001521 118
000183 119
000971 31
001852 13
002225 4
000685 54
001769 130
002976 178
002085 27
001181 85
002051 65
000755 15
000509 55
002546 80
002357 135
001982 41
001439 37
001446 55
000142 118
000865 119
002232 24
002323 118
001011 65
000849 80
002560 92
002780 93
001995 92
000888 31
000118 121
002162 52
000546 111
001790 11
002214 122
001977 115
002233 42
001984 97
001397 42
000275 12
000705 155
001025 42
001591 37
001565 107
001743 68
000384 119
001430 106
002610 52
002911 63
001830 42
000177 25
001360 15
002428 135
002568 107
000831 127
002556 80
001643 11
002462 19
001634 63
000623 80
002921 11
000859 135
000642 165
002307 152
000835 138
002711 107
001499 68
000338 65
002447 67
001448 12
002654 71
001965 46
001685 34
002529 119
001144 52
002966 15
001706 16
002924 40
001739 115
002708 43
000790 84
002305 40
000969 114
001668 7
001689 119
001899 45
