0 12.482341289520264
001958 0
002088 1
001395 2
001521 3
001099 4
000394 5
000029 6
000100 7
000352 8
002021 9
001353 10
001145 11
002856 12
001226 13
000298 14
001786 15
000127 16
002758 17
001597 18
002028 19
002997 20
000682 21
000046 22
001437 23
002748 24
000302 25
002649 26
001608 27
000637 28
000548 29
001266 30
001271 31
000679 32
002613 33
002157 34
000706 35
001509 36
000111 37
002354 38
002178 39
002049 40
000283 41
001101 42
000561 43
000564 44
000578 45
001820 46
001951 47
001560 48
000300 49
001923 50
001066 51
002039 52
000535 53
002924 54
002766 55
002227 56
000274 57
000395 58
000193 59
000099 60
001202 61
002631 62
002246 63
001229 64
000541 65
002389 66
000042 67
000956 68
002329 69
002621 70
001136 71
001598 72
000206 73
002260 74
000004 75
000621 76
000536 77
002361 78
001491 79
000293 80
000928 81
002301 82
001661 83
000433 84
000749 85
000608 86
000614 87
000789 88
001989 89
000784 90
001793 91
002030 92
002472 93
000797 94
002186 95
001673 96
000714 97
002213 98
001966 99
000528 100
001637 1
000051 101
002816 93
000292 22
001431 22
000221 52
001824 102
002460 103
001552 102
002161 52
002546 17
002767 30
002964 17
001154 98
000814 30
001947 52
001590 36
002699 52
002673 30
002365 29
000005 104
000726 90
002456 90
001948 105
002681 106
000007 63
001105 88
001293 88
002710 50
001630 36
002849 20
000526 30
001927 52
000912 68
002097 30
001855 12
000774 90
000590 107
000903 108
002600 36
001968 73
002930 39
001684 3
002704 28
001847 43
002583 17
001662 97
000307 30
000517 94
001614 104
001587 19
003000 39
002572 109
000041 39
000367 73
001652 73
000589 97
000011 39
002687 3
001239 110
002337 39
002689 111
002342 100
002338 29
002657 112
001827 50
002947 52
001376 105
002797 67
001219 12
001127 102
001987 39
000322 47
002923 47
001407 47
001563 88
000397 100
001434 113
002146 63
002191 100
000772 52
001242 31
002739 30
002770 88
001146 73
001656 12
001754 103
000112 114
001698 59
002668 27
002535 100
002692 90
001525 50
000331 30
002697 103
000256 115
000158 116
000319 28
000631 117
002207 52
000315 52
001826 50
002960 93
001545 68
000855 54
002016 118
002398 30
000347 29
000599 94
000856 119
000443 29
002333 1
002001 119
002848 20
001534 52
000762 47
002012 112
002901 30
001358 37
001638 97
001078 29
001991 120
000966 101
002276 101
002195 52
000587 101
000066 105
000937 30
002485 100
000731 1
001235 94
001132 95
001472 3
002317 36
000757 121
002027 68
002250 90
002515 57
002256 103
002953 93
001594 17
001609 78
002052 78
000798 106
001269 101
001774 4
000249 59
000108 50
002419 29
002750 68
002129 28
001901 50
002891 78
002763 12
001505 73
002318 36
001393 112
000228 22
002602 93
002037 22
002684 122
000976 58
000886 29
002596 22
000225 123
000917 102
002183 30
002403 94
002625 100
001675 83
002238 37
002046 49
001527 39
002287 78
000488 78
002783 30
001733 19
001326 3
001768 47
002778 17
002035 30
002628 94
002804 12
002253 52
000559 102
001696 28
002426 30
001653 63
001454 30
002455 43
002677 90
001065 124
002616 30
001261 68
001992 125
000871 78
000231 78
000018 113
002552 126
001574 63
000955 88
001072 78
002527 127
000305 109
001702 30
000791 31
002610 59
001929 101
001256 115
002779 67
000665 94
000219 102
000188 95
002961 102
002990 30
002066 128
001932 28
001538 95
000601 32
002617 91
000930 65
002210 30
001166 68
002768 58
002357 129
000522 37
000304 110
002067 43
000758 73
002170 47
000261 12
002299 100
001952 63
002497 68
000368 39
002071 68
001643 94
001679 31
002189 36
000988 58
002427 29
001081 3
000910 97
001164 52
002033 100
001302 101
000383 95
001769 130
000611 90
001381 30
002281 78
002107 29
001172 90
002998 93
000082 12
000152 30
002429 30
000962 94
002785 114
000202 100
001306 131
000672 32
002023 132
000055 105
000439 29
002438 52
002391 30
001422 68
001537 31
000166 133
002502 97
001129 97
001005 100
002839 68
002029 30
000914 9
000482 59
000500 52
001797 68
000919 82
001903 59
001194 49
002962 3
002151 58
000162 83
002926 52
000813 40
001238 22
002733 114
001405 50
000076 100
001163 94
002075 42
002794 103
001488 29
002703 32
001398 94
002025 90
001777 83
002288 52
002983 112
001876 67
001834 59
001909 101
002705 119
000404 93
000232 93
001334 16
002332 28
001042 10
001448 97
002590 68
001914 18
000606 100
001249 32
002821 19
002445 134
001143 10
002441 98
002922 59
000204 97
000785 119
002373 68
000014 68
002208 135
002905 90
000676 83
002885 83
002603 55
000465 17
000775 95
001935 67
000496 10
000803 12
000170 12
002449 47
002169 36
000959 49
002965 84
000446 113
001457 29
002002 3
001423 64
000896 103
000429 97
002658 103
001735 101
000196 102
002556 17
000547 136
001828 104
002897 100
001585 97
001567 88
002549 29
002746 63
000088 137
000633 103
001959 17
000583 68
000257 101
001090 52
001814 93
001411 138
000048 113
001651 110
001530 119
001248 139
001503 12
000059 59
002731 22
002683 65
000073 52
001811 52
000474 78
002577 99
001382 47
000124 23
001217 10
000881 101
001336 29
002399 41
001148 102
001354 114
000336 100
001495 73
002230 100
001917 31
002486 29
000181 100
001451 52
002543 17
000617 124
000121 30
000109 50
002790 29
001962 113
001579 124
001704 140
000750 94
000684 12
001724 90
002545 50
000172 47
000103 95
002458 28
000773 30
002232 1
000416 73
000491 129
001165 43
001141 30
002769 29
001329 24
001378 100
001399 42
001612 55
001400 29
000830 78
001308 101
001352 52
001602 141
002728 114
000182 3
001681 41
001688 39
000178 55
000694 1
002400 55
002678 88
001012 105
001916 88
000286 78
000899 105
000894 27
002086 2
002913 132
001851 78
000701 95
001455 47
001404 93
001187 102
002235 102
001224 12
002096 100
002608 28
002083 95
001919 102
002175 48
002915 88
001142 119
002630 30
002966 1
002372 3
000276 3
001297 103
002171 102
001562 93
001843 41
001408 31
001645 139
001971 20
001593 95
001370 142
001323 127
001605 93
000867 30
000946 83
001300 68
000980 29
001856 63
000222 3
001994 2
000922 97
001433 59
001074 2
001895 43
002393 43
000138 143
002578 12
001364 100
002831 37
002504 79
001029 144
000603 22
002701 145
000837 102
001837 22
001001 28
001818 36
002100 22
002184 17
001040 22
000440 47
002496 30
000095 59
002743 144
002000 19
001179 29
000269 101
000033 68
000200 19
001489 102
000229 30
001139 102
001610 100
000303 100
001550 43
001938 108
002665 22
000135 59
002799 50
000809 67
000680 74
001957 92
000841 10
000481 32
002379 113
001708 52
002749 113
002544 101
000689 113
001604 59
000686 31
001436 19
000288 91
000703 141
000502 94
000120 146
000365 132
002435 93
000558 147
001317 94
000562 19
002143 58
001152 99
001556 122
001978 30
002599 93
002229 148
002280 127
002307 149
000667 50
002793 137
000725 73
000574 30
002806 31
001121 100
000234 3
000907 93
000342 32
001189 62
000083 41
002777 94
000189 55
001672 84
000550 27
000805 10
002397 55
002553 12
002203 93
002792 90
000544 90
000478 30
002304 100
000817 95
002753 93
000398 30
000935 1
000655 32
002269 113
000708 149
001010 22
002018 28
000251 73
000974 59
001225 125
000786 139
000281 39
002857 99
001478 58
002974 28
000792 100
002346 114
000778 83
000675 24
001790 94
001218 68
000938 12
000430 132
001013 112
001654 110
001711 28
000556 105
000187 93
000167 100
000995 43
001237 50
000477 58
001027 88
001761 30
001808 78
000057 12
000209 74
002511 99
002380 12
002506 150
001498 99
000426 24
002645 50
001559 52
000242 20
002757 116
001570 132
000570 63
001267 17
002194 17
002247 42
002048 90
002881 68
002532 19
001174 94
002283 32
001557 49
001178 54
002619 95
002654 100
001930 24
000651 82
002634 33
001518 93
001017 100
001501 95
001460 48
001231 104
000560 19
001409 30
001974 10
000738 95
002564 93
001745 67
001295 55
000826 151
000624 139
000220 99
000258 43
001282 37
002775 29
000926 19
000217 112
000511 67
002367 59
001588 12
000593 100
000493 152
000332 22
002829 153
002216 29
000415 63
002132 52
001045 24
001908 71
000645 74
001823 139
001039 93
001508 39
002271 73
000639 48
000944 28
002615 90
002585 127
000195 28
000575 29
002362 55
000818 129
000958 154
002765 30
002711 50
000897 47
002772 48
000840 124
001396 41
001862 10
000636 52
000721 24
000255 95
002118 2
002005 52
001731 30
000192 27
001773 93
001484 39
002989 39
001206 50
001819 119
002951 62
002862 19
001504 114
001420 113
000453 94
001418 88
000197 47
002918 73
002457 32
000534 24
000878 28
001037 58
000460 24
000487 100
001892 34
000681 30
002453 114
000419 110
001350 102
000877 30
001650 90
001900 39
002330 91
001709 37
002105 90
000454 37
001414 39
002876 52
000580 100
000125 32
001898 58
000339 16
001416 50
002858 94
000090 90
000447 155
002106 12
001893 39
001150 32
001925 36
001848 153
001918 16
000997 48
000734 78
000628 18
002609 90
002512 37
001939 36
001240 100
000330 27
001428 1
001469 88
002388 95
001578 95
002626 90
000545 30
002693 83
002614 36
000369 29
002642 105
002802 113
001222 36
002396 93
002991 52
000994 90
000458 58
002402 52
001337 39
001443 41
000737 141
001564 83
002601 37
002061 78
002986 62
000736 156
001442 114
000933 39
001021 67
001993 1
000661 79
001033 73
000423 46
002450 157
002805 55
001061 102
001044 108
000289 100
000471 141
002326 52
002174 117
001088 158
001907 95
001912 3
002877 113
000227 47
000761 29
000577 78
000092 47
000515 52
002364 52
000271 154
000518 159
002384 103
002202 36
001046 160
002718 62
002836 161
002914 62
000960 103
001388 12
002482 59
000769 29
002371 29
002520 100
001860 46
001228 162
000985 28
001813 1
001402 84
002295 100
002871 163
000847 31
001961 137
002900 30
001160 114
001806 29
000469 100
002940 22
000969 88
001197 100
001792 30
001967 3
000341 10
002298 19
002315 39
000900 113
001069 3
001186 47
001343 59
001576 47
000693 159
000588 63
002254 93
000131 137
002423 95
001397 47
000554 36
002323 58
000656 59
000445 78
002650 39
001483 30
000094 90
001157 98
000768 84
001386 98
002937 32
000134 39
002931 50
001051 99
001721 114
002854 17
001566 116
000859 129
000552 1
001543 3
002376 136
002302 54
001490 145
000609 36
000349 164
002297 24
001700 30
001622 58
000613 30
002488 138
001833 95
001717 43
000710 3
000573 67
002869 165
000744 94
000704 28
000925 102
000183 3
002788 91
000243 30
002807 94
000371 55
002076 68
000441 49
000654 132
002709 90
000709 43
001383 30
000024 50
002141 103
001118 17
000934 28
000858 95
001227 83
000509 31
001003 100
002274 63
002723 12
002300 59
002470 28
002909 52
002999 19
002392 102
002131 10
001782 94
002009 59
002032 52
000765 3
001669 93
000486 1
000237 30
001211 48
002349 67
001071 127
000713 12
002461 52
000646 28
002932 2
002906 30
001458 166
001692 101
000616 29
000671 59
002671 50
002791 31
002185 42
000901 22
002789 90
000986 135
002110 93
001392 114
002969 37
000207 159
002313 50
000031 57
000259 141
001265 28
000174 1
001283 29
001292 93
000860 28
001170 73
001618 103
000444 52
002698 114
000808 100
001180 16
001016 112
002774 90
000494 12
001195 114
001931 17
001857 94
002410 100
001467 30
001216 52
001309 36
000973 139
001766 50
000442 94
001659 94
001444 28
000690 3
000764 30
001272 58
002522 43
002444 19
001133 32
000017 58
001232 57
001439 28
001660 36
002069 78
001247 110
001906 95
002257 79
002934 49
001115 52
000615 32
002125 114
000422 97
001788 52
000918 98
000586 18
001144 68
002663 32
002745 50
000077 167
000191 36
001234 30
002165 103
002007 3
001345 110
002167 100
001549 43
000002 93
000640 102
000376 110
001697 39
002479 10
001936 31
002478 100
000746 102
002666 3
000643 52
000190 123
002109 78
002309 129
000012 39
000354 97
002622 113
002529 36
001360 1
000201 131
001611 159
001686 43
002667 83
000448 30
002014 43
001934 94
001514 103
001988 159
000882 141
001190 17
001059 120
001762 58
002980 42
000116 90
001385 47
001926 22
001867 104
000407 99
002995 29
001366 31
001028 10
002840 22
002102 94
001945 12
001502 100
002889 30
001625 159
002464 97
002316 90
001933 3
000326 82
000941 29
001298 59
002643 106
001095 100
002471 92
001805 22
000853 68
001920 24
001103 99
000779 50
001130 91
002725 95
002569 43
002089 52
000141 52
002239 100
001749 149
000390 155
000821 30
002612 47
000698 47
002846 43
001209 105
000485 58
001137 123
001736 94
002036 47
001331 95
002985 36
002439 95
002344 12
001606 29
000025 50
001356 27
000102 3
000629 19
001730 32
000993 95
002719 98
002407 22
000009 95
001067 58
000364 36
002887 50
001014 93
000401 29
002197 58
002865 88
002054 68
000039 50
002112 168
000865 36
000346 90
002115 120
000386 159
002868 43
000788 100
000208 65
001054 169
002101 73
001737 58
001335 9
000049 105
002019 58
000670 95
001689 36
002623 52
001829 52
002164 52
000294 68
002707 135
000895 19
002513 73
002103 28
000984 63
001113 39
000632 89
001547 109
000213 28
002063 94
001781 117
002459 36
002214 55
001676 77
001476 113
002160 29
001832 170
001809 52
001924 58
000224 43
002641 109
000524 30
000230 94
002124 49
002159 52
002744 30
002781 1
001714 119
002251 141
000584 43
002547 30
001124 90
000829 100
002038 102
002010 95
002982 63
000822 90
001250 125
001205 100
001779 90
001727 160
000399 71
002140 95
002782 52
000892 84
000748 17
001464 43
001897 67
000038 101
002912 28
001510 154
001849 52
002237 28
001649 41
002566 81
000373 38
001162 30
002311 102
002700 3
001738 28
002065 30
002385 29
001288 100
001092 73
001147 103
000295 114
001743 58
000978 88
000260 125
000159 56
001153 31
000971 30
002796 135
002662 113
001671 52
000846 12
002286 52
002819 43
001540 108
002116 89
002837 67
002079 100
002044 95
002163 97
000514 43
000068 125
000538 22
001706 71
001852 100
002917 171
000310 22
000801 37
002508 159
002911 50
001084 90
002533 27
000126 172
000069 173
001535 48
001245 52
001760 29
000150 88
001755 17
002180 31
002646 82
001387 99
001864 59
000921 155
002780 48
002431 174
000437 36
002218 97
002568 50
000852 41
000673 30
000061 12
002853 73
000265 89
002713 94
001324 127
000457 18
000597 100
002047 94
000983 3
002716 12
000210 175
001767 176
002929 140
000203 29
000348 97
001871 146
001785 177
001085 3
002352 58
001110 59
000702 88
001541 42
001838 79
000635 52
001449 90
000835 41
001674 43
000268 132
001858 178
002494 89
002147 113
002640 22
000810 30
001123 179
001646 58
002861 37
001207 98
002156 68
000982 45
001035 30
002558 22
001771 100
000052 12
000306 119
001647 19
001555 52
001954 97
001038 152
000727 28
000370 112
002648 36
001221 180
002413 95
001363 181
000105 59
001678 55
001286 99
002452 94
001720 39
001728 101
000576 68
001497 19
001996 152
001995 97
002127 43
002375 83
001580 58
001355 29
001685 119
001094 91
001874 68
001158 94
001403 100
001109 93
002987 24
001726 32
001116 90
000436 24
001815 43
001499 65
002353 55
002467 67
002495 63
001036 59
000211 52
000054 22
000780 73
002587 88
000387 63
002422 138
002992 100
000147 93
000499 67
000620 2
000996 50
001795 132
001861 88
000794 52
000510 93
002137 52
001854 177
000168 3
001883 117
001607 73
001866 31
002655 22
001453 28
001759 182
002882 183
000759 67
002114 92
002727 151
002057 36
002952 95
002498 36
000662 108
002561 12
002605 164
002152 119
002686 101
001294 95
000663 68
002523 55
000530 73
001273 59
001946 184
000060 141
000949 39
001648 30
001682 3
000282 70
001184 139
002988 90
002606 36
002244 62
002205 31
001536 63
002176 64
002825 63
002822 29
001327 117
001571 78
002484 94
000854 119
001904 62
001277 31
001284 30
000519 82
001526 88
000806 95
002680 68
002637 93
000711 59
001722 139
000050 12
000644 185
001007 10
000802 97
002133 19
002055 17
001311 57
001791 30
000850 186
000425 29
000417 59
000001 187
001482 62
001410 117
002773 52
001830 47
001270 113
000177 39
002404 55
001565 50
000513 43
000537 73
001287 167
000920 102
001463 47
000362 124
002243 47
001140 93
001655 63
001658 67
000337 36
000767 188
001349 112
000435 98
001863 82
001055 63
001533 78
002660 52
002720 73
002759 141
000408 114
001263 73
002541 103
002872 100
002898 22
001318 189
001330 166
002437 100
000381 190
001553 159
002113 29
002580 30
001956 91
002358 17
000579 139
000479 93
001748 31
002308 19
001783 105
002040 24
000420 50
000626 29
000040 139
001168 177
001481 83
002448 47
001060 129
000081 97
000947 22
000074 94
001126 50
000557 64
002041 159
002795 95
001253 93
001725 93
001632 58
001589 59
001596 95
002291 98
000542 31
001462 32
000508 52
001182 28
002462 3
000489 88
001125 83
002242 47
001542 90
000389 32
000218 20
001018 173
001246 22
002855 30
001629 185
001291 24
000463 77
002518 68
002473 32
000862 29
000527 58
002351 90
001963 29
000284 55
002306 55
001471 36
001087 59
000873 34
000591 101
002382 170
001577 3
000065 53
001083 48
002551 94
001280 59
000605 30
002737 31
000730 185
002006 22
000353 58
000954 39
001401 103
002627 52
002182 73
001922 104
001380 2
002714 159
000035 93
002776 31
001406 59
002240 78
002386 102
000020 34
000623 49
002592 29
002099 93
002355 104
002314 39
001275 36
001784 94
001082 158
000164 98
001703 102
001177 58
002814 94
000199 114
001233 95
002928 185
001516 59
001882 31
000409 139
000143 130
000023 98
000205 112
001213 82
001365 188
001006 22
000642 141
001699 39
002688 139
001344 93
000385 138
000889 139
002729 30
001086 91
000173 3
000532 56
002812 73
001340 17
001106 58
000400 102
002735 68
000641 3
002880 191
000720 192
000391 12
000936 20
002363 93
000139 114
001149 28
000787 68
001586 124
001119 37
002874 132
002845 18
002374 30
002434 30
001374 55
002490 28
000953 41
002638 90
001196 33
002574 31
002436 113
001575 29
002669 88
002754 124
001290 32
000129 58
002425 125
002867 3
001332 68
000161 41
000932 95
001389 95
002888 134
002085 32
001853 30
002335 73
001379 17
000421 52
002405 68
002480 127
000287 139
002432 73
001865 50
001041 141
000133 50
002787 29
001894 141
002565 159
001080 158
002994 59
002111 97
002390 37
000136 119
001214 36
002895 10
002721 92
000212 50
002296 155
002139 91
000275 59
002050 37
000089 83
000751 104
002293 139
000299 112
002950 103
000568 48
001627 93
000262 130
001729 52
002724 28
000316 95
002130 83
000104 95
001615 28
002024 100
001070 9
002584 95
000927 93
002369 112
002454 27
000366 102
002588 119
000529 114
000045 3
000309 12
001506 68
001551 3
000449 98
001375 100
000572 16
001135 101
001204 129
002263 44
001173 41
001319 12
000600 28
002148 97
001960 166
000834 91
000942 30
000063 24
001683 59
000987 137
002134 17
000333 42
002633 22
002264 83
001896 63
002236 48
001167 30
000630 1
001885 127
002539 68
002136 29
002708 154
002272 24
002415 95
000824 52
001223 27
002348 39
000461 132
001859 59
000160 30
000740 50
000008 12
002162 59
000372 22
002696 47
002080 43
000084 110
001873 47
002417 100
002907 31
001507 114
002817 31
000428 133
000290 42
002695 90
001554 100
000240 114
001944 17
001198 31
000770 82
001624 132
000402 36
001664 101
000155 52
000619 22
002571 93
001091 105
000296 95
000431 17
000280 89
002020 102
000582 137
002815 32
002933 119
002331 102
002595 102
002068 155
000719 50
001657 55
000723 98
002920 28
000596 151
000970 47
001600 64
000699 97
000977 46
001104 64
002717 113
001339 193
001817 29
000951 59
001212 43
001429 31
001670 61
000427 59
002908 43
000176 194
000080 22
000594 52
001348 42
001515 28
001546 73
002847 95
002150 104
000492 29
000989 27
001447 43
001975 59
000755 1
000825 110
000495 182
000800 43
001002 65
001626 68
000848 41
002060 95
002074 99
001468 63
001965 56
000888 30
002828 149
001712 29
002859 127
001789 78
002321 89
001079 77
002925 124
001886 130
001371 10
000140 71
002158 97
002285 47
001665 19
000410 113
000013 55
002199 30
000405 102
002740 22
001098 19
001220 73
002967 28
000793 102
002292 94
001842 12
000952 55
001910 90
001210 68
002893 47
000975 22
000475 105
001942 113
000216 59
002824 29
000501 19
002756 73
002064 39
000472 19
001584 68
002732 22
001635 1
000539 29
001979 125
001131 22
002492 175
000991 73
001305 28
002943 95
001009 146
002894 42
000875 24
000497 31
000312 101
000132 81
000252 29
001315 31
001519 132
001048 50
002168 59
000137 19
001752 27
000648 59
000595 59
002559 93
002339 159
000585 90
000811 102
001803 3
002412 29
002090 37
000279 29
000360 83
000030 195
002341 12
002122 168
002463 100
001732 95
001427 141
001264 196
000351 105
001430 82
002119 141
002483 41
002108 3
002098 52
000028 32
001878 113
000148 95
000660 102
002509 109
000022 43
000571 132
002017 94
000047 129
000752 29
000650 17
001887 89
002826 185
000869 45
002842 101
000891 68
001321 47
002356 84
001052 17
002381 55
000828 68
001022 30
002166 114
002598 28
002830 52
001663 3
000034 17
001844 100
001512 119
001417 19
002860 30
002209 90
001058 119
001520 88
000598 68
001011 73
000861 114
001642 93
000010 132
000091 93
001075 30
001985 102
000790 114
000263 197
000712 28
002305 95
002094 182
002864 50
000149 100
002653 29
001244 1
001415 67
002741 1
000079 37
002530 47
002212 9
002652 59
002892 67
000998 95
000036 36
002120 58
001413 93
000235 73
000350 30
000324 29
000003 190
001031 17
002368 73
002959 30
001756 43
002903 145
001477 17
001274 39
000816 22
001049 29
001241 100
001419 104
000939 108
000396 175
000782 119
002011 38
000863 58
001816 1
002430 43
002996 49
000504 156
002475 24
002639 97
000384 119
001750 49
000311 19
001619 88
002241 127
002031 17
001941 93
000905 19
000521 4
002153 104
001778 22
001691 3
001780 28
002350 164
001230 22
000760 112
001812 62
002674 165
001368 59
001734 37
000664 140
002607 12
002916 36
000743 62
002226 52
002808 94
002501 36
001513 16
000027 91
002586 100
001015 30
000967 12
001601 31
001973 31
000683 67
002579 93
000864 68
000992 28
000915 119
002084 4
002521 100
000186 155
001765 43
000923 52
000075 52
002224 30
002810 73
002752 67
000741 45
002334 138
002582 110
001744 22
000820 29
002192 88
001117 100
001710 31
000157 47
000832 168
001359 3
002528 120
000503 1
002611 63
002870 31
002984 132
002045 88
001981 36
002378 126
001057 95
001347 17
002958 83
000356 36
002360 66
002820 30
000724 90
001977 52
000245 42
001299 28
002722 93
000393 95
001747 88
002624 29
000086 17
000747 182
001181 104
002228 30
001316 95
002091 191
001102 30
000913 29
000963 37
000555 55
002347 59
002863 49
002834 84
000107 3
002008 12
000438 28
001801 2
000171 24
002656 100
001986 182
001372 138
002123 41
001677 100
001159 97
001128 17
002058 52
002370 28
002059 39
000827 28
002416 95
000285 110
002712 27
002726 39
002899 3
002591 55
001441 119
002188 43
002319 83
002570 55
002004 100
001251 190
001955 93
002154 88
001257 3
000056 114
000483 37
000044 159
001822 59
001544 46
000321 28
001342 63
002135 105
002971 61
001438 67
000238 185
001798 94
001810 90
001004 122
002803 141
002514 30
002290 102
001200 29
000301 88
000943 52
002265 101
001260 65
002294 63
000464 88
000006 82
000842 139
001869 108
000327 52
002282 198
002576 50
001465 22
000893 22
002062 114
000695 199
000388 164
000604 200
000843 37
000323 59
001868 36
002879 100
002275 22
002531 165
002468 146
002946 65
001281 20
000831 192
001905 117
000456 43
000308 144
002121 105
002051 73
001303 1
000329 63
002977 93
001705 41
001719 19
000480 54
002919 65
002510 98
000118 74
001972 59
001558 159
002734 3
001030 77
000467 52
002440 28
002249 132
002594 29
001970 132
001199 68
001357 59
001902 73
001976 201
000777 32
000569 9
001787 32
002636 100
002277 120
002941 52
001093 20
001258 19
001999 129
000085 29
001666 59
002685 32
000756 99
002144 135
002200 16
000512 59
002902 93
000732 63
002221 137
002320 113
000531 100
002345 31
000766 28
001480 50
002003 10
001362 29
002491 78
000375 159
001634 50
002784 24
001185 83
001715 114
002536 59
002081 29
001794 114
000239 93
000128 117
000355 22
000165 132
001511 59
002875 1
001320 55
002477 17
000473 42
001998 102
002481 47
002043 108
002408 158
002138 30
002411 29
000098 1
001840 22
001024 122
002015 12
002948 100
000450 102
000551 109
002694 84
000277 39
002267 30
000179 1
000434 58
001341 68
002852 154
001592 191
001644 159
001517 113
000742 100
000868 202
001770 27
000484 158
002022 159
002938 29
002324 34
002359 3
000781 123
000549 179
001964 39
002833 31
000783 145
001890 10
001008 117
002394 100
000674 141
002204 93
000687 50
000876 88
000459 103
001990 108
001911 78
001268 30
000753 32
000122 158
000700 73
002811 203
001445 156
001949 132
002233 47
002087 19
000032 102
002155 98
001751 77
002072 95
000070 105
002838 114
002647 68
001120 59
002813 93
001191 74
001532 70
002851 16
001243 41
000266 50
002421 179
001459 53
001913 39
000505 179
002325 73
000340 50
002604 95
002620 159
002234 97
000799 24
000931 91
002540 28
000745 63
000979 89
002424 59
000062 159
001776 185
001603 100
002927 49
002955 47
000142 112
002786 22
001568 58
000194 204
000647 36
002082 59
000361 17
002747 88
000058 84
000359 16
002672 52
001569 114
002117 52
002340 32
002095 22
000924 98
002042 27
000278 36
002201 17
002944 39
002273 97
000382 28
002193 58
001452 3
001391 120
001025 47
002442 90
001953 9
000067 123
001056 172
001740 108
002077 36
002343 114
000114 4
000246 132
001440 100
001023 129
000981 100
000412 108
002262 24
001063 190
000117 141
002890 119
002690 71
000248 59
000666 31
002651 37
000093 112
000115 93
001377 52
002303 166
000119 24
001982 19
002181 68
000163 28
000264 205
002978 4
001314 58
000247 27
002428 129
000776 59
000553 68
001114 88
002474 68
000581 42
000845 10
001461 78
002476 28
000652 39
001171 95
002942 29
002936 59
001369 95
000898 114
002921 94
000677 30
000015 52
000968 68
001107 129
000241 78
001255 52
002322 94
001937 83
000685 24
000169 3
001640 146
001134 28
002420 30
001879 59
001716 29
000272 29
001474 55
001254 206
001548 123
000215 139
002597 63
000345 55
000839 48
001616 52
002196 52
001836 64
000796 48
000413 95
001713 53
000343 122
000948 100
002222 59
001758 82
000378 105
001492 82
000739 1
002542 52
000053 121
000019 49
001310 3
002270 30
002451 17
000999 98
001390 10
000096 12
001500 28
002310 62
002555 62
000180 52
001599 137
000717 52
000185 94
000468 159
000904 59
002702 3
000072 42
002573 117
001899 29
002554 163
002395 141
002516 73
001208 105
002078 39
002866 19
001064 30
001529 37
002206 133
000659 41
002818 1
001839 29
002443 31
001077 112
000455 43
001384 113
002383 36
000403 36
000990 84
001446 207
001473 63
000678 208
001617 54
001252 47
001984 90
000823 30
000964 59
000836 31
001034 50
000175 149
000940 28
000692 90
000335 95
000874 63
002827 49
002056 30
000198 125
000297 83
002832 58
001531 31
001746 105
000123 119
000379 104
002581 55
002211 29
002173 117
002053 100
000916 94
001872 124
002742 93
000612 12
001772 88
002336 47
000957 59
001633 28
001888 17
002993 112
002661 95
000909 23
000507 81
000357 43
001424 22
002873 95
002401 144
001155 95
001723 100
002682 68
000668 29
000887 59
001285 160
000334 101
000154 10
001421 90
002550 17
001841 39
000722 39
000374 12
000313 97
001850 117
001623 88
000043 91
000972 3
002972 31
000523 59
000418 102
000763 198
000658 188
000705 190
000733 48
002499 19
002751 100
000945 112
002217 63
002801 98
002409 18
001807 139
001019 108
001470 47
000908 105
001694 58
000273 119
001494 55
000520 48
000815 29
000819 112
000735 32
001523 52
001639 28
002910 100
001701 209
001122 30
002177 3
001915 170
001884 30
002593 32
000380 95
002252 28
000344 12
002149 144
002145 17
002567 47
001943 73
001804 43
002823 137
002537 28
001262 112
002013 12
001425 93
001595 55
000233 210
000795 17
001707 102
002904 211
001821 50
002563 93
002406 100
002560 62
000113 139
001000 119
002266 17
001583 95
002548 36
002970 24
000226 52
001043 82
001193 82
001450 88
002446 139
001764 22
001667 114
002589 108
002377 100
000849 17
000622 19
002142 114
000214 43
000771 188
000338 73
000804 88
002261 98
001183 28
001169 68
000037 77
000106 109
000363 55
000851 30
001741 58
002414 94
000857 52
001466 68
000566 28
000250 52
002525 73
001475 30
002503 93
000318 93
001201 55
001108 155
002279 22
000653 168
000071 197
001668 63
002659 114
001175 31
001089 30
002957 58
000411 78
002883 30
002387 212
001026 52
002092 95
000540 12
000602 31
001333 95
002843 68
001435 139
002220 12
002466 4
002762 102
000838 30
002736 97
001628 49
000807 83
000883 31
001485 127
000638 159
000424 3
000728 30
001997 47
000377 102
000525 30
002487 168
002524 93
000151 114
001581 95
001950 101
001775 24
000627 117
002850 94
001846 1
000144 88
000718 36
002575 132
002632 1
000567 94
001881 59
002489 22
001156 30
002223 19
001432 3
002760 99
002172 98
002187 16
000880 31
001076 213
000625 101
002935 84
002976 65
001367 36
002231 98
000618 81
001325 17
001983 29
000691 214
002835 29
002289 215
001690 29
001351 119
002844 30
002507 53
002730 113
001831 30
001687 1
001693 53
000466 32
001188 137
001192 27
000146 73
002255 90
000325 47
002706 10
001763 78
000707 188
000715 50
001835 94
002884 105
001112 64
002128 110
000902 59
000688 55
002215 108
001631 49
002278 68
002500 104
001940 129
001825 10
000101 88
000291 159
002493 160
000879 93
001456 216
000392 64
000087 101
002284 24
002715 82
001276 59
001524 9
000476 55
001695 98
001296 127
002093 50
001138 93
002073 32
001236 164
000833 111
000592 101
002979 132
001621 59
001636 59
000110 172
001161 29
000223 32
001053 32
001312 16
002771 43
002104 104
002981 19
000254 47
001073 9
001620 32
001493 139
002691 29
000546 22
002526 159
000950 100
001572 19
000844 57
000064 50
000414 100
002433 50
000885 101
000452 83
001259 195
000657 50
001880 28
001582 89
001487 30
001486 114
001328 73
002418 73
002738 42
002268 73
000078 217
002070 93
002809 24
000870 20
002469 30
002248 54
000451 30
001020 30
001561 90
001980 90
000697 98
001742 58
000812 139
002973 30
000911 97
001522 57
001050 73
000506 52
000406 64
002366 31
000184 159
001877 82
001718 31
000610 88
002675 99
002034 28
002534 19
002327 97
001969 78
002679 29
000021 119
002219 37
001426 100
001591 28
002225 127
000328 103
002755 97
002519 58
001875 78
002538 20
002975 73
000267 73
001891 1
002664 93
001757 188
002179 30
000866 43
002945 141
002886 91
000490 155
000607 102
002465 63
001739 12
000153 17
000890 52
002939 73
002328 42
000270 132
000097 82
002259 88
002618 58
000965 112
001800 68
000872 92
001573 59
000533 145
001068 141
001100 36
002761 59
002126 84
002312 57
000716 152
002198 98
002949 20
001539 93
002954 52
000470 30
000565 30
001799 90
000462 47
001278 100
001796 22
001870 73
001394 12
001346 30
000696 43
001176 86
001753 94
000929 19
001215 74
002635 20
001373 182
000244 39
002800 94
001680 218
001313 41
000649 95
002644 58
000314 73
000156 50
001304 58
001151 93
001802 45
001047 32
001641 52
001307 170
001928 95
001496 94
000026 93
002245 30
000016 53
001322 47
000884 124
002670 112
001361 1
001845 29
001613 36
000498 29
002841 94
000516 114
002968 104
001479 73
001412 95
001096 152
000543 91
002505 27
000634 17
000432 198
002676 98
000729 41
001289 114
002258 22
000317 1
001921 159
002562 83
001338 114
002878 78
000320 138
001032 63
002026 108
002190 140
001111 16
001889 73
001528 12
000754 36
002629 48
000563 95
002447 63
000669 92
000253 54
002956 93
002517 159
002963 57
000358 37
001279 219
001301 139
001203 94
002557 114
002798 159
000130 129
000145 50
000961 55
002896 58
002764 17
000906 3
001097 136
000236 52
001062 132
