0 11.210043668746948
010251 0
001357 0
105997 1
207285 2
395028 3
195469 4
396075 5
011264 6
014930 7
529996 8
426212 9
355363 10
041864 11
027003 12
344527 13
065436 14
054840 15
091066 16
010958 17
201049 18
387500 19
285934 20
199664 21
028721 22
002322 23
102042 24
207801 25
053535 26
089196 27
029715 28
176811 29
403369 30
005663 31
452992 32
492917 33
157977 34
295282 34
270976 35
167940 36
290085 37
082022 38
026614 39
047414 40
070277 41
337800 0
318621 42
230250 43
244763 44
111905 45
016053 46
299213 47
157488 48
001348 49
184310 50
458475 51
491986 52
036860 11
372709 53
389697 54
005909 55
090564 56
395344 57
213254 58
050523 59
474663 60
034942 61
298111 62
379074 63
473220 64
159150 65
008801 66
120397 67
242155 68
029148 69
125673 70
027499 71
158787 72
399900 73
402157 0
018277 74
346892 75
074326 76
027082 77
283725 78
083628 79
006275 80
028885 81
105306 82
113387 83
298974 84
499633 85
267574 86
498120 87
045891 88
348600 0
477290 89
014767 90
043413 91
334285 92
007311 93
029331 94
334070 0
010796 38
244927 52
331289 45
109124 1
489211 70
093397 55
278687 70
245727 7
010563 38
006721 7
097567 70
464321 15
297580 47
218253 40
252821 34
092553 83
083629 38
027331 6
053167 70
118192 36
218188 70
323656 41
480893 0
410236 70
055048 59
040724 49
130098 49
012241 90
471288 95
003321 45
343231 96
011091 38
045220 38
068332 38
137286 38
088340 36
351619 97
198910 1
061377 49
158845 38
051786 91
066854 12
313091 89
091844 79
056302 65
300045 47
011804 39
023070 11
316417 38
014362 91
149383 53
089123 38
356763 70
457660 98
019396 49
311303 99
007148 1
148385 45
072611 100
152612 101
502444 49
228919 56
066256 38
030681 70
293825 102
263379 103
025695 82
286726 55
268897 35
408967 0
156449 38
109744 70
064426 59
155595 38
006438 70
014361 41
020105 61
045561 45
039697 39
008800 49
376825 0
133063 104
311795 105
446982 38
024942 38
092311 45
397469 38
429047 106
006805 49
154637 47
353071 0
075917 38
105596 1
006502 50
107900 74
277847 84
528473 107
418953 0
324876 79
081027 38
244954 42
006069 55
025231 12
095193 102
007167 39
400679 47
014958 79
089358 15
280385 38
531500 108
002930 79
005434 102
091364 0
247056 79
102249 109
062258 50
031712 38
006614 55
012217 82
088660 79
088556 15
059802 107
206197 55
107923 15
449745 59
452739 110
260986 59
021858 67
048053 74
448255 48
042294 67
072463 3
051649 6
020827 29
123090 57
030580 46
370136 42
003260 39
306889 1
385210 38
367398 7
040092 39
013880 49
026054 0
048346 49
470634 35
046983 59
100827 62
039774 70
066929 39
461713 59
017711 11
022286 1
106087 38
108858 48
117143 38
082222 59
105251 111
145012 38
488828 94
024297 70
360166 57
468186 112
058173 23
115123 7
405648 0
034616 28
311255 94
095743 49
318547 45
156299 47
377260 113
233784 56
009031 114
068962 38
474694 115
382258 42
021712 74
009848 91
001842 116
467989 47
001101 26
009661 90
294482 49
399645 38
517839 70
006551 74
024579 39
467106 1
184850 82
035033 117
033833 7
013373 7
020628 61
142484 59
025815 49
081383 49
474746 118
069205 35
288398 70
214006 46
093237 56
159734 63
008066 39
080309 119
000037 0
153445 12
027618 7
022729 49
017171 41
176151 120
018419 91
126808 0
006552 74
001215 82
281055 38
075916 49
132172 56
044317 6
381854 121
028415 20
127449 38
446842 3
214925 84
532438 84
268447 29
002375 74
197922 34
512267 38
100843 46
069356 76
146342 48
228378 29
005724 39
197280 122
068871 7
041597 55
004446 50
011373 77
460039 120
049732 55
085683 54
400841 94
092809 123
143048 94
068558 38
361605 71
095273 124
186212 15
493392 63
044686 40
005094 36
182640 38
508890 106
030621 27
057440 106
004507 6
037620 34
053120 49
020672 70
510223 125
012544 26
009006 23
060504 77
051527 11
306463 70
072620 38
043132 44
063073 40
214487 126
137401 48
397061 1
024862 6
281126 82
010859 23
007842 50
173547 70
112492 91
126974 29
171971 12
062873 32
022508 49
288546 42
266108 70
181662 49
021009 50
471785 0
423800 50
461513 45
172432 113
035933 70
299143 127
019500 6
417490 59
088834 26
266590 50
474371 55
359110 42
169012 61
017258 17
009172 6
423886 128
004408 74
026596 106
024472 82
021876 61
168505 49
084740 46
215846 38
039980 42
047300 50
223210 121
024989 55
050806 90
221251 113
046592 48
382758 106
218411 129
035498 74
007019 130
161207 1
018172 82
501775 131
278381 66
040982 77
519743 94
005092 132
123836 77
454365 57
014221 70
272394 57
446933 12
426676 133
034208 46
340344 0
211842 50
069505 42
124262 134
071913 56
039070 70
128406 38
067545 74
296876 94
018954 50
446491 82
189819 80
448309 79
035842 70
130137 90
012303 90
241311 135
141679 50
484291 28
029993 117
496461 46
291549 3
083048 59
463093 94
145110 59
308316 11
298328 113
528360 26
065326 0
051489 41
046047 7
179928 98
059242 70
047181 49
004550 90
012717 70
278219 48
178157 49
291688 136
065784 7
431686 137
496689 121
011588 23
033043 138
063207 49
320977 139
219729 94
456263 140
046881 28
042973 38
111722 56
373030 141
038315 74
015183 49
192400 0
034816 82
480870 105
103452 27
309423 142
006099 70
020201 70
025937 1
270595 42
084698 35
300205 121
237833 38
183189 50
390259 38
367361 62
501520 143
057127 13
375342 39
065850 34
221762 57
056216 12
164404 144
059367 79
124717 59
277501 36
156737 135
145833 49
093901 56
346313 13
316157 7
407273 3
064335 27
075894 49
309691 42
181129 29
109607 55
410510 106
320035 124
236283 59
035414 6
407087 70
015732 91
047330 56
024118 49
247014 145
102049 42
300537 11
222720 146
055530 77
225059 24
046667 12
320680 121
091951 11
456251 38
395452 38
017595 55
152628 142
037698 74
353380 147
072576 148
339260 71
342116 50
399261 116
007918 50
017456 38
387897 106
407872 149
132545 49
113823 53
099326 49
494812 48
159596 44
068539 23
006748 23
104593 70
147919 0
425373 49
114804 38
000691 38
140857 121
288609 32
042034 55
063213 70
024142 50
076938 99
085510 1
065295 79
203087 94
012304 90
002986 50
298252 106
140488 26
020010 6
082121 71
062000 74
027636 50
377887 1
445581 71
023355 50
028645 121
414291 38
429395 150
014297 11
457493 12
477303 0
299713 49
255764 151
036296 91
005058 1
057405 55
328805 71
052298 61
156491 65
397468 38
026650 82
032837 0
034937 34
094135 15
077345 1
285078 3
012718 70
503111 70
234882 70
453424 118
195942 113
263546 59
040946 152
094946 48
043488 41
059015 153
035032 117
460777 38
006080 40
011521 55
040173 7
010011 117
069708 34
124988 38
322337 56
053434 49
028133 6
001347 49
079873 39
372316 154
190630 49
182874 0
085684 54
414750 135
339417 105
148008 55
278711 36
112586 55
407025 99
030647 70
268654 15
241938 63
038939 59
016524 65
050258 55
121881 155
059997 11
491525 24
025066 28
106997 38
024087 38
258509 156
391598 49
025820 6
150162 3
244050 17
009588 82
226732 41
500841 157
020420 80
067903 36
045623 49
002580 11
093729 47
120229 40
419366 158
310711 159
226245 55
083273 26
012397 27
171706 12
432027 0
015547 38
042621 35
502394 24
346269 160
005855 65
016783 117
180521 49
126970 71
421717 0
188516 158
260106 59
472549 55
025933 49
463850 79
035043 34
144396 38
265037 0
077430 65
003938 23
356840 42
165711 57
021693 23
322185 49
271912 161
074089 28
187145 162
293498 71
212894 12
014772 74
178244 59
081520 90
173869 59
488996 94
213006 56
249718 38
254281 0
071981 1
421387 79
026526 105
483257 105
042016 49
123316 71
039795 7
068870 7
002508 49
012638 74
125452 121
399856 50
107811 38
140581 26
006613 55
020342 90
482014 94
193898 163
496165 77
222125 52
231061 45
136860 71
047413 68
004037 61
151871 27
278085 0
074745 24
519878 39
399334 143
083010 49
037130 27
038557 38
000188 124
010370 49
143295 36
440799 53
047194 12
090721 105
297489 105
102145 164
062742 49
040230 41
107727 94
026774 49
067597 49
489621 53
205836 82
423077 95
141382 121
350717 0
331619 29
079206 15
028722 6
039445 50
381869 28
172042 56
011709 39
378446 40
362102 165
049440 47
000031 26
471006 56
036813 12
360102 15
234592 56
030056 7
022509 49
019254 82
086369 49
126142 36
302973 12
227601 38
053632 38
071508 7
375473 77
411665 47
236710 38
001375 49
143261 130
069074 92
091886 166
311564 106
167136 57
130795 124
006274 49
240163 34
010524 41
051528 26
178158 15
241356 6
173312 35
007445 6
153471 49
169491 59
317260 49
088743 30
505727 38
197017 79
197559 124
009037 6
502376 106
036120 70
018711 59
078623 48
441628 70
114998 167
269000 0
309186 0
061999 74
074656 6
050805 90
027359 34
322130 38
236937 63
439946 0
016520 39
128488 42
047808 29
039332 11
446658 143
180722 13
011708 39
024486 50
371495 79
372487 138
428063 38
181897 57
325088 30
353847 168
039426 77
486307 169
091744 170
067303 6
298195 171
346800 45
051836 70
052284 106
037916 23
000078 29
014288 34
407860 79
114956 125
001376 49
029737 172
009132 71
074017 173
002929 34
114861 71
377061 174
048541 39
010371 7
089059 57
019487 39
528506 121
111212 124
080285 70
235961 175
055070 49
205806 176
399919 121
130752 56
243413 41
010588 135
087439 147
401685 88
061147 27
010359 7
013778 49
004017 49
028132 6
181996 71
099421 12
406599 49
075736 48
312726 177
421783 8
082224 38
068373 40
052949 1
210073 121
006577 36
047724 34
376093 56
075955 1
207541 121
053243 38
069707 46
007976 27
259973 105
396310 178
026856 82
000038 74
066399 124
112965 13
006938 26
444248 38
461944 143
022217 1
064935 15
010311 39
516745 44
330882 38
013430 11
470852 0
020660 179
177432 180
029055 12
005057 1
013690 27
391712 55
076078 27
065381 12
114834 71
248792 47
161554 7
052933 82
060188 0
015954 80
025987 90
242863 82
152583 50
023803 38
010307 106
035211 181
109436 182
213898 48
152806 44
001286 23
011434 26
033093 90
024261 27
016474 41
509958 70
136663 1
027911 41
022630 183
004893 70
074097 49
000027 71
002009 70
476242 184
485009 44
115180 121
067767 55
020307 28
331390 121
009007 23
240454 12
516686 55
107700 56
164217 0
108002 120
012018 185
030971 0
026104 38
217862 166
001885 70
105882 79
054444 50
182935 15
008838 1
486011 71
106091 26
364017 17
137217 68
023640 90
026363 12
008578 40
386248 5
046902 23
130941 0
224152 24
139308 186
226927 59
121567 187
284959 121
076432 65
276557 0
491765 59
010957 0
018420 91
026259 1
003544 7
068398 30
014931 49
261512 38
243075 102
017160 55
414345 79
208934 116
116044 1
298701 74
005375 0
203596 45
037617 26
152779 92
003829 49
035679 29
384311 181
493693 39
000525 90
087130 15
153031 41
243441 71
105883 79
375177 6
020472 49
015139 34
057489 117
240504 0
065109 38
457215 188
358160 106
356139 12
176498 63
239480 99
118673 116
433612 120
482487 59
123507 57
016519 39
072111 26
007754 49
069079 6
023718 11
491809 47
018296 74
130317 12
040060 68
080779 34
029994 117
107492 34
039690 106
037175 38
010564 80
028429 7
497810 71
096383 74
424810 78
140200 70
159296 94
087384 71
007752 40
331482 189
504192 50
077764 76
505131 82
091206 34
060956 90
458478 46
334398 190
086109 49
227177 70
312532 56
031224 39
000433 3
120358 15
119464 63
076902 56
109791 55
021374 74
059385 77
042108 74
025033 65
000526 90
059096 49
297398 113
036152 34
051663 34
477551 168
275377 42
049343 42
070360 15
017754 106
073163 191
159405 50
006070 55
051558 38
282739 76
093588 28
006171 70
508330 192
027517 74
029453 70
033069 65
036435 50
332145 45
003982 50
441491 193
118103 82
054065 79
194015 91
005272 55
180644 45
019199 6
048103 82
317782 7
390651 113
008461 23
121509 6
006313 7
483690 56
253369 29
120668 1
408151 194
010321 6
017308 50
066920 121
013113 50
089546 41
005882 34
481785 105
240539 41
356984 49
024437 27
011882 49
024204 40
069665 168
029377 12
189329 74
467579 82
013748 49
408330 38
465120 28
503489 195
123128 113
005856 65
103035 1
536662 56
045974 1
178498 0
005912 41
044877 6
007975 27
036093 196
143273 0
385521 197
004914 106
481169 3
258009 70
055735 182
189796 82
055843 7
454993 121
391332 1
114951 15
468275 92
361364 15
015115 82
008428 49
283864 80
007168 39
369018 135
443795 198
087547 105
004367 49
257314 199
326766 200
055923 90
013049 6
098263 34
152058 38
239402 201
254282 202
070278 41
032295 26
003121 49
218360 203
508539 45
041016 56
192828 162
052876 56
078819 204
095224 29
018053 49
066219 95
047818 38
318193 45
145125 7
000966 34
026645 205
052345 49
049437 82
191426 39
462051 206
033176 90
061559 59
085165 6
011393 49
223714 59
009036 38
098264 46
050265 2
096246 74
447035 3
002566 12
392368 143
049184 65
062335 68
078383 1
352783 40
186380 207
439867 49
405831 29
032509 26
067852 99
054786 11
053296 55
472806 208
175152 30
028236 74
184653 99
116503 112
110798 59
114209 113
189702 50
005664 49
282919 209
006800 70
433552 13
020826 29
505417 71
418888 38
471559 168
388724 56
477152 49
004251 49
176098 121
170676 68
029614 94
118283 168
170776 82
284437 38
124039 35
020169 106
192869 47
506404 29
079487 79
012214 23
334979 210
142602 121
536364 124
262108 101
138120 80
030400 59
001646 59
398639 1
069550 74
386552 41
235090 211
433311 38
148917 1
531698 98
216590 15
012191 70
275782 49
000642 49
145489 6
316103 23
042586 12
266389 168
145914 38
130011 173
005359 77
068431 6
468755 36
007529 49
245761 65
002438 23
311477 57
497100 0
150483 77
252570 145
170385 41
386010 6
189031 38
533849 138
013779 7
461220 143
009826 38
174567 29
514716 50
063552 65
032317 70
348455 49
330065 0
057736 71
002066 26
029501 34
004264 49
049639 23
217566 49
324676 59
490362 82
284036 212
045126 0
184278 80
047195 12
081242 0
138556 49
164720 56
004848 26
007446 6
051605 213
472363 41
486718 52
155826 109
506935 3
461041 0
454491 55
314803 57
035930 90
067393 49
197387 29
514818 22
014442 143
021770 198
004506 6
068515 42
174191 90
006001 49
056215 12
381253 214
355382 1
092551 49
038502 40
254402 38
263283 64
199396 17
171655 28
024792 90
014287 34
089547 68
040046 23
466878 205
065284 15
077258 215
450453 38
311758 105
379520 77
365504 182
023071 11
361334 0
246772 216
089299 0
022064 23
053870 12
050006 90
056321 42
017651 98
007753 7
071825 90
234555 56
491709 70
404891 47
026773 65
333006 68
049696 23
114783 217
333249 71
185861 218
170275 56
014490 7
514588 56
229868 30
029169 34
036847 7
148400 82
152593 0
082345 74
075768 145
005745 11
140021 34
052522 90
030340 12
184303 106
028639 74
080153 77
022008 49
277944 38
024438 27
098357 36
038296 50
085451 49
007016 38
101241 196
296710 66
018001 88
133649 94
035921 82
293673 168
008154 70
515697 39
043294 23
055435 23
034839 45
233314 92
051617 70
497733 38
473176 15
060733 42
036620 124
295891 106
403933 79
290887 111
011796 34
071740 7
061018 74
082818 95
033427 6
285276 101
234924 219
029413 49
259519 6
394027 23
276985 106
071816 38
017491 6
067788 56
022048 220
210689 6
258913 205
004352 70
463432 6
323037 113
091321 1
026184 74
008067 39
069864 55
401567 50
506673 121
007800 70
102445 49
022873 17
032957 40
062156 6
004950 74
212350 205
414085 42
136896 79
144599 40
356643 0
079431 6
010329 77
090178 1
133591 66
031868 74
182601 3
105595 1
041716 50
041625 41
015953 49
029874 53
175720 143
239980 221
021273 0
372092 70
249792 19
007919 50
132113 82
023367 1
019789 74
365925 222
002559 38
079339 70
092977 49
008475 44
033339 90
075209 50
032423 68
039755 11
133135 48
229179 27
016764 38
040373 61
229696 177
011396 23
334363 0
010436 49
318938 79
115207 105
247869 143
018066 59
007059 82
034819 42
010562 6
023639 90
106451 82
002264 23
031406 7
237983 23
036801 56
249733 26
138134 77
325877 6
003750 82
406683 15
011092 6
213248 0
069277 65
069839 223
056331 7
018753 27
049310 41
535850 7
176844 12
015784 49
008040 55
199582 224
053415 90
043097 90
030696 70
043605 6
346841 225
190330 181
030048 90
196098 96
022218 1
078382 7
193781 48
043745 74
460160 49
183670 55
409136 102
288519 106
108633 59
453479 79
438932 153
420321 205
180592 40
005913 91
034603 22
246663 124
232604 56
006481 90
030554 77
065311 1
032694 0
233989 59
077350 36
017535 0
053467 6
018918 46
132696 94
203014 102
480004 226
027004 12
035314 106
009827 6
419918 36
526558 38
026126 15
093519 46
471929 227
421086 113
056862 194
479568 12
256931 106
046919 34
161827 106
532677 106
236000 12
036057 11
400286 94
273851 46
409664 70
489379 80
024572 34
189337 34
140309 228
117230 110
106677 38
018917 34
217859 113
012441 12
115067 82
044269 70
044474 45
121060 79
134878 50
226647 0
531273 82
056303 65
368672 56
027127 34
231298 34
005123 90
139754 6
334420 27
002581 11
070739 36
002985 50
271428 40
310176 38
504042 49
311141 42
009830 34
018052 93
078187 59
025422 49
048242 65
416536 71
231403 94
099593 7
477463 3
000546 39
170967 19
480335 11
135874 47
078693 40
014850 31
195093 57
334400 98
005358 38
346310 25
078703 39
171822 52
136042 27
396342 28
044318 6
033400 121
005723 39
004039 49
455052 45
028736 11
107152 12
002323 23
003507 55
001886 70
534668 12
004250 49
226178 39
014412 29
028430 7
003939 23
370677 205
005908 55
238437 121
245078 118
013749 7
356165 0
362009 90
345488 121
329417 38
097123 41
421719 229
060125 82
023975 230
011168 49
312757 27
267940 3
101433 145
026613 39
049460 34
000066 56
063168 68
261961 38
012252 50
358965 26
449648 121
076575 212
174579 82
524812 57
060274 49
007312 49
095300 71
011342 7
487312 82
093413 29
027083 77
046237 23
164809 59
140233 117
028280 70
052182 12
175596 176
024473 38
036835 26
183913 231
391690 28
216730 232
015745 39
034952 1
006480 90
152925 105
060263 6
014110 49
179782 72
440457 49
153802 102
310418 177
184711 59
138229 50
339018 3
536744 48
033156 81
004951 74
195244 40
096787 0
378607 186
043721 7
006749 23
149924 39
039086 49
054064 46
046567 71
061179 27
408881 48
136377 67
005938 52
069278 82
020127 27
070263 61
040238 233
003749 82
358637 49
012442 12
009899 38
260919 12
366867 71
147768 106
066734 38
454955 208
047968 38
131177 36
170194 234
424501 50
013689 27
137496 6
162836 77
001039 6
134655 67
104923 42
264646 70
327729 50
118125 6
020126 27
212909 36
465692 38
417647 19
025423 49
012851 61
040229 41
209897 208
281772 113
026185 74
017854 74
285666 5
015309 49
234219 80
002920 49
504225 56
075290 1
261417 122
026264 55
027906 205
297672 57
019981 41
010312 39
147756 29
474271 102
090589 49
384013 39
125972 135
384266 205
042615 49
156658 47
059435 113
393308 49
037921 23
062858 34
011263 38
440909 82
007060 82
001100 26
065098 42
014670 11
081588 68
000759 105
111301 6
169427 235
310373 70
013088 42
085102 47
425819 125
385938 121
208900 52
004040 49
025672 27
420275 236
370536 168
015733 68
333813 26
473438 52
259740 48
059991 237
055585 70
504479 1
004447 50
055061 77
113162 35
064334 27
023593 42
005883 34
405974 11
008885 23
405877 94
015277 38
362592 74
074665 49
003596 6
037657 38
318399 38
052638 15
191820 49
299197 26
075014 49
076452 3
454600 168
003313 72
313838 238
114669 49
018091 1
360851 239
146730 6
266130 113
113767 36
114169 38
068126 7
381703 186
340735 56
111105 38
339057 72
478880 39
048856 106
536363 49
208313 45
032422 41
038984 70
056037 35
083500 6
388362 106
052722 11
318703 240
064694 12
002921 7
240469 49
424690 0
359982 42
001063 53
169806 65
264198 27
485637 1
229261 124
045213 82
004475 34
153694 79
081385 40
245279 26
008577 26
132426 44
014696 6
012639 74
180857 107
182857 241
109656 12
537334 113
003062 82
269286 74
017110 27
055974 11
191586 82
024723 39
138230 38
407036 77
448032 242
251640 41
450531 36
025023 39
123169 198
073544 27
000146 50
085811 49
155087 56
208799 243
002892 7
086097 106
061323 244
207342 195
499024 49
261395 56
014927 6
220694 19
247066 245
184562 52
049438 82
482987 3
470245 205
161265 46
110929 71
233443 113
013650 11
065637 50
002439 23
126090 26
254892 177
038362 38
004368 80
029359 23
437543 173
191934 34
014071 90
161981 28
015632 93
405895 62
140190 56
067855 7
135299 198
321320 38
396092 39
489593 0
020190 49
250573 198
007530 49
052948 1
043898 23
011726 112
043697 45
253411 205
316638 20
016199 6
057933 39
040059 41
470052 52
034554 49
456765 107
008041 55
263164 113
010495 55
176094 0
032831 1
242113 74
036777 143
134780 23
411882 44
367829 34
422197 246
009900 6
019980 68
034756 34
007522 247
380815 29
049414 15
023786 49
102117 59
006727 248
000032 26
326315 55
365708 106
337520 238
003794 38
007801 70
521348 105
312582 15
051475 20
067768 55
321175 94
361963 92
066410 77
054267 49
377262 3
024960 26
012259 7
123339 106
037759 34
099661 6
327561 94
368538 64
056665 65
276632 249
474272 106
089160 70
111478 39
077734 49
317600 56
226812 20
224423 36
166160 250
071948 7
041624 41
006380 12
001287 23
345782 49
479713 40
420406 125
413955 23
482190 80
065116 38
014926 6
100941 70
253241 205
370509 15
000547 39
167444 82
100968 36
016726 47
019399 82
176263 113
032200 74
000817 59
387562 55
318368 12
032645 15
260110 48
111008 114
339610 205
002712 38
122241 105
076936 91
009171 6
062741 49
010473 11
024296 61
083976 52
137822 38
133426 46
383762 38
253211 36
434502 15
015631 49
020096 74
096028 106
061318 1
262969 3
256399 50
107021 82
347358 56
215236 90
392252 205
066465 117
533905 106
145010 166
013756 23
037340 41
460674 42
359423 251
022036 94
082962 168
421100 205
005122 90
084243 36
093145 40
003261 39
018276 79
002067 26
017057 7
002032 95
065980 90
032032 74
075889 44
099106 0
151828 12
469211 6
267209 215
049591 113
003795 38
037006 52
167736 252
024861 6
204525 6
309240 106
080454 41
083195 26
289243 70
336171 29
280380 38
008685 6
170295 49
017259 74
433157 198
004052 23
005656 79
286408 28
063768 121
441289 253
330767 95
474323 121
034135 27
010248 50
175350 130
451754 110
034776 70
070505 41
093414 27
318041 15
066484 39
134237 38
228382 15
095432 94
424203 71
141595 11
004415 70
305640 202
011476 23
527040 117
025318 49
005718 82
023868 0
231140 82
343912 254
138585 48
344489 38
009662 90
001933 50
024272 49
232936 12
024735 23
459649 80
300954 45
205500 47
162078 1
008509 49
054116 7
283672 65
071756 49
180066 255
228674 53
039890 12
311271 256
005514 50
084697 1
061027 143
215185 46
532481 49
064429 49
046925 39
037078 47
018953 50
216192 0
008037 70
439871 121
040091 39
383803 42
097182 71
480704 47
108830 45
006312 49
030835 27
033412 74
066604 162
023147 49
334839 107
087803 27
378300 70
029987 36
328231 257
328149 258
069872 70
284553 105
337035 12
009511 209
058035 38
296476 10
069108 23
021634 15
302477 106
073336 47
043784 38
202974 259
039225 49
007707 77
021492 73
030130 91
019546 11
101414 49
281287 95
040653 11
039850 39
322562 52
004351 70
288818 50
463990 98
106002 38
028713 82
050856 74
026639 45
035003 12
408879 70
068820 49
069862 49
102677 49
057725 29
242875 59
004051 23
165873 41
279554 68
106024 30
427115 106
312790 28
261957 0
024715 67
060557 34
018194 11
163439 77
074655 6
021807 23
005877 55
426717 63
415932 11
016814 11
427048 50
382662 121
395135 106
005042 74
445473 74
000077 27
191409 47
282690 59
365967 186
016346 38
274808 38
202305 7
001961 11
014111 49
400627 38
039651 70
026053 74
053868 146
344315 49
359613 15
009840 48
396316 109
014142 11
146824 1
360637 74
093475 39
118351 255
390419 125
048521 121
017942 12
021548 49
001214 82
205096 162
393798 63
159067 3
135028 38
020601 49
025911 23
372576 121
235089 72
022214 62
080914 39
147657 48
117128 12
115459 38
010234 70
010215 23
207471 45
103047 23
025673 27
042970 50
475340 52
024203 40
001717 46
001183 11
277308 27
081682 63
167907 26
017135 77
145013 70
013144 70
397712 82
001750 49
096474 198
506194 15
017109 27
215410 168
010472 11
019200 6
056424 57
322090 109
515651 27
054749 74
117686 23
281245 42
444607 38
327321 82
007708 38
275889 101
057359 38
109071 90
163635 260
319557 57
056078 205
016782 117
264427 19
058067 205
017490 6
390331 1
115793 12
234122 34
520948 59
339502 26
064362 41
344960 91
287715 0
005746 11
175518 168
358429 62
006079 26
322668 35
337158 56
067460 71
017437 12
055033 176
444855 142
293304 94
006100 70
445259 205
203329 57
204801 186
118873 28
150541 82
356365 261
332421 59
287149 62
198114 255
263212 247
268145 42
002025 91
091007 0
088319 38
081601 205
066930 39
062336 68
344026 0
310641 34
049864 65
176268 41
003350 65
205083 1
127166 8
136744 70
178992 56
010042 63
314002 74
185774 7
041576 82
001062 82
294669 42
316394 113
271197 39
080301 77
517656 56
004476 34
468425 63
366388 70
143461 1
505493 38
181725 166
043700 55
041575 82
054287 11
525213 57
355604 205
221936 41
049788 105
217163 91
023908 23
139798 56
329193 74
098452 34
020012 46
169526 262
055955 82
336255 15
005556 27
174203 7
478186 52
026997 263
144711 70
119685 165
148251 204
026435 113
402381 0
165755 210
073603 12
174014 99
482477 264
213325 84
121808 94
155498 0
221428 39
008462 23
042223 265
019547 11
170110 47
015766 90
438404 82
051939 48
107901 74
054190 121
483757 2
277841 266
139755 6
004044 6
011797 34
124131 205
017761 23
067403 50
082276 0
315658 267
010012 117
019842 6
435450 27
060295 17
463165 56
155441 56
000145 50
370065 121
393365 41
023717 11
008353 90
061483 268
011435 26
485287 1
004038 70
078586 7
019621 74
276150 11
079614 38
017905 56
021549 49
129216 117
475504 39
011167 93
064848 40
018429 11
146508 94
013216 7
035932 6
178751 57
047507 27
017812 74
086522 0
204524 6
167858 77
219753 49
000057 70
097562 63
082970 82
003061 82
120042 11
158918 79
277191 63
344782 42
218260 7
127016 49
320530 106
004265 49
242206 185
041598 38
242167 74
031295 198
111699 178
027851 50
352698 70
159367 106
055782 120
015140 34
116461 0
010161 116
005876 55
015413 27
532042 0
074374 1
235235 81
447494 79
036297 41
216720 38
010565 80
003349 65
467044 269
386682 23
079182 50
180240 82
171256 34
163368 116
001962 11
126503 38
040251 44
399425 1
216769 84
023148 7
034522 53
032924 7
235492 70
459322 166
477852 106
239977 42
030030 143
024523 7
014999 34
184792 42
407143 74
105925 6
371608 209
020128 74
024580 39
045289 36
394580 26
032854 50
004407 74
041760 44
014695 6
048102 53
019329 50
000967 34
025765 27
035894 45
076618 49
445312 6
195943 113
303774 270
005449 7
200258 106
314941 46
164707 130
230643 116
001978 12
526276 124
066853 12
246597 121
284256 49
254916 102
362507 74
035301 23
493781 271
163624 77
391333 1
231724 26
054010 272
327014 38
396641 54
511837 55
157187 205
093170 30
001358 74
209298 121
046127 26
009849 91
005041 74
038211 70
209789 59
030055 93
141142 3
306418 88
002893 49
009632 69
476214 59
421073 55
011397 23
050259 55
010437 7
339191 273
333812 82
326823 49
001182 11
001934 50
039387 91
333741 17
163592 42
264666 48
489644 36
017868 106
184297 70
091205 49
242154 68
012852 70
151533 38
390906 56
009874 12
017159 55
053892 70
056644 113
452219 40
017537 12
053000 90
014129 65
168575 62
498166 135
182152 42
235566 121
061254 82
355594 105
537585 74
039092 274
121937 45
191163 47
074131 57
092097 30
206183 275
108004 38
036836 40
017507 74
492085 52
482700 63
489838 276
261365 0
090513 109
069258 42
030021 23
093146 40
300681 45
028174 12
066152 65
233333 35
121220 106
048082 6
330848 38
015414 27
108894 3
025000 71
138910 0
381165 46
050183 12
272861 62
041669 38
002561 70
025032 65
063934 11
374525 59
061315 34
018355 23
356859 28
241940 0
029425 205
412281 28
082486 29
162765 34
164702 34
037037 56
000877 49
077671 46
063316 49
024779 11
129972 91
128534 94
006937 26
049715 23
065294 34
065743 61
001527 96
273850 198
072573 34
177774 28
363093 277
169735 50
338414 6
006806 65
003506 55
023814 0
286019 92
147552 0
025278 15
108442 107
000876 49
135164 168
171713 39
091414 49
028559 50
413863 0
127922 91
067102 38
335587 28
024471 6
132275 278
056332 7
318197 56
041484 6
275565 212
123592 7
508922 70
007751 26
002374 74
433431 267
036806 34
121442 35
407565 121
035123 39
064674 34
258354 26
033070 65
152406 205
037213 59
016490 50
420263 70
080722 34
017100 6
018758 7
430520 109
403898 3
086762 30
273511 82
025230 12
020607 38
006437 70
044331 74
017506 74
298116 279
281025 44
190018 28
005715 6
011392 49
009873 12
221900 26
116978 1
025984 23
018759 49
055922 90
030047 12
099507 49
071509 49
123848 57
102320 7
444721 263
343082 137
373542 3
060503 38
223695 39
512458 124
124127 36
396879 280
335824 107
383777 3
024734 50
287657 0
001772 55
071446 71
142409 56
201408 59
001977 12
341311 49
328300 45
005555 27
105454 124
501957 50
331120 34
217650 59
416081 205
259511 281
013889 11
407542 122
101696 92
121510 77
386325 48
077414 50
429999 225
018629 17
043544 6
039372 74
295167 282
033031 38
281964 5
050123 56
008839 1
218851 113
434016 81
010249 90
011343 7
458019 71
296461 121
003830 49
410785 121
104108 1
029949 36
002026 41
207363 77
000643 49
269551 62
097466 70
187610 283
015596 91
078670 7
338492 0
459019 284
165146 38
322296 46
078084 90
353242 0
261713 205
024260 27
029716 34
069337 39
479278 1
087132 41
020383 143
479544 38
498348 15
042620 12
244491 49
077287 40
129985 285
389359 0
064428 49
459866 26
343689 82
178595 62
366277 59
010523 41
001718 34
011881 49
302975 110
096805 49
066915 65
429183 74
043626 106
191965 106
484722 36
003595 6
122390 42
010433 70
374098 39
109453 1
156306 38
002509 49
438595 9
047967 286
149859 65
054317 106
008510 49
443522 0
004944 82
132164 70
288682 106
067236 46
088399 38
047573 3
109728 1
181747 47
059095 7
022902 68
390379 24
076565 65
490961 287
004018 7
476681 288
020550 79
039796 7
418783 121
002567 12
301597 45
070221 56
381107 38
215435 45
052733 49
237296 56
486310 42
450320 12
032233 90
000209 185
045091 91
011877 12
410768 289
004818 49
306677 1
463789 42
519858 47
024793 90
110897 26
119370 35
002656 82
299458 74
366772 124
049323 15
033359 50
066448 91
089595 28
205939 56
042587 12
318651 56
435012 42
124799 290
260444 70
048241 65
045090 91
002265 23
128068 195
444630 117
047485 74
088874 82
180558 143
040096 124
529082 105
035931 6
351244 106
074023 1
370382 84
296354 38
047020 74
001810 7
008867 47
181439 57
045157 59
021279 36
321207 94
245580 77
521537 130
080913 39
046731 55
414584 0
050535 7
121847 59
231428 74
010322 6
001749 7
144701 0
001809 49
291511 56
023310 7
440101 162
024163 38
127241 68
284989 15
203857 70
461731 228
029885 13
017811 74
121337 209
034936 34
094018 124
142825 50
193031 50
024390 49
266164 42
122595 36
328819 59
167854 38
005450 80
006801 50
224541 3
227959 82
006799 70
341650 121
004416 70
100703 117
060700 15
296052 166
163938 36
164703 56
243522 44
011477 23
222885 125
067435 59
021713 74
454316 145
374550 198
048801 205
100431 26
367599 42
002711 77
051057 55
272327 153
080440 46
002010 82
132922 26
411799 106
254812 91
088971 117
455730 120
517038 124
029152 7
127387 49
444513 44
142423 205
029357 38
295096 143
447128 42
126186 41
043043 49
006802 50
466790 166
020542 23
395731 71
485928 5
487439 39
398413 12
358720 121
