0 11.538881301879883
529082 0
039372 1
483257 2
011726 3
090178 4
005913 5
008685 6
076078 7
070505 8
406683 9
248792 10
061018 11
293673 12
002656 13
025820 14
110897 15
138134 16
132164 17
016053 18
387562 19
021279 20
039697 21
003121 22
076938 23
072611 24
053467 25
337035 26
459019 27
015414 28
069707 29
266108 30
200258 31
032422 32
112492 33
421086 34
071948 35
260986 36
318621 37
322337 38
138585 39
133591 40
010359 41
005876 42
009827 43
042034 44
014110 45
112965 46
043294 47
060733 48
258354 49
501957 50
026650 51
087439 52
047967 53
298195 54
210073 55
414291 56
011588 57
007312 58
025423 59
006721 60
004476 61
038939 62
244050 63
002559 64
025033 65
221428 66
052722 67
000037 68
460039 69
479568 70
023908 71
032831 72
001750 73
490961 74
153471 75
007168 76
010248 77
508330 78
298701 79
007754 80
046127 81
339018 82
391712 83
091206 84
386552 85
052733 86
093413 87
053167 88
447035 89
004264 90
060188 91
097466 92
046925 93
146730 94
421387 95
505417 96
000546 97
300537 98
063213 99
008801 100
066219 101
017942 70
435012 102
000031 81
445259 102
008461 57
152779 5
491986 103
026526 3
120358 26
484291 70
449745 36
260110 81
000032 49
006938 49
101433 70
033400 104
089059 32
322090 36
006577 1
126808 91
029716 84
423886 105
391333 72
360102 9
083010 22
001376 90
167136 102
296354 64
203014 86
512267 70
037759 84
136744 26
186380 106
116461 11
311477 13
331619 28
054749 11
003830 90
417647 107
159067 3
147919 44
108002 69
180558 108
370136 70
169526 109
218411 110
052345 22
007752 81
501775 111
159367 70
483690 26
336171 112
189337 84
024390 90
383777 113
035301 71
002025 8
261957 44
082276 1
298252 69
404891 95
407872 114
010161 1
309240 70
299197 26
123339 70
374550 44
137822 70
140233 44
254812 8
468755 50
006274 60
233314 115
277191 116
293304 1
008353 65
347358 26
344527 109
215846 3
002921 45
079182 44
377260 34
396316 70
043488 32
108442 117
444721 118
528360 49
501520 71
265037 11
258913 102
283725 100
147768 70
012851 88
060700 9
002711 70
014361 8
092977 45
025230 119
097182 13
105925 25
100968 50
322562 3
284959 55
027851 77
400286 95
102145 120
249733 81
023640 65
024118 90
066448 8
206197 83
471006 26
026126 9
121808 26
001287 57
010042 32
424501 70
181897 69
411665 25
005909 44
102049 37
000057 88
204801 36
521348 2
088834 81
348455 90
006806 90
155595 66
067303 43
407542 121
013748 22
402381 44
096246 18
054065 61
233989 122
114209 34
395731 26
116978 72
069505 34
139798 26
487439 97
184653 23
028559 77
085683 5
043132 123
418888 43
036860 67
326315 21
398639 72
337800 112
130317 64
358429 118
033156 124
152593 91
086762 36
135028 70
009661 65
346841 125
298328 34
017868 70
102445 22
010329 43
107700 53
004818 22
000642 60
247056 67
285934 3
034952 72
275377 70
223695 66
208900 103
278085 97
067102 70
002009 32
316638 71
444248 70
045220 83
024087 26
330882 64
195093 2
037078 3
426717 5
164720 26
060125 13
424810 100
182857 34
224423 1
327729 77
073603 95
167736 126
023717 67
114951 9
536662 26
485637 72
016346 43
065436 88
019981 32
045126 91
359423 127
036120 88
029357 25
486310 72
055585 88
176098 55
022286 4
121881 128
017754 70
285078 9
444513 123
065637 57
091844 84
048241 75
444630 44
217859 34
042973 70
441289 129
133649 95
048541 76
473220 39
002580 67
052876 26
006001 26
494812 23
408151 130
041597 42
005856 90
084243 131
047818 64
454316 132
004550 65
170385 32
385521 133
071816 70
022008 90
444855 66
183670 21
109744 88
343689 2
040653 67
531273 2
053535 81
105883 61
013756 57
120397 134
147552 123
059096 45
138556 90
132113 76
000027 96
034208 95
401567 77
079873 97
433157 122
041625 8
127016 60
023814 91
006552 11
000066 27
026184 11
062258 70
011264 64
514818 26
306889 4
088319 64
526276 102
318041 89
205500 35
183189 71
450453 64
481169 82
014362 5
047413 81
370536 44
335587 110
032924 60
049437 13
031712 6
103035 72
006801 77
101241 106
099661 25
480870 2
046567 135
191426 76
242863 13
024523 22
356984 70
043697 81
213898 34
005057 4
006070 21
236283 36
006727 93
009031 136
348600 91
146508 95
454365 122
087384 13
179928 26
386682 77
475340 26
111478 97
414345 34
210689 1
003939 77
121509 25
087803 28
366867 26
014772 11
088340 20
472806 137
276632 138
007708 25
376825 91
411799 70
409136 86
001347 60
429183 91
010588 26
067855 45
040982 43
016726 26
143461 4
493781 2
433612 69
006481 65
346269 139
212894 64
055843 60
002026 8
171822 103
169735 77
043721 22
069550 11
509958 90
008475 95
013880 90
085102 95
096383 68
207471 140
480893 44
089299 11
041484 64
017100 43
147657 70
057127 122
063552 75
178498 44
020127 28
291549 82
061323 141
054317 142
425819 36
293498 26
079431 64
008885 77
136896 29
115067 13
060263 25
080779 61
006805 90
025278 70
447494 95
052948 4
071740 22
036813 1
005094 20
408879 88
048103 13
273851 72
281964 89
001101 81
114861 26
074656 25
132545 34
035842 26
016474 81
020601 60
019789 11
199396 68
157488 49
074374 72
474746 143
059385 16
091364 3
049310 8
110929 26
064426 36
016520 97
444607 144
424203 72
002985 71
001214 13
081520 65
234882 64
009840 9
148251 55
503111 99
065381 64
020010 14
334398 34
062156 70
089196 28
181662 90
141595 67
093519 77
327561 1
016490 77
064429 100
052298 88
008154 88
146824 72
170110 35
060295 30
151871 52
156658 145
195469 70
071508 60
259740 39
009511 146
296476 147
455730 69
024437 28
287149 148
123090 26
015632 90
005556 28
410510 9
368538 39
102042 13
311141 37
009900 64
011881 90
082970 13
140857 55
226245 21
199582 149
012638 11
055735 93
261417 121
162765 84
267574 65
076432 75
049414 26
271912 37
127241 81
068539 27
109607 81
460777 26
472363 32
039070 88
420263 64
508890 70
060956 65
236000 64
443522 44
489621 13
111212 150
128534 1
459649 36
261395 70
378607 151
379520 72
090721 2
461220 71
029331 91
034756 84
468425 44
003506 42
378446 152
069205 4
059435 34
005723 21
104108 72
017506 11
012018 2
281126 13
058173 57
156449 70
498348 70
385210 70
082224 70
027003 64
092551 90
394027 2
026774 90
334400 26
000145 77
044877 25
022902 81
285666 89
010473 67
039890 64
074089 44
229179 28
401685 153
309423 66
017437 64
038315 11
219753 90
024142 77
049343 69
064848 81
017537 119
035314 70
264198 28
087130 69
156306 64
244927 103
004051 77
254402 154
024579 76
003596 43
286408 88
018420 5
372709 13
052638 69
288818 77
231061 155
237983 47
065109 156
161265 91
008037 88
426212 26
029055 119
041598 43
059997 67
023355 77
068870 22
469211 36
029715 29
205096 29
047507 28
306418 157
341311 60
362102 158
171706 64
216769 96
309691 31
252570 132
406599 45
003794 64
072576 159
039086 26
028639 11
118103 20
030130 8
060274 22
030047 119
048053 11
007707 43
100843 29
126090 44
011342 22
459322 99
082022 64
024792 65
390379 13
280380 1
439946 151
533849 70
014412 87
156491 75
285276 123
030681 88
003313 3
075014 22
056216 64
001717 29
459866 81
064335 28
024471 14
190018 28
024861 43
056331 60
041624 8
005912 8
007148 4
284989 9
130941 11
514588 26
060503 25
228382 26
072111 81
006802 77
042970 77
101414 90
004040 100
098263 84
007167 76
088556 89
270595 31
043784 25
018758 45
017160 42
123836 16
046881 44
030621 28
056215 64
526558 25
131177 20
026639 77
065295 84
003321 51
118673 160
467106 72
274808 70
021807 57
144599 81
381869 88
017711 67
166160 107
440909 161
024779 67
027911 32
360851 162
516745 67
296052 99
246663 102
433552 122
327321 13
272861 163
293825 164
109791 42
497100 11
353242 44
390651 34
036806 84
017905 165
114783 166
164702 84
099421 64
331390 104
028133 43
019199 25
506194 70
300681 69
068126 60
114956 167
075736 49
126970 102
011434 81
127922 8
012303 65
147756 87
036093 106
377061 168
006313 60
227601 25
013430 67
470852 70
108894 72
055070 90
089547 152
093146 49
473176 26
378300 88
124039 4
029614 1
031406 60
317600 26
032317 88
001527 2
018753 28
077350 151
148400 82
063316 90
043745 11
050183 95
141679 77
050258 42
010215 71
099106 44
009873 119
009007 77
366388 88
091066 25
071509 60
408881 39
004037 88
041864 169
350717 112
047020 11
260919 119
040091 97
247014 132
214925 20
493392 55
063934 67
196098 55
277841 170
463165 26
051528 49
340344 91
505493 70
034603 110
191163 35
074745 13
004017 22
533905 26
072573 61
093729 35
126503 99
065294 61
009899 25
028132 25
069079 43
015745 21
021492 171
067403 77
127387 26
053434 22
367599 37
011392 90
192400 44
082486 26
254892 152
360166 30
096474 122
002439 57
240504 44
484722 50
004951 11
029152 90
266164 172
005663 90
213006 26
068820 26
014850 90
023639 65
499024 90
000433 112
087132 8
269000 61
262108 173
405895 163
072620 6
069356 90
006069 42
470245 102
261961 77
015183 65
136663 72
003938 57
137286 70
183913 174
327014 97
001842 1
033043 175
056665 75
263164 34
099326 102
010563 64
169491 36
100941 88
007800 88
114834 96
362009 65
093397 42
149924 76
049788 2
321320 165
448255 82
007311 90
090564 37
174203 45
026435 38
243522 3
005855 90
023593 176
016199 14
001183 67
095193 86
039795 22
084697 4
109656 119
021273 77
075889 95
004052 57
004475 84
005272 42
007529 22
100827 148
339610 88
010311 21
155498 44
381107 26
140309 177
030056 45
005450 60
010796 64
045213 13
024473 43
107727 95
245727 60
254282 178
297398 34
020383 71
039796 22
480335 67
340735 26
393798 28
305640 178
070360 70
177774 179
070278 8
310641 61
278219 76
068962 99
204524 43
144396 25
170776 13
445312 25
477463 112
133063 180
011708 97
124717 62
135299 122
171971 64
266590 71
053120 90
215435 44
021548 90
061999 11
218360 3
164217 123
009171 64
110798 72
232936 64
010565 60
259519 6
098264 29
056862 130
365504 181
214006 29
051836 88
057725 26
035933 88
134655 96
218260 45
062741 90
376093 26
069708 84
167858 25
318703 182
344026 44
024297 88
009830 84
014111 22
004944 13
080309 183
067767 69
036801 20
014767 65
377887 72
517038 102
077671 91
000643 90
021876 88
416536 62
359982 184
410785 55
318547 44
062335 152
064362 81
175152 185
322185 102
245279 81
085811 90
517839 30
352698 121
084740 84
033412 11
283672 75
045157 122
065116 178
004018 45
073544 28
005122 65
056424 45
006171 88
023310 35
029994 44
286019 81
145013 32
000547 97
115207 2
002323 77
486307 186
005724 76
094135 70
035123 97
129972 8
023070 67
176811 64
007059 13
029359 57
057440 70
140200 88
125673 88
000759 0
007522 187
082962 118
161981 188
029148 100
111105 26
078703 97
466878 102
080722 84
012259 45
046731 42
105997 4
010234 88
399919 55
032233 65
012191 88
536363 45
031224 21
460674 189
022048 190
467579 177
169012 88
042016 60
088874 13
366772 2
141142 77
017308 88
050259 42
311255 1
054267 90
499633 32
047573 89
291688 3
015413 28
365708 70
053296 69
006749 57
000691 99
001375 90
203329 102
010251 112
007060 13
006937 49
180722 122
038211 88
207801 49
025933 90
004351 88
035921 13
295096 71
025672 28
105596 4
116503 191
388362 44
382758 70
082222 102
034942 88
352783 32
000038 11
181439 32
013749 45
390259 70
111008 136
018053 90
004352 88
264666 44
302973 64
333741 11
008041 42
069862 90
249718 95
180592 81
163368 55
325088 110
323037 55
235566 55
174014 23
150541 13
218253 81
008578 81
111722 26
011263 43
399261 55
046902 77
008066 21
004506 43
431686 192
415932 34
145012 72
043544 64
081682 28
113823 3
024486 77
156299 3
452219 3
263212 193
165873 32
006080 81
012717 88
380815 28
372487 175
207541 55
174191 65
068431 25
031295 122
015547 25
069108 57
000188 72
396879 194
106677 70
010312 97
181996 13
065326 91
490362 13
027359 84
034816 13
081242 11
370677 102
010562 43
448309 67
097123 32
315658 108
024942 70
006100 88
036296 8
010495 42
175350 22
489593 68
054064 29
355594 55
208313 44
026596 70
045090 8
392368 71
396092 97
071825 65
151828 64
394580 8
245078 172
312757 28
132426 95
317782 60
411882 123
176263 34
127449 70
076936 8
035032 136
005938 44
071446 26
037921 77
029949 99
311795 2
231298 84
221251 34
001348 22
002264 71
020190 90
073163 195
053000 1
085684 5
024472 13
333249 62
263546 26
121442 4
022218 4
519878 9
019546 67
163439 25
161207 4
023071 67
105306 13
012217 2
021770 122
425373 102
477303 91
121567 196
211842 77
429395 146
009849 5
208799 197
002930 61
041576 13
168505 102
014129 75
118283 44
191965 70
005058 4
006800 88
020201 88
251640 32
121510 25
030696 88
240454 99
045561 51
168575 148
021374 11
218851 34
010437 60
093475 76
055048 122
075894 90
212909 20
224152 5
017110 28
035003 119
102249 36
029987 122
515651 89
268447 64
213254 23
049864 75
397061 72
393308 26
065098 189
096805 102
093414 87
207342 1
001977 119
452739 198
206183 199
013144 88
100431 81
047414 81
175596 2
064694 119
299143 2
172432 34
427115 9
477852 200
088399 102
165711 102
117230 198
163938 31
070221 26
470052 103
008509 90
090513 72
061377 22
055922 65
242875 102
362507 91
079206 69
400841 95
375177 64
243075 86
044269 88
144711 69
137217 81
067393 90
042621 4
173869 72
020660 201
083500 25
140190 26
039651 88
359613 69
083048 62
029501 61
266130 55
450531 202
062742 60
440457 60
068558 70
096028 70
012718 88
399334 118
300954 102
331289 51
299713 20
015277 88
129985 44
407860 84
003829 90
135874 35
030400 72
498120 148
536364 77
193781 99
282739 95
318368 119
120229 81
014297 67
233443 72
004367 60
008800 90
003260 97
004950 11
163624 25
235090 203
479544 77
066920 55
118125 64
117686 57
059015 152
119685 158
288609 39
456251 72
268145 172
453479 84
318938 29
018052 90
034554 60
067545 11
171713 76
420406 109
061559 1
012442 64
017811 11
152925 55
502394 13
015631 90
405877 95
003350 75
025231 119
019842 43
020012 72
511837 53
013689 28
070263 88
407143 11
311758 64
456765 81
371495 18
044317 43
336255 26
027499 70
027083 43
486718 103
277501 20
085165 43
006380 119
228378 28
049323 70
006079 81
202974 140
093170 55
007842 77
097567 88
432027 11
033833 90
151533 99
006748 57
232604 26
519743 95
112586 42
018277 11
115180 55
161827 9
204525 43
482477 204
018629 11
001886 88
312532 26
536744 9
407036 25
255764 35
040230 32
440101 72
037698 11
026264 83
343231 205
281025 123
338414 43
095224 28
014695 43
527040 136
263283 72
081385 81
356365 206
002322 57
093145 81
123128 34
053243 82
080440 29
161554 45
272394 32
463990 2
400627 64
000146 77
011167 60
016524 75
121937 102
275782 90
000209 176
396342 36
005123 65
407087 88
235089 3
182935 70
446982 26
454955 62
029377 119
105251 207
159596 22
022214 148
189031 91
356763 88
121337 208
353071 40
123169 122
061254 13
353380 52
157977 84
035894 34
463432 6
445473 11
300205 133
134237 25
018355 77
261713 20
521537 55
514716 69
132696 177
094018 2
025673 28
004039 90
011435 81
057489 44
067460 26
038502 81
230643 55
399900 95
253369 64
055974 67
024862 64
475504 76
221762 74
253241 102
048102 13
076565 75
278687 72
491765 23
001358 11
373030 209
423800 70
130011 167
374525 122
048856 70
489644 50
275889 173
021712 11
259973 2
439871 55
099507 45
321207 1
297672 102
114669 90
448032 210
531698 2
246597 104
068515 1
148385 122
018917 84
231140 13
051786 5
446658 71
408330 70
042615 90
014696 6
267209 211
097562 55
086109 90
023786 90
065784 60
400679 35
302975 198
180857 117
395135 70
028645 55
207285 28
123592 22
048801 69
117128 25
025066 44
358965 81
395452 1
152406 1
046592 34
062858 84
055782 69
264646 88
314803 26
023868 11
062336 81
122595 202
011877 119
007918 77
006551 11
083195 81
324876 18
284437 77
346310 121
203857 43
099593 60
074023 4
020128 11
011476 77
063073 55
458475 62
222125 103
492085 26
087547 2
000078 28
069864 45
407273 82
362592 11
041575 13
269286 52
005883 84
418953 11
032423 81
175720 71
159150 75
078819 129
178751 45
039774 88
091205 45
124262 212
100703 44
370065 55
032509 81
421719 213
368672 26
002032 101
086097 122
162836 28
474271 164
074017 214
405648 44
212350 102
258009 88
184303 142
083976 72
233333 215
276150 67
185861 216
201408 102
225059 13
053870 64
016519 76
080914 97
195942 34
329417 3
190330 148
201049 102
111301 25
013779 60
054786 67
052949 4
319557 32
477551 44
314002 11
107492 84
047968 70
017159 42
010011 44
012241 65
500841 217
020550 61
284036 218
318399 77
092097 37
222885 95
091951 67
390906 26
022509 60
339057 3
078586 90
024204 81
205836 13
011091 25
042108 11
236710 219
170967 1
081588 81
033069 75
040059 81
467044 220
452992 221
091007 26
395028 82
063168 81
145010 99
089595 95
037916 57
055530 43
303774 222
216730 223
217566 75
205083 72
505727 77
074655 25
025984 71
140581 81
032837 11
042294 134
078084 65
005908 42
361605 102
229696 37
033359 44
313091 224
111905 25
317260 102
055435 57
105882 29
035211 148
403933 11
157187 102
519858 62
052284 70
324676 122
023718 67
016764 14
379074 118
330848 64
101696 115
001749 45
020342 65
403369 37
316157 22
037213 13
457215 225
390419 2
163635 226
017854 11
046237 77
017535 44
109124 4
170275 26
185774 60
207363 1
438595 227
191934 84
252821 84
055061 16
010958 11
277944 43
026054 11
137496 25
153694 20
524812 81
170295 22
382662 104
258509 228
130752 137
048242 75
022873 11
381703 151
050535 60
017057 45
010472 67
155826 97
001039 64
012639 11
080454 32
356859 70
023147 22
142423 35
053632 43
064428 100
003595 43
471929 229
002712 25
009848 8
047300 77
164703 37
062000 11
020420 95
051649 69
316417 70
071981 53
178595 9
242206 176
014287 84
381165 91
057933 97
094946 3
296876 3
451754 198
320530 9
152612 173
096787 11
014927 43
339260 26
134780 64
025000 69
033339 65
018953 77
332421 26
529996 97
226178 91
402157 11
004914 70
184297 99
010433 88
034839 230
241938 28
017595 42
537585 11
243441 60
029874 13
011477 57
476242 231
191820 100
074131 2
012214 57
504192 77
203596 102
504225 72
010012 136
109071 65
356139 64
528473 117
007975 28
010307 70
219729 95
024260 28
449648 104
109728 4
242154 81
277308 28
008510 90
480004 232
060557 84
474371 81
001718 61
397468 70
165755 170
052933 13
121847 161
009006 57
068332 26
181129 87
040173 45
246772 233
017259 11
135164 64
044474 102
004893 88
318651 234
001810 60
002892 60
025987 65
342116 77
426676 235
011393 90
040251 3
003544 60
106091 81
167907 49
532438 1
002265 57
124131 69
066256 43
009132 77
121060 122
012304 65
002067 81
367398 45
413955 9
035414 43
001646 72
014930 22
334070 95
069872 88
226927 1
123848 102
012397 28
039445 77
227177 88
021858 134
165146 72
468186 3
005375 81
489379 36
030554 43
006312 90
485928 2
008428 22
532481 90
043898 77
011804 21
051617 88
093237 50
014670 67
119370 236
176094 44
010321 25
502444 102
311303 23
496461 29
418783 55
089160 50
333813 49
007530 60
158787 237
506673 55
051663 84
184792 31
326823 45
029993 44
337158 238
020672 88
079614 165
022064 77
024735 71
297489 148
041716 77
030835 28
002561 88
080153 25
443795 102
027636 77
005092 239
130795 2
217650 82
146342 140
043626 26
066915 75
216590 102
010523 32
061483 38
001357 11
011373 16
143048 95
024734 57
005359 25
061179 28
290887 207
017491 53
396310 240
020607 14
323656 81
269551 9
188516 38
007445 25
170194 241
057359 6
006614 42
065980 65
235961 242
457660 26
312582 70
093901 64
372092 102
026363 119
013216 90
328300 89
296710 60
002893 90
081027 43
020105 88
015139 84
021549 90
463850 34
032200 11
066604 8
478186 95
184310 88
266389 101
043097 65
234555 26
310373 69
028415 11
193031 88
102117 62
006099 88
343082 192
281287 34
042223 243
023148 22
076575 26
178158 69
174579 13
001062 13
001100 81
226647 44
013049 64
174567 34
002986 77
088971 44
454600 44
006480 65
259511 145
136377 74
032957 81
328819 122
036057 67
222720 2
106451 13
142825 77
027906 104
011709 76
267940 77
017109 28
020307 88
025937 72
078382 45
491525 112
167940 68
187145 72
029413 22
192869 25
120668 4
199664 84
035043 84
367361 244
108830 74
077764 90
244763 95
039332 67
037175 43
026185 11
048346 60
007801 88
172042 26
132275 245
421073 42
463093 1
032854 77
069665 44
020096 11
047194 119
483757 61
491709 88
044686 81
030647 88
363093 246
034616 95
086369 90
065850 84
139755 43
035932 6
333812 13
092553 247
358160 70
262969 82
247066 248
104593 88
002374 11
301597 99
038557 70
228919 137
261365 151
055033 2
107900 11
150483 9
091414 22
001215 13
399856 44
008577 81
189796 13
037657 72
358637 60
005449 45
295282 61
049639 71
223714 36
037130 28
138910 97
001772 42
018066 102
337520 249
015784 90
018711 70
019500 25
028429 45
182640 70
029737 25
030580 29
221936 32
084698 4
164809 72
410768 250
375342 97
479713 81
159405 77
331120 84
331482 198
021693 77
025032 75
023975 119
320977 112
109453 4
004415 88
002566 119
022630 70
003261 76
043605 43
055923 65
081383 90
446842 77
209897 137
059242 88
171655 70
463789 37
242113 11
294669 251
129216 44
220694 136
217163 65
018001 157
180066 53
040060 81
019329 77
036620 102
228674 3
139754 43
047808 28
240163 84
049696 57
005715 43
118351 252
446491 95
017651 55
195244 55
312726 199
076452 89
105595 4
310176 43
438404 13
051939 99
132922 49
000876 90
025695 13
316103 57
090589 90
493693 26
476214 36
065743 88
006613 42
067903 151
383803 143
028736 67
320680 55
057405 42
122241 3
134878 36
477152 102
128406 64
006275 60
028885 90
189702 233
356840 37
241940 44
209789 1
309186 11
014931 60
024438 28
123507 95
066399 13
107811 64
113387 253
020628 88
104923 37
455052 77
044318 43
040238 254
227959 13
088743 55
032694 44
017761 57
482700 26
012441 119
051489 8
213325 96
143273 91
025318 22
083273 81
014142 67
030048 65
061147 28
384311 148
176498 26
013778 90
075955 72
033176 65
115459 43
190630 38
391332 72
236937 32
234219 90
063768 55
126974 87
361334 44
052182 64
095273 2
103452 28
278381 255
496165 43
074326 75
158918 20
253211 50
197922 84
082818 101
176151 69
198114 66
391690 179
089358 9
396641 188
025815 90
214487 36
314941 91
083628 84
036777 88
059991 256
008839 4
375473 16
066853 119
441491 257
049591 34
006799 88
241311 66
054010 258
085451 90
004407 11
016814 67
414750 69
078623 70
325877 1
013373 90
077287 81
012852 88
064674 84
192828 104
288682 9
040096 102
007751 81
328149 259
279554 81
334979 170
033070 75
126186 32
079339 72
482190 161
385938 55
399425 72
173312 4
063207 22
150162 112
328805 102
004848 15
004446 77
125452 55
074097 90
467989 95
203087 1
152806 67
119464 28
433311 70
191586 108
387897 97
231724 49
260106 62
454491 112
050123 99
373542 82
069074 81
004044 14
098452 84
004251 90
235235 124
488996 260
048082 43
058067 114
091886 99
032645 64
035679 55
133426 77
408967 77
330065 70
035498 11
122390 37
344960 8
473438 103
028280 88
019621 11
000526 65
393365 32
229261 2
485287 9
189819 90
086522 44
046919 84
528506 55
039850 97
434016 124
358720 55
213248 44
051057 42
215410 70
334420 28
005664 90
066410 25
115123 60
240469 90
334839 3
282690 62
419366 261
351619 57
384013 97
510223 109
412281 35
244491 90
281245 48
170676 81
005358 64
026997 26
062873 221
461944 102
145110 13
065311 72
231428 11
278711 122
027004 119
226732 145
051475 1
054444 77
215236 51
056037 4
125972 99
024580 21
508539 57
294482 107
381253 71
078383 72
476681 262
080301 43
261512 64
234592 99
075768 132
004408 11
027517 11
184711 1
447128 34
364017 61
022036 95
011521 42
040946 69
502376 142
066929 97
355604 102
532677 165
010957 11
298116 263
282919 264
060504 43
389697 28
028236 11
257314 61
492917 32
017258 11
069278 13
088660 11
395344 11
239980 265
508922 88
287657 26
008040 42
197280 121
359110 67
018091 4
421717 44
470634 4
141382 55
429999 125
049438 13
254281 44
077345 4
003795 25
058035 99
092809 266
048521 104
082121 77
050806 65
496689 55
148008 44
050523 122
272327 152
281055 88
416081 102
059095 45
430520 82
386010 14
000817 62
458019 210
076618 75
176844 64
239402 50
284256 22
008867 95
004038 88
043043 90
024163 119
217862 99
137401 185
181747 102
197559 72
019200 43
019399 13
341650 55
053415 65
291511 72
230250 96
107923 70
421783 68
011397 57
149859 75
296461 104
388724 26
019487 76
273511 62
005042 11
503489 145
001962 67
280385 9
038362 25
002010 13
010436 22
322296 119
512458 2
080285 88
000966 84
040229 32
067768 42
124799 267
111699 170
414085 37
037037 26
045289 31
021713 11
106002 70
413863 44
095432 1
075916 22
153445 119
075290 72
002509 60
286726 38
026614 21
295167 260
488828 77
405831 87
242155 81
441628 88
329193 11
276557 44
034937 84
471559 44
003750 13
231403 1
181725 30
295891 69
004507 43
001063 13
450320 95
027618 45
169806 75
021634 70
020472 22
071913 109
095300 3
143261 104
472549 38
031868 11
322668 236
047330 26
002581 67
017456 25
423077 101
077430 75
072463 82
005555 28
056303 75
474663 26
410236 88
092311 122
056078 102
247869 34
049732 42
440799 91
052522 65
115793 95
061027 71
209298 104
005718 13
335824 102
506935 89
264427 107
042587 119
254916 164
339191 268
026773 90
504042 60
091744 269
046667 25
138120 36
015140 61
018759 22
156737 66
013690 28
064334 28
014490 90
007019 137
047195 119
015115 13
390331 72
124988 1
028174 119
033093 65
253411 125
013889 67
079487 84
093588 123
182152 37
333006 81
318193 44
034819 172
006437 88
009172 14
191409 270
489211 88
050805 65
504479 72
036835 81
035930 65
005877 42
372316 172
446933 119
007016 25
159734 32
240539 81
009036 64
136042 28
338492 3
234122 13
298111 77
014221 88
040373 88
010249 65
085510 4
054287 67
009588 13
027082 43
481785 88
287715 26
332145 102
016783 44
009874 119
177432 60
011168 90
039690 97
271428 81
139308 151
005745 67
275565 218
462051 271
433431 272
014999 84
479278 72
039426 25
001809 26
235492 88
345488 104
132172 26
022217 4
016782 44
250573 86
005514 77
077414 77
003982 70
454993 55
345782 90
343912 273
067597 45
398413 119
009826 25
178157 26
155087 26
370509 70
283864 36
004250 90
005434 274
018954 77
498166 66
263379 275
167854 1
026053 11
205939 27
268897 4
010859 57
021009 77
007446 43
391598 20
015954 90
491809 88
239977 37
344782 72
346313 66
108004 70
028430 22
017490 53
429047 69
000525 65
384266 20
310418 152
015732 32
067236 29
328231 276
271197 77
005882 84
014288 84
281772 55
290085 11
003507 25
015596 8
145125 60
407565 55
001286 77
360637 11
344489 43
046983 1
221900 81
024203 81
038296 77
017507 11
003062 13
002567 119
140488 81
024261 28
050856 11
106024 37
234924 277
197387 28
045091 8
077258 145
420321 114
039980 189
149383 13
007753 60
334363 91
120042 67
237833 165
049440 35
001933 77
299213 91
030971 91
056302 75
461041 44
424690 11
040724 90
126142 131
218188 88
223210 55
339417 3
004447 77
004416 88
009037 25
145833 102
118192 70
397469 70
000077 28
091321 72
068398 55
028713 13
106997 25
321175 95
011396 57
019547 67
468275 26
026104 165
034776 88
145914 43
066152 75
040092 97
153802 136
318197 38
015766 65
066930 97
216720 25
148917 4
003749 13
024989 42
025765 28
024272 90
022729 22
067435 122
226812 20
022508 60
311271 278
386248 89
466790 99
089123 3
069277 75
069839 95
047181 22
326766 279
026259 4
169427 189
014071 65
012252 77
018429 67
018419 8
029885 62
067788 26
057736 102
386325 39
344315 22
505131 13
403898 82
056644 34
453424 2
034135 28
229868 43
140021 84
288398 88
381854 55
310711 280
029425 50
103047 57
300045 102
464321 69
205806 2
382258 37
117143 99
078187 122
045623 60
011882 90
482487 23
245580 43
095743 102
114998 55
366277 102
152583 71
006438 88
066465 44
009632 100
078693 26
121220 69
051605 83
017812 11
015309 90
176268 81
164707 104
520948 122
028721 28
242167 11
525213 20
534668 172
047724 61
114804 25
056321 31
054116 45
089546 8
245761 75
145489 25
026645 102
024296 88
066484 97
001885 88
011343 45
059367 11
024793 65
316394 34
474323 55
019254 13
427048 281
138229 77
036847 45
445581 77
041760 3
144701 91
037620 84
049184 75
130098 90
077734 90
018172 13
024723 21
128488 37
159296 1
012544 81
011092 25
474272 70
042620 119
322130 9
006502 71
158845 43
370382 96
037617 81
010370 22
083629 26
175518 62
102677 90
076902 26
535850 22
420275 282
029169 84
356643 283
039387 8
005041 11
002920 22
037006 34
015733 81
002066 49
037340 32
033031 25
020826 28
042586 64
064935 69
361364 69
030055 90
439867 102
054190 55
306677 72
009662 65
138230 70
437543 167
198910 4
024572 84
051527 67
288519 70
002438 57
397712 34
186212 89
130137 65
506404 87
456263 34
180644 64
313838 121
371608 264
011797 84
039755 67
020126 28
256399 71
098357 50
081601 20
515697 97
023367 4
482014 99
180240 13
107152 119
053868 44
256931 70
153031 8
351244 70
193898 284
311564 70
032295 81
173547 30
306463 88
361963 96
030340 119
007976 28
018194 67
194015 8
142602 34
010322 43
477290 107
346800 64
019980 81
035931 6
152628 36
102320 60
066854 119
187610 285
017135 25
000877 60
069258 43
152058 99
471785 9
355363 81
184850 13
330767 22
001182 67
027331 25
409664 88
107901 11
189329 11
008838 4
026613 21
372576 55
273850 66
244954 37
356165 70
017171 81
114169 72
073336 35
389359 44
202305 45
020169 26
239480 26
003349 75
050006 65
136860 69
184562 103
075209 71
074665 90
045974 4
004265 90
001978 119
438932 67
065284 70
155441 26
268654 69
002375 11
020827 28
045891 102
399645 77
116044 4
049460 84
059802 117
033427 43
164404 286
025911 77
043413 8
044331 11
365967 151
036152 84
005656 84
195943 34
043700 42
465692 165
485009 3
346892 28
531500 50
124127 20
123316 97
260444 72
167444 13
071756 22
487312 13
312790 62
171256 84
014442 89
050265 28
460160 22
004368 90
070739 64
105454 104
040046 57
428063 102
008462 57
053892 287
056332 60
497733 66
001934 77
068871 45
367829 84
308316 134
007919 77
108633 72
142409 37
080913 76
154637 72
118873 3
532042 44
482987 82
289243 88
407025 236
025023 97
365925 288
224541 102
180521 90
238437 45
107021 13
377262 82
383762 11
480704 35
163592 79
067852 44
036836 81
474694 289
182874 91
353847 44
055955 151
001961 67
387500 37
237296 72
034522 13
026856 13
461713 62
039092 185
070277 32
036297 8
288546 70
320035 2
010524 32
034936 84
435450 28
184278 151
002508 90
013088 72
008067 21
298974 96
082345 11
014926 64
020542 57
517656 26
537334 34
284553 2
113162 4
374098 91
038984 88
392252 82
334285 81
032032 11
197017 84
182601 82
047485 11
208934 55
041016 38
027127 84
106087 99
024715 134
068373 81
061315 84
471288 290
075917 25
041669 25
465120 95
302477 70
013113 77
128068 1
069337 97
109436 70
036435 77
355382 72
270976 4
015953 90
422197 291
018918 29
054840 9
458478 84
497810 96
405974 67
421100 102
417490 62
000967 84
419918 62
297580 35
461513 70
005746 67
127166 21
049715 57
489838 88
461731 177
078670 60
516686 42
014958 84
178244 36
414584 9
179782 64
028722 25
018296 11
142484 95
025422 75
046047 60
215185 72
010564 90
143295 122
457493 64
010371 22
216192 44
030030 71
178992 26
113767 62
162078 4
023803 25
108858 39
029453 88
039225 90
133135 97
369018 27
241356 25
277847 96
299458 11
066734 72
003061 13
061318 4
243413 32
396075 89
478880 62
018276 68
434502 64
486011 71
019396 90
276985 70
249792 1
035033 44
030021 77
002929 84
051558 99
339502 81
024960 81
013650 67
011796 84
233784 90
