0 12.494381666183472
046592 0
024861 1
373542 2
476242 3
136896 4
024723 5
008577 6
124039 7
088834 8
066410 9
313838 10
128068 11
182874 12
444248 13
449648 14
454955 15
066219 16
067102 17
399645 18
473220 19
391598 20
366277 21
002559 22
005042 4
003795 23
039372 24
147919 25
007446 26
001717 27
508330 28
112586 29
117230 30
102145 31
343082 32
405895 33
056332 34
515697 35
082022 36
328805 37
068373 38
014772 39
121567 40
001977 41
529082 42
467106 43
034952 43
180240 44
053296 45
019789 46
056665 47
048801 48
153802 49
387897 50
298974 51
027499 52
040092 53
089059 54
156737 55
096383 56
062742 57
033176 58
082345 59
008885 60
358429 61
501957 62
005555 63
519878 64
091886 65
041484 66
012639 67
004352 68
171706 69
040251 70
500841 71
365925 72
163635 73
022064 74
182640 75
264646 76
443795 77
161981 78
260110 79
050805 80
018277 81
152612 82
105596 83
051786 84
050523 85
066854 86
243413 87
081242 88
460674 89
087384 90
025673 91
335824 92
008037 93
043721 94
075916 95
462051 96
126186 97
113387 98
403933 39
400679 2
439946 21
176098 48
264427 99
418783 100
129972 84
338492 2
483257 2
028132 22
381165 27
036836 8
087130 45
318197 27
079873 53
014670 2
407025 62
039890 41
014930 94
477152 20
333249 37
140233 43
508922 93
345782 96
176151 101
533905 37
003830 96
122595 40
223714 85
482700 36
499633 8
401567 60
060125 98
039755 2
051489 84
528506 48
322185 20
015309 34
029885 72
295891 37
433552 85
081027 36
273850 77
189031 53
057359 1
050183 41
042620 41
032233 58
006748 60
029501 4
105997 83
355363 102
030056 34
023367 43
253241 4
153471 47
444513 103
493392 104
169427 89
152058 17
433157 77
273851 27
356984 20
159367 85
502376 20
300045 24
261713 20
223210 105
000967 4
171655 12
072463 60
000817 85
033031 41
282739 43
033339 58
029169 4
056216 18
504042 34
059802 85
365708 17
128406 17
035211 106
006805 47
000433 37
013880 96
210689 66
010524 87
322090 85
042294 18
277944 72
071740 68
334400 62
370536 12
004039 57
260986 37
472363 87
276985 85
050806 58
102042 98
076452 60
145110 85
240469 96
471785 17
339502 27
339191 107
001101 6
179782 100
032032 39
138120 37
167136 20
152628 37
001809 34
110929 37
491765 108
011588 60
083010 34
346841 109
087439 100
351619 110
068820 66
028430 34
120397 18
011476 60
084697 83
037620 4
067393 96
134655 18
434016 34
490961 111
104593 93
395135 17
075889 92
277308 69
374525 85
026650 98
058067 1
216590 112
038211 93
021858 18
537334 1
293673 89
116503 113
180722 34
283725 34
016764 36
488828 37
180644 17
386325 62
013049 36
089160 66
228674 102
042034 29
182601 60
005449 34
102049 2
091321 43
421719 114
446491 41
006312 34
001214 98
044877 36
198114 17
001062 98
145833 20
281245 20
065295 4
470852 14
012018 115
138134 9
136042 91
021770 77
078382 34
312757 91
070263 116
001978 41
101414 96
239980 117
135874 2
081682 91
005912 84
029152 34
227601 22
308316 18
017160 29
049437 98
064848 8
384013 53
249733 8
011881 96
146342 18
024261 91
032831 43
035314 118
039795 34
002374 59
092977 34
331390 14
009662 58
248792 24
026613 5
330767 43
121442 83
029715 27
091364 2
006799 93
069079 22
051605 51
090721 119
295096 20
067303 36
041576 98
031712 1
244763 37
345488 14
003982 17
016474 6
002509 34
030554 9
480704 2
081588 92
290085 4
027127 27
243522 70
057736 37
091744 120
010565 34
021693 60
025230 86
217163 45
093729 2
114834 37
367599 2
477551 12
165711 4
512458 121
381107 17
375177 21
299458 39
055070 34
068962 75
029994 122
156658 123
316157 20
368672 17
108633 51
348455 96
021279 28
015414 91
391333 43
186380 124
280380 24
086522 53
053632 36
028415 20
003939 60
528360 6
327729 125
298116 46
191820 34
479278 43
020012 27
052949 83
052722 43
103035 43
205083 43
053467 22
130098 34
109656 41
077258 126
059991 127
451754 30
318938 46
433311 17
007975 91
094946 18
014361 84
496165 36
322296 22
033359 12
014695 36
212894 22
016199 36
009006 60
016346 36
061254 98
014288 4
027082 36
216769 68
023786 34
001772 29
024472 98
018172 98
019546 2
241938 91
079614 17
406683 17
377260 128
174014 108
070278 84
100827 60
319557 54
040096 20
066915 47
429183 27
003750 98
009899 22
394580 84
092311 77
050258 29
276150 129
424810 34
024579 5
249718 43
413863 53
288818 102
132172 68
012217 98
327014 53
190018 91
029874 98
023718 2
356859 75
356165 50
245727 34
085684 91
521348 119
111699 130
025423 34
272394 54
000691 17
156299 24
532042 53
012851 93
452739 30
373030 76
034603 91
421073 29
347358 68
193781 17
076936 84
039070 68
536364 131
285934 70
202974 132
279554 92
036093 133
025033 47
048346 57
015784 34
426717 91
101241 133
010234 93
421100 21
333812 27
005746 2
032295 6
042615 34
059367 67
207285 69
531698 134
142423 40
360102 17
236937 54
071981 27
028280 93
141679 20
021876 93
003506 29
049864 47
004367 34
007919 60
180558 20
093414 91
009840 36
041575 98
391712 51
311564 85
049715 60
180066 82
240539 54
404891 2
479544 60
314002 59
375342 53
005856 47
066484 53
067435 85
352698 93
264666 18
489621 98
179928 20
010011 122
008838 83
046919 4
002032 16
009830 4
021374 39
000526 58
032423 38
009037 22
045213 98
018629 56
033043 135
117686 60
017159 29
055922 58
039980 89
410768 136
010436 95
417490 137
077764 47
037213 37
100843 27
229696 138
065098 89
026259 83
505131 68
011092 36
214006 27
253411 20
077287 8
023639 58
114951 17
223695 53
310176 36
186212 45
090564 68
092551 34
037657 43
418953 88
111905 36
298701 43
428063 24
516745 70
309691 28
454600 12
123592 94
231298 4
011393 34
064694 41
051057 29
252570 139
009031 122
044686 6
175596 140
039086 34
437543 141
203087 24
019254 98
474272 17
163439 9
284959 48
197559 27
145013 43
175152 48
447128 43
008041 29
328231 142
017905 143
162836 91
174567 0
022873 56
463789 144
486307 145
477463 53
419918 85
000038 59
471288 146
333741 59
009900 36
396092 53
114669 96
134237 22
036801 147
340344 12
065381 41
036777 60
167907 6
118103 17
047808 91
261957 53
061147 91
199582 33
360851 148
049343 43
143295 77
298111 60
067236 27
161827 17
281287 149
144701 12
130011 150
020169 17
422197 151
163938 28
162078 43
014958 4
110897 152
013430 2
017811 59
133135 133
023814 59
499024 34
185861 153
063207 95
042621 83
123090 37
075955 27
083628 4
005908 29
017942 86
184653 108
182857 154
367398 94
482487 108
132922 6
311141 21
086762 85
424501 20
460777 17
054317 20
042016 34
222125 9
130137 58
016782 122
158918 4
156306 60
006552 59
228919 68
489838 28
140581 6
381703 84
163368 48
010321 36
019200 36
408967 39
277191 91
187145 155
372092 4
121337 156
030696 93
039651 93
175720 20
093413 91
244050 28
407542 10
006001 34
049184 47
414085 144
018759 34
004265 34
056302 47
503489 49
008040 29
173869 85
105306 98
229261 121
172042 17
312582 17
536662 68
213898 154
456765 92
310418 40
030580 27
104108 43
022036 39
071825 58
261417 157
054287 2
510223 158
120668 83
006577 24
025695 98
221900 6
007708 22
064429 34
007530 34
055843 34
426212 34
002438 60
029737 108
005556 63
316394 128
456251 43
320530 17
170110 119
486310 27
478880 159
380815 91
188516 117
297672 4
088399 20
337800 53
004447 60
024793 58
408330 17
433431 160
056215 23
004475 4
113823 102
090513 85
064674 4
470052 84
015733 38
235961 161
012252 60
230643 162
233784 34
195093 0
118283 12
001933 60
030130 84
058035 75
294482 84
284437 60
286019 8
312790 85
402157 88
041625 84
155441 17
181747 24
295282 4
218360 163
025672 91
416536 37
029425 40
007751 8
053868 164
343231 165
189329 39
068515 43
060733 144
168505 21
396075 62
069505 18
092553 166
379520 58
012441 41
433612 108
378300 93
009874 41
296476 167
048103 98
189819 34
080779 4
306463 93
048053 39
040173 34
031406 34
224423 24
536363 34
027331 22
050123 68
002986 60
459322 17
024471 36
030048 58
011521 29
035301 102
008685 36
007522 168
206197 51
048541 5
478186 43
130941 39
247869 108
245279 8
088743 48
027636 60
005913 84
033412 59
005877 29
088660 59
126974 69
047414 38
101696 43
065109 169
000145 60
022902 54
020542 60
007753 34
124988 24
040060 38
006438 93
239480 62
157977 4
339260 37
291511 43
019621 59
191163 2
240454 69
034819 170
035679 69
263546 85
133063 0
033156 171
019399 98
023803 22
381854 48
468275 69
034816 98
000759 42
007842 60
242875 21
177432 40
170275 68
314803 37
027003 41
028639 59
011392 57
011264 36
011709 5
014927 36
026596 17
107900 59
001810 34
063552 47
265037 39
006480 58
064334 91
152806 70
056331 34
270595 28
191934 4
176263 0
027517 59
173547 56
152593 12
215236 45
081520 58
024204 6
068126 34
387500 144
024296 93
324876 46
069205 7
438932 2
151871 91
358965 6
026054 59
008428 34
022218 83
011091 22
014442 102
026053 59
095193 49
178244 85
395731 37
030971 56
098452 4
017135 36
334070 39
013689 69
109791 29
410236 93
099421 23
015745 5
023147 34
008510 34
242154 38
059435 128
020383 102
066152 47
309423 37
214925 43
355604 20
078586 34
080722 4
021807 60
239402 172
031295 77
231724 6
017651 62
038362 22
470634 7
336171 173
330882 23
010329 36
021713 59
204524 26
124262 174
135028 17
480004 175
145010 65
486011 20
006079 6
051663 4
035894 0
012544 6
010859 60
176268 38
361334 53
366867 37
488996 20
438595 176
014110 34
095273 121
074023 83
118125 36
237983 128
458478 4
029055 41
258009 98
284553 119
185774 34
208934 162
015631 34
472806 60
321207 24
001348 95
012638 59
108002 108
065294 4
080914 53
175518 12
004476 4
035032 36
454993 48
282690 137
006937 6
299197 17
503111 93
075209 48
000642 34
458019 37
461220 20
112965 72
050006 58
151533 17
059095 94
018276 39
485637 27
137217 38
494812 50
023310 34
195942 128
121847 108
020472 34
191586 68
165146 43
310373 93
471559 12
018753 91
534668 69
370677 20
078383 43
360166 54
353847 12
000146 60
318547 77
207342 11
326315 29
420275 68
178992 2
508890 118
045623 34
067403 60
137496 36
123848 4
026185 59
078819 177
199664 27
246663 21
006727 178
525213 54
060504 36
061559 11
254282 179
140200 93
017456 22
034135 91
018053 34
197387 91
001183 2
391332 43
069864 34
029716 4
062156 86
009172 36
143048 39
020628 93
263283 43
237296 110
118351 180
099326 20
033427 36
130752 68
007707 36
018052 96
498166 43
109436 181
132545 40
069862 34
120042 2
337158 182
276557 53
046902 60
051649 37
067788 68
000546 53
213254 17
235235 171
275377 85
111105 17
484722 183
379074 54
407087 66
371608 156
531273 98
047181 34
075917 22
020827 91
003544 34
480893 53
045090 6
033070 47
471929 184
464321 45
010042 84
383803 21
089595 12
013749 34
002322 60
205939 185
408879 93
172432 128
492917 87
086109 96
108442 121
001182 2
467989 2
143273 56
366388 28
055061 9
189702 96
003507 29
093397 29
465692 17
004251 34
334285 144
023148 34
015277 93
418888 36
231403 24
318041 45
310641 4
504192 60
330848 23
095300 90
089546 84
047507 63
458475 85
334398 108
475340 62
062858 4
106677 43
288682 17
331120 4
207471 132
189337 4
217566 47
007976 91
002323 60
042223 186
035123 53
024438 69
036813 69
001750 34
049310 84
532438 45
258509 187
017761 60
222885 158
105595 83
085451 34
358160 118
077350 188
170385 87
148385 77
006614 29
002010 98
091414 34
435450 69
017754 118
312726 77
008801 189
465120 12
467579 190
196098 165
138229 60
109071 58
010311 5
057405 29
414291 23
005718 98
444630 122
092809 191
034839 192
147552 53
097567 66
050535 34
089547 38
016519 5
003829 96
356840 144
094018 121
424203 45
247056 46
246597 14
123128 128
431686 32
423800 20
116461 88
029949 77
152925 48
117143 17
363093 193
215846 37
161207 83
026126 17
064935 45
421387 4
044317 36
005938 53
159067 60
295167 194
326766 195
081385 6
043043 34
520948 85
025066 93
390906 68
066920 48
033833 34
358720 48
004052 60
397468 93
395452 43
041624 84
144599 38
015413 91
007019 196
341650 48
386552 84
325877 85
014696 1
046127 6
047330 2
139798 17
184278 84
013088 37
025023 53
037130 91
324676 85
040229 87
407036 23
024142 60
071446 37
004018 34
287149 0
505417 51
027618 34
359423 197
001885 93
055585 93
001934 60
041597 29
178157 34
065637 60
052284 108
033400 14
025000 37
358637 34
013756 60
043488 87
382258 144
474663 17
169491 85
046731 29
407872 198
232936 69
135299 77
296876 102
148917 83
115207 93
037921 60
282919 199
233314 200
466878 68
061323 201
080301 36
029614 24
082224 17
326823 34
101433 139
450531 40
032837 88
359110 2
262108 202
034937 4
097466 93
299713 20
076432 47
355382 43
018296 59
167940 56
134780 22
067545 56
140857 48
083273 54
362102 203
000966 4
013113 60
114209 128
450320 39
120358 17
036620 21
121060 24
102320 34
012259 34
005272 29
082970 98
455052 39
391690 12
049696 60
127241 38
060557 4
014926 22
080454 84
016520 53
253369 69
039445 60
005450 34
020672 93
044331 59
001376 95
007060 98
026856 98
017057 34
028713 98
168575 60
009661 58
038557 75
017171 6
032694 53
002009 43
387562 204
015547 36
029377 41
072576 4
476681 205
215435 192
047413 38
067855 34
014490 34
006749 60
122390 144
463850 82
060503 36
017258 56
104923 144
344960 98
476214 85
334979 6
361364 45
000057 93
056078 118
012304 58
322562 102
164703 144
176844 41
077734 34
001842 206
321320 17
263164 128
491986 207
145489 36
083048 98
468755 65
055048 85
005664 34
441289 208
041864 144
005434 209
119370 210
106024 56
297398 0
266130 48
365967 37
167736 211
178158 45
272327 77
009511 199
107811 17
041598 36
236000 23
057489 122
006481 58
011263 36
142602 144
132696 39
288519 17
448309 43
132113 60
012718 93
142825 60
017868 17
046567 20
213248 53
216192 53
227177 93
025422 47
030021 60
480335 2
138230 53
397469 93
164809 43
059096 34
017506 59
463165 2
399900 97
159150 47
070221 68
474323 48
403369 38
018918 4
029993 122
025820 36
318651 68
195943 128
023593 14
011168 96
126808 59
216720 22
430520 212
004351 93
001347 34
002930 4
432027 59
318368 86
080913 53
159734 54
155087 17
000077 69
028236 59
178595 17
018419 84
316103 60
021009 60
000027 51
035921 98
039387 87
012214 60
057127 77
039225 34
046667 36
226647 192
100941 93
088874 98
003321 77
007800 93
429395 213
115067 98
209789 37
054065 4
001886 93
074097 34
054064 4
293498 37
235090 144
030400 43
118673 206
105251 214
242155 38
328819 85
002581 2
096246 4
254916 215
019487 53
254812 84
125673 93
069356 47
065311 36
055923 58
047968 98
453479 24
008462 60
006069 29
234555 17
052638 45
149383 98
141595 2
229868 20
486718 62
037078 24
447494 39
459649 87
184562 62
286408 20
011343 34
024437 91
078703 53
039332 2
285078 17
260444 93
203329 4
060295 56
029331 59
263212 75
512267 75
424690 59
030047 41
242113 59
003596 36
287657 88
000032 6
305640 179
296354 23
415932 82
470245 4
157187 20
217862 65
024203 6
393365 87
005745 2
076078 63
069550 59
169012 93
217650 137
035003 41
124127 43
003061 98
076565 47
399919 48
028174 41
068431 22
067768 29
333813 6
025278 17
019547 2
259973 144
260106 85
002025 84
362009 20
011434 6
498348 17
025933 34
005359 9
306677 43
009171 36
061483 216
071508 34
056321 28
446842 53
416081 20
012852 93
040946 160
025911 60
021634 181
010433 93
055974 2
020128 59
007168 5
339610 20
131177 20
077430 47
121510 53
328149 217
497733 53
382758 17
069278 98
053120 34
392252 40
058173 60
361605 37
427048 20
148400 68
018420 84
382662 14
002566 86
312532 17
140488 6
228382 17
395028 218
343912 219
004818 34
159296 76
359982 220
067852 62
329193 18
475504 100
086097 37
474694 221
178751 88
049440 2
107492 4
061315 4
084698 83
208799 222
000525 58
438404 98
069872 93
235492 2
066465 122
371495 4
261395 24
024792 58
004051 60
010322 36
479568 17
011797 4
032924 34
100431 6
169526 223
128534 24
533849 85
048856 118
093901 23
029453 93
267209 126
125452 48
024715 18
014142 2
005724 5
059242 93
527040 122
021492 97
291688 83
213006 17
454316 139
001063 98
344527 223
080153 36
388724 38
145012 98
181897 118
311758 105
167854 43
338414 36
261365 53
206183 224
262969 60
102117 85
020127 91
299143 225
017109 91
067460 37
049414 17
068871 34
398639 37
034208 4
370509 17
469211 36
029987 85
009007 60
410510 17
450453 179
164707 20
026184 59
041016 216
049438 98
014767 58
054267 34
035930 58
311271 226
044474 77
362507 4
192869 108
015596 84
496461 27
057933 5
412281 85
195469 227
127922 84
268447 91
399261 162
411882 28
386682 60
473176 17
348600 12
491809 93
079487 4
024087 17
184297 65
022286 83
020420 37
171822 62
071509 34
013650 2
320035 121
099661 36
008461 60
024473 36
030055 96
456263 228
113162 7
277841 5
005092 229
014362 84
164217 12
359613 45
028722 36
105882 4
090589 96
241311 55
479713 38
006502 20
266164 170
011342 34
498120 60
049732 29
071913 39
195244 48
300537 82
439871 48
032509 6
394027 60
385210 75
225059 98
038315 59
025987 58
096805 20
027906 160
226812 20
405831 69
269000 4
288609 62
041716 60
083500 36
226245 29
036860 2
309186 59
472549 27
240504 53
069074 8
259511 123
153694 4
517656 17
149924 53
244954 144
021712 59
019980 38
401685 30
126970 21
013889 2
030681 93
405648 53
024118 34
171256 4
158845 36
010958 56
042973 75
344026 192
275565 148
006437 93
211842 60
037916 60
191965 24
002985 60
440101 155
137286 60
001646 43
444607 230
245078 170
330065 50
189796 98
062336 92
050265 69
018953 60
107021 98
242863 162
004951 59
445312 22
148251 177
023070 2
121808 39
006313 34
455730 101
021549 34
032957 6
344782 231
066853 41
006274 34
224152 34
027851 60
089123 102
267940 60
013748 34
506935 60
141382 48
489379 170
138910 133
042108 59
006100 93
275889 202
323656 38
092097 144
396310 130
005715 36
046925 53
036152 4
124131 48
118192 66
014071 58
026639 60
341311 34
007016 22
142484 43
276632 232
002921 34
002711 9
474746 233
011796 4
297489 60
034776 93
244927 62
140021 4
005663 34
040046 60
035043 4
269551 53
460039 101
009132 43
052933 98
075768 139
061018 59
045220 17
017110 91
448255 18
389697 91
006800 93
065980 58
383777 53
043700 29
035842 68
093145 6
506673 48
053892 93
016726 37
471006 68
247014 139
024960 6
146730 36
184792 28
004038 93
006551 59
010248 60
111008 122
062335 38
203857 93
165873 84
059385 36
482477 234
208900 197
497810 37
461041 53
089299 88
061999 59
036435 60
019199 36
071816 17
029359 60
221251 128
048241 47
340735 68
121509 36
346310 154
526276 21
461731 5
002026 84
446658 102
015139 4
069258 9
298252 118
317782 95
010957 59
084740 27
028645 48
140190 17
008578 6
343689 98
366772 121
243075 49
234592 77
038502 6
018758 34
111478 53
517038 43
017491 27
315658 20
140309 17
001718 4
069337 53
006275 34
057725 17
061318 83
164720 34
390259 53
032422 38
115459 36
023640 58
300205 162
010371 94
004040 34
183913 235
055735 181
074374 43
105454 20
405974 37
296052 65
176094 25
298328 128
191409 236
237833 17
047020 59
103452 63
080285 93
235089 20
407565 48
147657 50
118873 77
036057 67
253211 24
065116 36
393308 34
017595 29
000037 59
070277 84
392368 78
463093 24
001287 60
156491 47
144396 36
234924 237
123507 118
043605 36
017854 59
098263 4
036847 34
314941 27
386248 91
001749 34
051475 97
322668 210
015732 84
085102 39
201049 46
005041 59
300954 192
339018 62
005723 5
018429 2
018001 20
005514 60
010312 5
028885 34
429047 118
297580 53
483690 68
115123 34
197017 4
109607 8
020660 238
080440 27
018711 85
043626 17
059015 77
060700 64
078187 85
235566 48
007312 34
045289 28
074326 47
010562 36
093170 162
066930 5
115793 39
176498 36
378446 38
015766 58
126090 6
070360 17
356643 88
281772 48
093588 170
278219 53
002561 93
005057 83
344489 36
063316 96
039690 50
519858 92
015953 34
502444 20
109124 83
055435 60
334363 27
207801 18
482190 133
334839 92
398413 23
334420 91
268654 45
006938 6
274808 75
364017 56
429999 109
023355 60
318703 103
015183 58
003260 5
004407 59
069108 60
491709 93
110798 43
040724 34
085165 36
010161 206
125972 17
074131 225
026997 17
002656 98
457215 239
129985 240
111212 241
076575 4
403898 60
078084 58
099593 34
407143 39
222720 164
054840 17
097182 37
234219 34
003313 102
061377 34
036120 93
154637 37
190630 27
360637 59
041669 22
021273 39
219729 68
051939 17
355594 48
236710 39
106997 36
425373 20
004037 93
082276 4
095743 68
346269 242
051836 93
043413 84
045091 84
267574 51
288546 85
090178 83
528473 121
344315 95
259740 243
001286 60
028429 34
018066 48
249792 108
116044 83
460160 34
030647 93
167444 98
356365 60
066448 84
463990 134
046237 60
293304 24
329417 24
053243 62
119464 91
205500 2
493781 60
526558 23
034616 12
088971 122
466790 75
029357 22
409136 49
011477 60
164404 244
254402 53
487439 53
353071 76
198910 83
006070 29
506404 69
151828 23
264198 91
174203 34
155826 62
233333 83
148008 29
083195 6
105925 36
124799 245
139755 36
183189 102
040091 53
268145 28
011708 53
260919 41
434502 23
005883 4
114956 158
085811 34
040059 38
159405 20
411665 53
241940 12
444721 37
000877 34
051617 93
044269 93
150483 9
015115 98
285276 202
087803 91
020550 4
169806 47
117128 23
002929 4
474271 215
008067 5
129216 122
028721 91
051527 69
332421 85
008154 93
240163 4
413955 17
068558 17
149859 47
073544 63
001375 34
069707 4
005855 47
078693 48
505493 75
027083 36
449745 37
074017 150
153031 84
281055 93
132426 4
005094 28
133426 4
020307 93
440457 96
018954 60
302973 23
003121 34
037340 84
073163 246
024486 102
226732 49
014221 93
014287 4
009873 41
043544 36
069665 12
069277 47
231428 59
184850 98
209298 14
076938 62
024989 29
197922 4
073603 41
008066 5
166160 247
068398 20
002066 6
150162 53
150541 68
443522 53
337035 17
514716 20
027911 84
170194 144
317260 20
146824 43
041760 70
115180 48
037617 6
321175 37
034756 4
010215 60
333006 38
047300 60
176811 69
311255 24
074665 34
082121 22
004264 96
385521 248
156449 53
290887 214
062000 39
457493 23
014999 4
002264 60
426676 249
012442 41
045974 83
405877 20
091844 4
017100 36
181996 37
012191 93
094135 17
372576 48
005058 83
022048 250
218411 251
275782 34
055955 37
001357 59
284989 17
402381 25
010307 17
040238 252
007752 6
108894 193
400286 39
509958 98
221936 84
353380 105
020601 34
266590 102
083629 17
006802 60
052182 41
046047 34
079431 36
259519 36
043132 103
270976 83
182152 144
313091 253
228378 91
216730 254
025318 95
317600 68
210073 48
004950 59
036297 84
022508 139
099507 34
199396 56
350717 53
032317 93
049639 60
055530 9
004416 93
028133 36
143261 196
268897 83
181129 69
136377 18
164702 4
289243 36
306889 83
011877 41
091205 94
067903 188
421086 128
095224 91
444855 37
020826 91
007311 96
201408 21
047194 41
064362 84
024297 93
376825 53
056424 47
322130 17
310711 255
356763 93
399856 24
097562 4
480870 119
010012 36
461713 137
003595 36
421717 53
065784 34
072111 92
106091 6
109744 60
174579 98
064335 91
009827 36
000547 53
200258 118
227959 98
003749 98
271428 6
035414 36
163592 43
035933 93
032200 59
087132 84
009849 84
311795 48
273511 92
369018 55
280385 17
204801 137
013690 63
025984 60
425819 158
017812 59
514818 91
069839 4
339057 77
025815 95
537585 59
127166 5
414750 17
077414 60
414345 20
004848 152
077345 83
034554 34
501520 20
145914 36
194015 84
016490 60
420321 1
038984 93
089196 91
011167 34
226927 48
004044 36
002712 36
302975 162
076618 47
496689 48
013216 34
011373 9
032854 60
096028 17
003062 98
063213 65
075894 96
318399 41
294669 43
167858 36
013373 34
400841 39
291549 218
010588 55
056644 128
096787 59
485009 70
014850 34
283864 84
062258 17
102249 256
133591 64
138585 243
024580 5
184303 20
054786 2
007167 53
043745 59
033093 58
482987 58
004017 95
011397 60
445473 59
009848 84
015632 96
017308 93
039774 93
068539 60
452219 102
136860 37
293825 215
390331 43
213325 51
320977 53
070505 84
020126 91
134878 212
383762 39
174191 58
026526 92
285666 79
448032 257
086369 47
008839 83
024734 60
056303 47
212909 28
461513 17
501775 258
489593 56
114998 162
055782 45
024735 60
030340 41
102677 34
043697 192
074745 83
074089 12
017535 53
187610 259
024942 75
026363 41
045157 85
181439 54
372316 170
427115 75
193031 93
230250 24
063073 48
309240 75
023908 60
207541 48
396641 260
439867 20
027004 41
009632 34
181662 34
414584 9
044318 36
377061 261
011435 6
040653 2
497100 88
025231 41
024572 4
005876 29
011396 60
311303 143
047573 91
136663 27
040982 36
327321 98
173312 83
078623 75
202305 34
254281 53
491525 50
296710 37
205806 140
158787 100
009588 98
020607 36
385938 48
020190 34
212350 20
381869 20
047485 59
006080 6
047818 36
023868 88
002580 2
065436 93
048521 14
043784 22
014412 91
144711 93
517839 56
157488 18
064426 85
006721 34
445259 21
454491 66
218188 20
082486 91
524812 54
505727 22
026435 216
263379 262
014297 2
049788 119
066399 98
234882 62
322337 27
043898 60
046881 12
036806 4
105883 4
435012 21
181725 65
056037 210
048082 36
085510 83
102445 34
423886 263
328300 62
063168 38
061027 102
361963 68
446982 62
007918 60
024862 36
009036 22
002375 59
252821 4
050856 59
508539 58
241356 36
082818 212
002067 6
002920 34
000031 6
060274 34
108830 192
367361 0
232604 88
132275 264
005375 53
516686 29
055033 140
123316 133
108858 62
531500 66
079182 53
047967 265
037759 4
224541 20
053535 6
532677 50
054749 59
001962 2
368538 19
106002 66
214487 144
374550 102
038296 60
007801 93
003794 36
052876 17
299213 56
064428 34
184310 93
121220 17
396342 85
011882 96
022630 266
097123 84
096474 77
039697 5
051528 6
005909 29
356139 23
346313 20
127016 96
147768 75
065284 17
019500 36
481785 93
042586 41
266108 108
487312 98
367829 4
147756 91
153445 69
083976 24
013778 34
370382 24
074656 9
024523 34
221428 53
012397 91
068870 34
234122 4
532481 34
351244 69
107727 39
003938 60
362592 59
018917 4
093475 5
161265 27
003349 47
020010 36
277847 51
399425 43
123339 17
093519 4
026773 47
043294 128
477290 144
139308 37
441628 93
139754 36
031224 5
535850 34
485928 12
242167 4
001527 165
017490 27
017537 41
022509 57
489211 93
051558 17
027359 4
296461 14
073336 119
099106 53
052345 34
352783 38
035033 122
000876 34
209897 2
390651 0
039850 53
063934 2
010523 84
311477 98
005358 36
023717 2
146508 39
169735 60
048242 47
060263 36
075014 34
130795 121
203014 49
191426 5
515651 91
165755 130
061179 91
006806 47
010473 2
081601 20
390419 158
231061 163
136744 68
054190 48
325088 38
024779 2
171971 23
070739 28
137401 150
397712 0
220694 137
423077 16
052948 83
035932 36
091951 2
208313 192
059997 2
370136 83
481169 62
377262 43
098264 27
085683 91
483757 62
388362 118
370065 48
221762 111
121937 20
026104 17
091206 4
410785 48
072620 36
452992 267
141142 60
024390 96
005882 4
006099 93
004550 58
192828 155
012241 58
084243 85
283672 47
399334 78
057440 118
066256 36
339417 119
440799 56
111301 36
278687 7
461944 43
323037 48
207363 24
255764 119
008867 37
337520 10
180857 92
170776 98
076902 68
082222 21
060956 58
071948 34
004914 85
002439 60
015140 4
015954 34
335587 39
029148 34
256399 48
025937 43
100968 183
246772 268
473438 108
006801 60
005656 4
054010 269
127387 68
457660 88
281126 76
077671 54
011804 5
000209 14
088556 45
005123 58
026264 94
411799 17
251640 38
049591 0
017711 2
372487 85
447035 60
440909 108
045891 20
034936 4
108004 60
026614 5
066929 53
278711 77
109453 83
107901 59
001039 93
331619 91
004944 98
284256 94
506194 60
378607 37
302477 85
109728 83
004415 93
007148 83
155498 53
037006 23
152779 93
482014 17
247066 270
014129 47
004893 93
095432 24
010249 58
233989 85
004250 96
036296 84
421783 66
511837 14
256931 118
056862 26
229179 91
269286 56
281025 28
001358 59
037175 36
320680 48
107923 45
035931 36
119685 203
093146 6
012303 58
177774 12
080309 119
408881 62
258913 21
133649 39
010472 2
243441 6
137822 17
396879 28
089358 17
161554 34
192400 53
072573 4
052298 93
122241 102
120229 8
020105 93
318621 144
463432 36
087547 119
030030 102
016524 47
048102 98
017259 59
287715 56
493693 17
008353 58
017437 41
034942 93
028559 60
441491 271
047195 66
053434 34
012717 93
261961 60
007529 34
170967 11
271912 272
303774 273
038939 85
217859 128
175350 196
004507 36
066604 155
346892 243
029413 34
215185 27
254892 40
013144 93
372709 98
395344 4
008509 34
006380 41
106087 17
477303 56
123836 9
446933 41
039796 34
071756 34
107700 82
065743 93
489644 183
004446 60
003350 47
284036 17
124717 85
396316 62
016053 4
010796 22
365504 181
114804 36
014111 34
014931 34
024163 41
001215 98
049323 17
529996 5
114783 274
132164 53
514588 68
000066 37
008800 34
010359 34
281964 79
068332 17
018091 83
300681 36
231140 98
170676 92
135164 28
100703 122
258354 6
346800 17
155595 55
045561 2
127449 86
088319 36
316417 53
454365 37
182935 17
112492 84
474371 8
007754 34
536744 23
065850 4
069708 4
010495 29
022729 34
062741 34
306418 20
393798 91
130317 23
485287 85
018194 2
278085 53
159596 70
261512 23
114169 43
036835 6
007445 36
184711 97
162765 4
374098 56
419366 275
001961 2
278381 37
060188 56
467044 276
050259 29
072611 39
384266 20
010370 34
010251 53
033069 47
459866 8
054116 34
019329 60
271197 93
022008 34
001100 6
030621 91
377887 43
272861 277
079206 17
204525 26
245580 29
126142 85
143461 83
218851 0
316638 48
386010 36
002508 96
052733 34
215410 50
018355 60
019981 84
286726 24
190330 216
103047 60
390379 98
116978 43
218253 6
504225 24
400627 23
039426 36
193898 278
417647 144
075290 43
142409 144
219753 34
407860 4
025765 91
257314 4
074655 9
126503 75
519743 39
381253 102
205096 155
023975 41
459019 185
002892 34
019842 36
113767 85
032645 23
034522 98
006613 29
026645 92
067767 29
000188 121
107152 41
236283 158
288398 93
106451 98
082962 20
004408 59
053167 93
053000 77
020201 93
053870 23
022217 83
332145 77
091007 53
152406 24
453424 233
002567 41
342116 20
242206 14
020096 59
035498 59
445581 37
203596 77
002265 60
053415 58
114861 69
009826 36
006171 93
384311 62
079339 7
019396 95
067597 34
008475 37
468425 53
004368 34
389359 53
026774 47
111722 17
075736 91
010563 36
037698 59
010564 34
409664 93
045126 12
331482 144
017507 59
250573 49
063768 48
030835 91
331289 29
013779 34
052522 58
078670 34
023071 2
011726 102
005122 58
163624 36
420406 223
238437 94
016783 122
138556 96
098357 183
226178 130
016814 2
062873 267
002893 34
007059 98
484291 12
408151 279
318193 53
180592 6
145125 34
031868 59
010437 34
327561 24
376093 111
025032 47
047724 4
152583 20
336255 18
022214 280
043097 58
054444 60
093237 111
049460 4
042970 60
477852 118
375473 88
037037 68
046983 48
218260 34
024260 91
024272 96
042587 41
180521 34
407273 218
233443 128
028736 2
301597 77
121881 101
502394 43
492085 60
000078 91
490362 98
504479 43
277501 28
244491 34
178498 53
183670 29
205836 98
197280 10
020342 58
040373 93
000643 34
170295 34
406599 34
040230 84
091066 53
521537 20
245761 47
066734 43
088340 28
353242 53
266389 12
123169 136
065326 59
004506 36
420263 66
171713 53
298195 144
039092 150
468186 113
003261 5
081383 1
021548 34
128488 144
397061 27
239977 144
