0 12.354405403137207
001958 0
002088 1
001395 2
001521 3
001099 4
000394 5
000029 6
000100 7
000352 8
002021 9
001353 10
001145 11
002856 12
001226 0
000298 13
001786 14
000127 15
002758 0
001597 16
002028 17
002997 18
000682 19
000046 20
001437 21
002748 13
000302 22
002649 0
001608 23
000637 24
000548 25
001266 0
001271 26
000679 27
002613 0
002157 28
000706 29
001509 30
000111 31
002354 32
002178 33
002049 34
000283 35
001101 36
000561 37
000564 17
000578 38
001820 39
001951 40
001560 41
000300 42
001923 43
001066 44
002039 45
000535 46
002924 47
002766 48
002227 49
000274 50
000395 51
000193 52
000099 53
001202 54
002631 55
002246 17
001229 38
000541 56
002389 57
000042 58
000956 59
002329 0
002621 60
001136 13
001598 61
000206 62
002260 63
000004 64
000621 65
000536 66
002361 67
001491 68
000293 69
000928 70
002301 71
001661 72
000433 0
000749 73
000608 74
000614 38
000789 75
001989 61
000784 76
001793 77
002030 78
002472 79
000797 80
002186 81
001673 82
000714 83
002213 84
001966 85
000528 86
001637 13
000051 37
002816 1
000292 20
001431 0
000221 31
001824 87
002460 61
001552 0
002161 20
002546 1
002767 86
002964 27
001154 75
000814 20
001947 85
001590 13
002699 54
002673 85
002365 78
000005 88
000726 0
002456 60
001948 0
002681 0
000007 60
001105 54
001293 0
002710 22
001630 61
002849 89
000526 60
001927 85
000912 10
002097 37
001855 13
000774 70
000590 85
000903 34
002600 45
001968 8
002930 47
001684 13
002704 70
001847 41
002583 90
001662 37
000307 61
000517 85
001614 71
001587 38
003000 91
002572 0
000041 1
000367 5
001652 0
000589 25
000011 45
002687 83
001239 30
002337 31
002689 34
002342 61
002338 13
002657 61
001827 0
002947 17
001376 71
002797 70
001219 5
001127 61
001987 37
000322 70
002923 31
001407 0
001563 61
000397 92
001434 45
002146 56
002191 85
000772 53
001242 17
002739 85
002770 45
001146 30
001656 10
001754 0
000112 85
001698 70
002668 93
002535 10
002692 12
001525 41
000331 13
002697 37
000256 60
000158 69
000319 0
000631 46
002207 69
000315 10
001826 0
002960 70
001545 45
000855 29
002016 10
002398 25
000347 17
000599 0
000856 16
000443 85
002333 34
002001 27
002848 17
001534 85
000762 45
002012 91
002901 70
001358 12
001638 37
001078 94
001991 20
000966 41
002276 1
002195 61
000587 31
000066 13
000937 56
002485 41
000731 0
001235 54
001132 46
001472 12
002317 0
000757 31
002027 0
002250 13
002515 13
002256 23
002953 31
001594 73
001609 23
002052 45
000798 61
001269 70
001774 0
000249 23
000108 20
002419 95
002750 6
002129 8
001901 37
002891 96
002763 16
001505 6
002318 97
001393 13
000228 13
002602 30
002037 0
002684 8
000976 10
000886 85
002596 33
000225 76
000917 10
002183 10
002403 85
002625 60
001675 86
002238 0
002046 98
001527 45
002287 70
000488 8
002783 70
001733 60
001326 8
001768 75
002778 0
002035 34
002628 99
002804 70
002253 8
000559 0
001696 10
002426 26
001653 1
001454 61
002455 37
002677 1
001065 5
002616 0
001261 0
001992 59
000871 0
000231 69
000018 91
002552 10
001574 69
000955 13
001072 13
002527 10
000305 61
001702 85
000791 46
002610 0
001929 1
001256 0
002779 70
000665 1
000219 10
000188 100
002961 75
002990 0
002066 101
001932 13
001538 54
000601 15
002617 22
000930 85
002210 20
001166 10
002768 61
002357 0
000522 76
000304 56
002067 41
000758 86
002170 83
000261 102
002299 70
001952 103
002497 75
000368 0
002071 31
001643 16
001679 1
002189 47
000988 13
002427 23
001081 22
000910 69
001164 104
002033 85
001302 17
000383 54
001769 15
000611 105
001381 20
002281 106
002107 60
001172 70
002998 13
000082 41
000152 86
002429 10
000962 13
002785 45
000202 78
001306 13
000672 49
002023 8
000055 45
000439 98
002438 60
002391 45
001422 75
001537 70
000166 46
002502 13
001129 70
001005 107
002839 41
002029 31
000914 13
000482 59
000500 45
001797 61
000919 85
001903 15
001194 56
002962 34
002151 0
000162 20
002926 69
000813 74
001238 45
002733 12
001405 108
000076 0
001163 109
002075 13
002794 10
001488 47
002703 6
001398 110
002025 111
001777 56
002288 0
002983 0
001876 49
001834 0
001909 34
002705 61
000404 0
000232 15
001334 94
002332 8
001042 15
001448 70
002590 10
001914 13
000606 4
001249 34
002821 70
002445 112
001143 0
002441 86
002922 83
000204 61
000785 67
002373 20
000014 70
002208 0
002905 0
000676 5
002885 13
002603 83
000465 113
000775 70
001935 12
000496 29
000803 87
000170 34
002449 33
002169 13
000959 87
002965 54
000446 70
001457 61
002002 41
001423 45
000896 75
000429 12
002658 114
001735 29
000196 10
002556 85
000547 115
001828 69
002897 10
001585 15
001567 54
002549 31
002746 116
000088 20
000633 75
001959 20
000583 83
000257 117
001090 86
001814 12
001411 5
000048 85
001651 20
001530 85
001248 56
001503 33
000059 27
002731 56
002683 26
000073 23
001811 91
000474 87
002577 45
001382 53
000124 85
001217 57
000881 20
001336 31
002399 0
001148 0
001354 45
000336 17
001495 34
002230 70
001917 13
002486 37
000181 73
001451 75
002543 85
000617 15
000121 85
000109 61
002790 17
001962 87
001579 15
001704 0
000750 10
000684 118
001724 29
002545 5
000172 52
000103 60
002458 37
000773 69
002232 45
000416 61
000491 10
001165 4
001141 60
002769 25
001329 5
001378 13
001399 119
001612 28
001400 8
000830 85
001308 31
001352 10
001602 120
002728 75
000182 0
001681 46
001688 21
000178 106
000694 121
002400 31
002678 45
001012 45
001916 54
000286 46
000899 59
000894 45
002086 75
002913 70
001851 37
000701 13
001455 20
001404 37
001187 0
002235 28
001224 68
002096 87
002608 122
002083 85
001919 56
002175 70
002915 8
001142 8
002630 8
002966 85
002372 67
000276 75
001297 91
002171 56
001562 10
001843 70
001408 75
001645 54
001971 60
001593 8
001370 5
001323 37
001605 85
000867 0
000946 61
001300 21
000980 85
001856 0
000222 29
001994 45
000922 123
001433 54
001074 85
001895 34
002393 0
000138 45
002578 15
001364 38
002831 16
002504 54
001029 41
000603 17
002701 70
000837 37
001837 36
001001 75
001818 115
002100 17
002184 0
001040 38
000440 34
002496 13
000095 13
002743 75
002000 103
001179 54
000269 13
000033 5
000200 124
001489 13
000229 26
001139 56
001610 85
000303 95
001550 29
001938 45
002665 13
000135 68
002799 40
000809 68
000680 125
001957 0
000841 122
000481 68
002379 34
001708 0
002749 13
002544 27
000689 54
001604 35
000686 59
001436 13
000288 85
000703 123
000502 19
000120 85
000365 1
002435 1
000558 45
001317 126
000562 41
002143 0
001152 15
001556 45
001978 54
002599 88
002229 86
002280 13
002307 54
000667 10
002793 0
000725 41
000574 38
002806 83
001121 10
000234 0
000907 15
000342 20
001189 112
000083 61
002777 86
000189 45
001672 60
000550 52
000805 61
002397 59
002553 85
002203 45
002792 63
000544 127
000478 37
002304 38
000817 71
002753 41
000398 85
000935 60
000655 20
002269 87
000708 83
001010 5
002018 71
000251 128
000974 85
001225 15
000786 52
000281 13
002857 23
001478 41
002974 94
000792 129
002346 17
000778 34
000675 49
001790 45
001218 23
000938 45
000430 75
001013 130
001654 1
001711 17
000556 23
000187 0
000167 15
000995 37
001237 85
000477 13
001027 45
001761 38
001808 43
000057 61
000209 0
002511 131
002380 15
002506 38
001498 67
000426 0
002645 17
001559 45
000242 94
002757 31
001570 85
000570 83
001267 0
002194 60
002247 61
002048 12
002881 45
002532 132
001174 13
002283 20
001557 38
001178 0
002619 54
002654 0
001930 17
000651 60
002634 61
001518 75
001017 43
001501 85
001460 45
001231 20
000560 56
001409 0
001974 133
000738 85
002564 23
001745 45
001295 16
000826 23
000624 8
000220 75
000258 61
001282 134
002775 43
000926 33
000217 103
000511 30
002367 45
001588 54
000593 71
000493 10
000332 85
002829 61
002216 0
000415 0
002132 115
001045 41
001908 36
000645 13
001823 57
001039 8
001508 20
002271 23
000639 0
000944 135
002615 85
002585 41
000195 73
000575 69
002362 60
000818 10
000958 1
002765 0
002711 13
000897 5
002772 52
000840 75
001396 0
001862 0
000636 59
000721 136
000255 37
002118 13
002005 87
001731 54
000192 61
001773 10
001484 69
002989 45
001206 0
001819 0
002951 10
002862 1
001504 13
001420 34
000453 87
001418 88
000197 137
002918 13
002457 86
000534 54
000878 85
001037 52
000460 71
000487 38
001892 22
000681 12
002453 54
000419 119
001350 54
000877 75
001650 54
001900 29
002330 17
001709 138
002105 49
000454 0
001414 17
002876 87
000580 85
000125 8
001898 33
000339 139
001416 69
002858 85
000090 57
000447 56
002106 1
001893 94
001150 109
001925 13
001848 1
001918 13
000997 8
000734 12
000628 8
002609 0
002512 1
001939 22
001240 8
000330 17
001428 34
001469 50
002388 17
001578 86
002626 85
000545 0
002693 13
002614 0
000369 12
002642 0
002802 8
001222 35
002396 140
002991 49
000994 61
000458 14
002402 45
001337 83
001443 70
000737 45
001564 141
002601 5
002061 41
002986 85
000736 85
001442 36
000933 28
001021 0
001993 49
000661 0
001033 8
000423 70
002450 45
002805 74
001061 61
001044 33
000289 38
000471 17
002326 34
002174 142
001088 54
001907 30
001912 8
002877 52
000227 5
000761 69
000577 88
000092 134
000515 87
002364 5
000271 70
000518 10
002384 0
002202 61
001046 75
002718 85
002836 16
002914 30
000960 40
001388 14
002482 53
000769 85
002371 15
002520 1
001860 74
001228 8
000985 54
001813 22
001402 45
002295 1
002871 17
000847 87
001961 143
002900 41
001160 0
001806 13
000469 144
002940 10
000969 10
001197 12
001792 142
001967 41
000341 145
002298 1
002315 75
000900 86
001069 85
001186 85
001343 8
001576 85
000693 5
000588 20
002254 70
000131 13
002423 108
001397 146
000554 31
002323 17
000656 59
000445 37
002650 36
001483 33
000094 38
001157 38
000768 83
001386 68
002937 37
000134 20
002931 107
001051 86
001721 147
002854 85
001566 61
000859 148
000552 14
001543 10
002376 54
002302 8
001490 75
000609 46
000349 149
002297 61
001700 142
001622 23
000613 54
002488 45
001833 20
001717 31
000710 50
000573 87
002869 75
000744 28
000704 45
000925 52
000183 10
002788 45
000243 87
002807 33
000371 10
002076 5
000441 1
000654 26
002709 13
000709 74
001383 0
000024 13
002141 38
001118 10
000934 68
000858 68
001227 41
000509 8
001003 15
002274 54
002723 49
002300 34
002470 150
002909 70
002999 8
002392 17
002131 45
001782 70
002009 12
002032 0
000765 21
001669 70
000486 126
000237 5
001211 74
002349 5
001071 38
000713 0
002461 2
000646 8
002932 151
002906 0
001458 0
001692 142
000616 85
000671 10
002671 75
002791 46
002185 28
000901 85
002789 27
000986 49
002110 45
001392 87
002969 85
000207 13
002313 56
000031 68
000259 45
001265 152
000174 70
001283 17
001292 123
000860 0
001170 38
001618 70
000444 5
002698 153
000808 17
001180 31
001016 68
002774 1
000494 0
001195 154
001931 43
001857 33
002410 14
001467 85
001216 28
001309 13
000973 60
001766 85
000442 75
001659 10
001444 85
000690 122
000764 83
001272 126
002522 45
002444 142
001133 23
000017 45
001232 8
001439 45
001660 45
002069 60
001247 0
001906 8
002257 68
002934 85
001115 85
000615 41
002125 85
000422 71
001788 51
000918 109
000586 8
001144 54
002663 48
002745 60
000077 83
000191 13
001234 69
002165 17
002007 0
001345 28
002167 85
001549 108
000002 87
000640 61
000376 13
001697 52
002479 0
001936 61
002478 85
000746 52
002666 6
000643 18
000190 38
002109 35
002309 151
000012 59
000354 12
002622 13
002529 41
001360 0
000201 45
001611 5
001686 60
002667 108
000448 75
002014 13
001934 92
001514 1
001988 21
000882 17
001190 52
001059 34
001762 61
002980 70
000116 21
001385 66
001926 28
001867 13
000407 75
002995 41
001366 0
001028 74
002840 0
002102 34
001945 5
001502 8
002889 155
001625 150
002464 8
002316 41
001933 0
000326 142
000941 16
001298 68
002643 28
001095 22
002471 45
001805 23
000853 37
001920 66
001103 44
000779 45
001130 86
002725 78
002569 0
002089 85
000141 37
002239 10
001749 21
000390 61
000821 56
002612 13
000698 8
002846 85
001209 0
000485 45
001137 0
001736 12
002036 156
001331 0
002985 52
002439 1
002344 8
001606 29
000025 109
001356 37
000102 23
000629 157
001730 13
000993 5
002719 54
002407 30
000009 70
001067 44
000364 86
002887 61
001014 3
000401 69
002197 10
002865 6
002054 0
000039 28
002112 13
000865 38
000346 14
002115 158
000386 46
002868 31
000788 159
000208 108
001054 31
002101 61
001737 39
001335 61
000049 160
002019 54
000670 51
001689 41
002623 98
001829 10
002164 46
000294 45
002707 10
000895 122
002513 14
002103 25
000984 61
001113 0
000632 45
001547 54
000213 29
002063 23
001781 0
002459 161
002214 0
001676 0
001476 17
002160 157
001832 61
001809 27
001924 8
000224 85
002641 162
000524 15
000230 8
002124 163
002159 117
002744 52
002781 22
001714 0
002251 13
000584 5
002547 135
001124 85
000829 85
002038 10
002010 108
002982 54
000822 38
001250 66
001205 45
001779 56
001727 45
000399 81
002140 164
002782 54
000892 45
000748 22
001464 75
001897 30
000038 25
002912 45
001510 54
001849 54
002237 0
001649 13
002566 8
000373 112
001162 61
002311 1
002700 36
001738 54
002065 29
002385 10
001288 85
001092 13
001147 103
000295 155
001743 8
000978 34
000260 165
000159 25
001153 59
000971 61
002796 45
002662 14
001671 54
000846 13
002286 15
002819 0
001540 142
002116 27
002837 30
002079 5
002044 22
002163 20
000514 43
000068 13
000538 0
001706 10
001852 0
002917 75
000310 10
000801 122
002508 52
002911 56
001084 49
002533 54
000126 5
000069 31
001535 54
001245 45
001760 121
000150 13
001755 6
002180 41
002646 5
001387 8
001864 22
000921 50
002780 115
002431 59
000437 66
002218 52
002568 61
000852 0
000673 86
000061 21
002853 34
000265 108
002713 5
001324 30
000457 13
000597 52
002047 21
000983 54
002716 61
000210 69
001767 45
002929 34
000203 85
000348 0
001871 1
001785 0
001085 20
002352 166
001110 45
000702 12
001541 13
001838 75
000635 101
001449 10
000835 15
001674 0
000268 5
001858 68
002494 52
002147 89
002640 45
000810 38
001123 167
001646 5
002861 25
001207 168
002156 60
000982 45
001035 26
002558 61
001771 169
000052 23
000306 54
001647 71
001555 15
001954 13
001038 61
000727 78
000370 56
002648 23
001221 13
002413 86
001363 23
000105 85
001678 31
001286 16
002452 86
001720 38
001728 170
000576 36
001497 13
001996 75
001995 171
002127 54
002375 75
001580 19
001355 52
001685 21
001094 75
001874 54
001158 8
001403 68
001109 59
002987 31
001726 52
001116 10
000436 60
001815 23
001499 23
002353 0
002467 78
002495 85
001036 157
000211 13
000054 0
000780 157
002587 37
000387 75
002422 90
002992 172
000147 28
000499 85
000620 0
000996 173
001795 58
001861 13
000794 69
000510 13
002137 13
001854 83
000168 74
001883 142
001607 29
001866 31
002655 0
001453 0
001759 75
002882 45
000759 61
002114 13
002727 23
002057 41
002952 174
002498 45
000662 85
002561 70
002605 23
002152 76
002686 54
001294 35
000663 44
002523 85
000530 38
001273 17
001946 85
000060 1
000949 61
001648 31
001682 13
000282 0
001184 38
002988 0
002606 86
002244 10
002205 6
001536 15
002176 70
002825 8
002822 142
001327 75
001571 85
002484 78
000854 108
001904 23
001277 0
001284 175
000519 13
001526 37
000806 45
002680 5
002637 34
000711 52
001722 34
000050 86
000644 30
001007 150
000802 47
002133 29
002055 33
001311 6
001791 176
000850 34
000425 126
000417 87
000001 60
001482 45
001410 45
002773 0
001830 16
001270 85
000177 70
002404 142
001565 14
000513 142
000537 96
001287 70
000920 85
001463 85
000362 85
002243 54
001140 6
001655 13
001658 87
000337 61
000767 157
001349 70
000435 54
001863 13
001055 23
001533 8
002660 87
002720 177
002759 23
000408 87
001263 150
002541 41
002872 86
002898 86
001318 56
001330 2
002437 13
000381 87
001553 166
002113 17
002580 10
001956 178
002358 87
000579 28
000479 87
001748 179
002308 1
001783 23
002040 5
000420 5
000626 88
000040 180
001168 74
001481 85
002448 70
001060 87
000081 17
000947 181
000074 182
001126 183
000557 87
002041 122
002795 41
001253 86
001725 83
001632 31
001589 12
001596 66
002291 63
000542 41
001462 45
000508 16
001182 13
002462 0
000489 38
001125 69
002242 23
001542 69
000389 5
000218 94
001018 0
001246 17
002855 69
001629 68
001291 182
000463 23
002518 8
002473 37
000862 54
000527 0
002351 61
001963 17
000284 15
002306 10
001471 5
001087 54
000873 70
000591 17
002382 46
001577 56
000065 88
001083 5
002551 13
001280 8
000605 54
002737 49
000730 13
002006 44
000353 5
000954 69
001401 27
002627 60
002182 85
001922 86
001380 0
002714 157
000035 123
002776 8
001406 85
002240 60
002386 0
000020 75
000623 60
002592 45
002099 23
002355 70
002314 13
001275 85
001784 36
001082 54
000164 0
001703 87
001177 54
002814 75
000199 0
001233 131
002928 23
001516 54
001882 0
000409 85
000143 26
000023 36
000205 86
001213 23
001365 86
001006 70
000642 26
001699 26
002688 86
001344 54
000385 10
000889 45
002729 1
001086 54
000173 112
000532 54
002812 78
001340 13
001106 5
000400 29
002735 184
000641 61
002880 85
000720 88
000391 43
000936 69
002363 45
000139 66
001149 17
000787 75
001586 119
001119 87
002874 15
002845 0
002374 23
002434 41
001374 61
002490 56
000953 23
002638 17
001196 74
002574 33
002436 0
001575 0
002669 61
002754 85
001290 0
000129 0
002425 28
002867 49
001332 37
000161 0
000932 50
001389 185
002888 68
002085 86
001853 60
002335 186
001379 45
000421 85
002405 187
002480 54
000287 15
002432 68
001865 5
001041 43
000133 0
002787 10
001894 15
002565 23
001080 69
002994 52
002111 87
002390 56
000136 41
001214 13
002895 86
002721 78
000212 50
002296 85
002139 8
000275 0
002050 52
000089 118
000751 13
002293 154
000299 69
002950 85
000568 41
001627 30
000262 58
001729 13
002724 41
000316 81
002130 36
000104 87
001615 20
002024 10
001070 85
002584 27
000927 85
002369 34
002454 122
000366 41
002588 8
000529 69
000045 8
000309 45
001506 49
001551 61
000449 29
001375 74
000572 13
001135 0
001204 0
002263 70
001173 0
001319 26
000600 52
002148 157
001960 85
000834 98
000942 86
000063 101
001683 13
000987 150
002134 75
000333 17
002633 35
002264 70
001896 20
002236 106
001167 85
000630 115
001885 10
002539 41
002136 26
002708 85
002272 0
002415 0
000824 0
001223 85
002348 49
000461 5
001859 54
000160 34
000740 45
000008 182
002162 23
000372 69
002696 33
002080 31
000084 31
001873 22
002417 54
002907 34
001507 49
002817 188
000428 70
000290 69
002695 8
001554 45
000240 17
001944 13
001198 70
000770 69
001624 0
000402 31
001664 74
000155 10
000619 137
002571 34
001091 38
000296 108
000431 85
000280 13
002020 31
000582 49
002815 132
002933 174
002331 61
002595 30
002068 23
000719 54
001657 81
000723 56
002920 94
000596 54
000970 0
001600 14
000699 15
000977 13
001104 85
002717 0
001339 13
001817 37
000951 86
001212 23
001429 13
001670 31
000427 61
002908 86
000176 17
000080 5
000594 34
001348 56
001515 115
001546 13
002847 0
002150 157
000492 45
000989 56
001447 13
001975 35
000755 8
000825 37
000495 0
000800 75
001002 30
001626 189
000848 67
002060 75
002074 127
001468 61
001965 20
000888 157
002828 119
001712 8
002859 23
001789 22
002321 37
001079 37
002925 190
001886 1
001371 15
000140 132
002158 98
002285 15
001665 23
000410 71
000013 70
002199 61
000405 13
002740 31
001098 17
001220 13
002967 19
000793 26
002292 15
001842 13
000952 28
001910 13
001210 45
002893 43
000975 61
000475 49
001942 30
000216 157
002824 10
000501 56
002756 10
002064 36
000472 87
001584 13
002732 94
001635 191
000539 0
001979 54
001131 52
002492 0
000991 10
001305 134
002943 5
001009 0
002894 5
000875 178
000497 1
000312 132
000132 87
000252 35
001315 31
001519 8
001048 186
002168 19
000137 25
001752 23
000648 22
000595 85
002559 85
002339 189
000585 86
000811 85
001803 15
002412 78
002090 54
000279 0
000360 83
000030 27
002341 20
002122 113
002463 69
001732 0
001427 85
001264 96
000351 87
001430 10
002119 85
002483 45
002108 30
002098 75
000028 0
001878 45
000148 5
000660 10
002509 13
000022 85
000571 70
002017 13
000047 89
000752 192
000650 61
001887 15
002826 36
000869 86
002842 35
000891 8
001321 52
002356 193
001052 14
002381 28
000828 40
001022 89
002166 20
002598 49
002830 41
001663 10
000034 75
001844 13
001512 13
001417 85
002860 85
002209 13
001058 0
001520 87
000598 35
001011 13
000861 10
001642 85
000010 85
000091 15
001075 35
001985 31
000790 60
000263 8
000712 115
002305 45
002094 31
002864 76
000149 45
002653 54
001244 56
001415 5
002741 34
000079 68
002530 142
002212 194
002652 23
002892 0
000998 74
000036 195
002120 0
001413 54
000235 41
000350 10
000324 52
000003 94
001031 69
002368 10
002959 56
001756 59
002903 75
001477 56
001274 196
000816 60
001049 31
001241 83
001419 13
000939 23
000396 87
000782 29
002011 15
000863 41
001816 39
002430 8
002996 157
000504 60
002475 85
002639 5
000384 0
001750 179
000311 197
001619 56
002241 198
002031 122
001941 31
000905 23
000521 10
002153 0
001778 13
001691 46
001780 17
002350 10
001230 106
000760 12
001812 61
002674 43
001368 38
001734 85
000664 17
002607 23
002916 19
000743 35
002226 0
002808 14
002501 8
001513 61
000027 5
002586 70
001015 60
000967 60
001601 13
001973 0
000683 38
002579 67
000864 157
000992 61
000915 46
002084 41
002521 10
000186 87
001765 5
000923 13
000075 70
002224 56
002810 31
002752 86
000741 45
002334 17
002582 60
001744 69
000820 37
002192 38
001117 22
001710 10
000157 8
000832 0
001359 14
002528 8
000503 68
002611 8
002870 0
002984 17
002045 70
001981 85
002378 1
001057 45
001347 60
002958 26
000356 76
002360 8
002820 30
000724 29
001977 12
000245 50
001299 74
002722 36
000393 182
001747 31
002624 0
000086 29
000747 33
001181 29
002228 182
001316 31
002091 69
001102 41
000913 61
000963 33
000555 0
002347 49
002863 70
002834 87
000107 89
002008 56
000438 61
001801 45
000171 13
002656 16
001986 54
001372 74
002123 31
001677 78
001159 132
001128 61
002058 23
002370 56
002059 13
000827 85
002416 69
000285 142
002712 85
002726 46
002899 199
002591 23
001441 17
002188 6
002319 0
002570 13
002004 74
001251 13
001955 45
002154 8
001257 200
000056 53
000483 87
000044 70
001822 142
001544 54
000321 84
001342 45
002135 52
002971 60
001438 85
000238 91
001798 59
001810 1
001004 13
002803 56
002514 28
002290 142
001200 45
000301 10
000943 63
002265 41
001260 201
002294 38
000464 23
000006 13
000842 5
001869 37
000327 15
002282 6
002576 2
001465 69
000893 129
002062 13
000695 13
000388 8
000604 65
000843 54
000323 86
001868 61
002879 31
002275 37
002531 61
002468 8
002946 17
001281 85
000831 13
001905 75
000456 0
000308 75
002121 14
002051 87
001303 17
000329 75
002977 54
001705 46
001719 165
000480 87
002919 8
002510 69
000118 54
001972 115
001558 0
002734 54
001030 202
000467 31
002440 25
002249 101
002594 20
001970 23
001199 22
001357 83
001902 26
001976 56
000777 33
000569 203
001787 85
002636 13
002277 45
002941 17
001093 142
001258 61
001999 23
000085 70
001666 0
002685 8
000756 46
002144 70
002200 56
000512 0
002902 45
000732 17
002221 54
002320 1
000531 61
002345 22
000766 6
001480 85
002003 52
001362 85
002491 49
000375 37
001634 191
002784 86
001185 12
001715 87
002536 17
002081 54
001794 13
000239 10
000128 61
000355 57
000165 31
001511 60
002875 85
001320 59
002477 8
000473 1
001998 8
002481 50
002043 17
002408 61
002138 56
002411 36
000098 204
001840 90
001024 20
002015 54
002948 0
000450 8
000551 13
002694 61
000277 40
002267 45
000179 35
000434 61
001341 8
002852 61
001592 0
001644 205
001517 36
000742 85
000868 31
001770 78
000484 85
002022 10
002938 74
002324 34
002359 23
000781 40
000549 142
001964 13
002833 17
000783 182
001890 33
001008 132
002394 0
000674 45
002204 100
000687 31
000876 70
000459 70
001990 206
001911 13
001268 40
000753 45
000122 81
000700 15
002811 10
001445 137
001949 56
002233 5
002087 150
000032 8
002155 30
001751 0
002072 90
000070 150
002838 54
002647 159
001120 45
002813 31
001191 70
001532 41
002851 85
001243 17
000266 23
002421 13
001459 90
001913 13
000505 30
002325 31
000340 56
002604 23
002620 71
002234 87
000799 31
000931 85
002540 45
000745 54
000979 10
002424 28
000062 88
001776 54
001603 13
002927 87
002955 142
000142 0
002786 40
001568 50
000194 61
000647 34
002082 8
000361 116
002747 23
000058 8
000359 59
002672 46
001569 85
002117 13
002340 61
002095 17
000924 87
002042 207
000278 85
002201 61
002944 13
002273 75
000382 15
002193 60
001452 54
001391 164
001025 31
002442 13
001953 70
000067 190
001056 54
001740 5
002077 8
002343 57
000114 38
000246 38
001440 52
001023 86
000981 85
000412 85
002262 134
001063 63
000117 100
002890 132
002690 38
000248 56
000666 147
002651 75
000093 43
000115 68
001377 13
002303 60
000119 26
001982 81
002181 208
000163 0
000264 27
002978 12
001314 0
000247 132
002428 13
000776 85
000553 10
001114 61
002474 5
000581 38
000845 31
001461 45
002476 85
000652 87
001171 85
002942 35
002936 13
001369 61
000898 45
002921 52
000677 31
000015 45
000968 209
001107 70
000241 210
001255 13
002322 27
001937 15
000685 211
000169 141
001640 10
001134 86
002420 212
001879 70
001716 30
000272 13
001474 22
001254 213
001548 70
000215 13
002597 13
000345 13
000839 36
001616 86
002196 45
001836 113
000796 85
000413 23
001713 0
000343 13
000948 60
002222 0
001758 13
000378 45
001492 0
000739 85
002542 54
000053 86
000019 119
001310 85
002270 155
002451 8
000999 45
001390 52
000096 81
001500 8
002310 54
002555 87
000180 15
001599 86
000717 31
000185 1
000468 0
000904 0
002702 78
000072 23
002573 20
001899 45
002554 150
002395 60
002516 13
001208 69
002078 88
002866 69
001064 83
001529 109
002206 29
000659 85
002818 80
001839 13
002443 175
001077 45
000455 194
001384 37
002383 189
000403 34
000990 52
001446 0
001473 29
000678 83
001617 140
001252 13
001984 75
000823 0
000964 10
000836 45
001034 45
000175 23
000940 108
000692 76
000335 0
000874 78
002827 74
002056 63
000198 69
000297 10
002832 59
001531 85
001746 41
000123 14
000379 85
002581 69
002211 6
002173 31
002053 61
000916 14
001872 15
002742 1
000612 6
001772 8
002336 14
000957 46
001633 5
001888 13
002993 15
002661 142
000909 13
000507 29
000357 214
001424 70
002873 1
002401 181
001155 0
001723 56
002682 100
000668 85
000887 87
001285 15
000334 8
000154 75
001421 31
002550 5
001841 85
000722 45
000374 59
000313 0
001850 86
001623 182
000043 33
000972 12
002972 44
000523 0
000418 8
000763 85
000658 85
000705 85
000733 131
002499 13
002751 20
000945 52
002217 0
002801 45
002409 61
001807 61
001019 14
001470 87
000908 132
001694 45
000273 8
001494 75
000520 119
000815 113
000819 74
000735 5
001523 61
001639 33
002910 19
001701 33
001122 44
002177 17
001915 10
001884 85
002593 70
000380 17
002252 15
000344 33
002149 78
002145 36
002567 70
001943 49
001804 59
002823 8
002537 115
001262 46
002013 90
001425 10
001595 127
000233 90
000795 75
001707 15
002904 13
001821 20
002563 31
002406 37
002560 10
000113 12
001000 38
002266 70
001583 215
002548 36
002970 75
000226 68
001043 56
001193 41
001450 44
002446 81
001764 0
001667 45
002589 54
002377 54
000849 88
000622 22
002142 45
000214 75
000771 61
000338 83
000804 54
002261 8
001183 45
001169 74
000037 17
000106 17
000363 87
000851 89
001741 70
002414 23
000857 13
001466 85
000566 8
000250 85
002525 179
001475 22
002503 13
000318 0
001201 56
001108 216
002279 26
000653 15
000071 17
001668 132
002659 59
001175 52
001089 217
002957 78
000411 13
002883 108
002387 15
001026 75
002092 69
000540 34
000602 21
001333 33
002843 6
001435 175
002220 85
002466 13
002762 13
000838 13
002736 13
001628 218
000807 0
000883 86
001485 45
000638 127
000424 204
000728 8
001997 33
000377 45
000525 13
002487 219
002524 85
000151 36
001581 0
001950 59
001775 54
000627 14
002850 13
001846 54
000144 13
000718 204
002575 85
002632 60
000567 200
001881 17
002489 150
001156 31
002223 182
001432 52
002760 10
002172 68
002187 6
000880 85
001076 28
000625 220
002935 16
002976 43
001367 128
002231 51
000618 87
001325 23
001983 0
000691 52
002835 28
002289 115
001690 37
001351 5
002844 56
002507 142
002730 13
001831 114
001687 57
001693 27
000466 70
001188 0
001192 60
000146 13
002255 56
000325 23
002706 10
001763 54
000707 0
000715 10
001835 13
002884 20
001112 13
002128 173
000902 23
000688 70
002215 45
001631 30
002278 70
002500 0
001940 41
001825 60
000101 85
000291 10
002493 56
000879 88
001456 38
000392 0
000087 37
002284 16
002715 13
001276 56
001524 85
000476 0
001695 0
001296 46
002093 85
001138 60
002073 10
001236 10
000833 41
000592 83
002979 56
001621 29
001636 108
000110 8
001161 221
000223 91
001053 86
001312 222
002771 13
002104 68
002981 23
000254 10
001073 38
001620 87
001493 9
002691 87
000546 157
002526 35
000950 0
001572 70
000844 0
000064 35
000414 8
002433 13
000885 15
000452 61
001259 13
000657 0
001880 29
001582 23
001487 0
001486 12
001328 45
002418 87
002738 0
002268 0
000078 56
002070 0
002809 45
000870 23
002469 85
002248 54
000451 38
001020 193
001561 15
001980 17
000697 0
001742 15
000812 69
002973 45
000911 10
001522 10
001050 31
000506 56
000406 8
002366 13
000184 16
001877 8
001718 223
000610 13
002675 0
002034 74
002534 70
002327 85
001969 13
002679 45
000021 123
002219 10
001426 5
001591 37
002225 0
000328 31
002755 2
002519 15
001875 173
002538 78
002975 74
000267 85
001891 23
002664 106
001757 22
002179 49
000866 85
002945 28
002886 150
000490 85
000607 10
002465 31
001739 23
000153 54
000890 31
002939 191
002328 33
000270 142
000097 0
002259 91
002618 23
000965 87
001800 17
000872 37
001573 74
000533 27
001068 23
001100 61
002761 45
002126 16
002312 54
000716 0
002198 15
002949 123
001539 54
002954 224
000470 60
000565 141
001799 60
000462 13
001278 29
001796 87
001870 85
001394 36
001346 25
000696 5
001176 31
001753 85
000929 5
001215 76
002635 0
001373 61
000244 5
002800 61
001680 88
001313 45
000649 10
002644 85
000314 34
000156 85
001304 10
001151 13
001802 23
001047 45
001641 23
001307 13
001928 85
001496 75
000026 85
002245 68
000016 5
001322 141
000884 15
002670 31
001361 37
001845 70
001613 156
000498 85
002841 5
000516 13
002968 27
001479 25
001412 14
001096 76
000543 0
002505 38
000634 113
000432 41
002676 10
000729 100
001289 49
002258 21
000317 174
001921 0
002562 1
001338 8
002878 204
000320 31
001032 225
002026 41
002190 88
001111 25
001889 101
001528 85
000754 22
002629 10
000563 204
002447 74
000669 57
000253 226
002956 20
002517 23
002963 54
000358 35
001279 20
001301 54
001203 1
002557 34
002798 37
000130 0
000145 86
000961 83
002896 69
002764 84
000906 35
001097 88
000236 45
001062 85
