0 12.155611753463745
001292 0
000596 1
000237 2
002825 3
001291 4
001400 5
002517 6
000672 7
000333 8
002888 9
001436 10
002500 11
001396 12
001029 13
002146 14
000231 15
001802 16
002711 17
000143 18
002040 19
002945 20
002403 21
002492 22
001764 23
000982 24
001012 25
002698 26
001081 27
000172 28
000558 29
001227 30
002592 31
000339 32
002855 33
002320 34
001158 35
000650 36
000314 37
002732 38
002383 39
000550 40
001191 41
000632 42
000153 43
002129 44
000111 45
002938 46
002894 47
000730 48
001597 49
001872 50
002399 51
001103 52
001468 53
001410 54
002460 26
000108 55
000481 56
002902 57
001078 58
001564 59
001480 60
002019 26
002043 61
002672 62
001216 63
001369 64
001406 65
002617 26
001140 66
000528 67
002033 68
000266 69
002131 70
002300 71
002431 72
002695 73
002992 74
001853 75
000348 76
001487 77
000832 78
000241 79
002692 80
000356 81
000905 82
000521 83
001137 84
001734 85
001573 86
002110 87
002235 88
001738 89
001620 90
002703 91
002706 92
001051 93
000064 94
002954 95
000737 96
000867 97
002633 98
000577 7
002665 48
001849 1
001177 1
001314 51
000994 36
002137 48
000271 41
000369 41
000099 50
000597 28
002537 99
000016 63
001115 65
001882 28
002122 84
001333 1
000291 31
000789 1
002873 51
001888 90
001212 99
002002 31
001569 51
002115 100
000957 3
001108 101
000557 17
001753 21
002511 102
002494 81
000489 31
001326 5
001615 89
001428 71
001448 41
002531 21
000144 1
000524 26
001026 5
000530 41
001112 6
002737 81
000219 28
000612 90
002823 89
000740 28
000858 83
002374 28
001129 1
000123 36
001807 41
002375 5
001515 103
001203 55
002417 1
000281 48
001294 94
002748 48
002754 65
001873 26
002483 20
000600 28
000817 2
001557 21
002310 1
000782 55
002813 36
000717 45
001798 72
002578 104
001679 97
002486 2
002485 13
000113 28
000158 15
000495 82
002865 91
000682 105
000260 106
001249 26
002871 17
001805 28
001720 21
001988 107
002117 25
002401 108
002866 59
001090 67
002675 13
001355 28
000929 15
001195 109
002387 28
000028 48
002629 92
002721 110
001463 20
002133 26
000825 48
001276 20
000628 20
000069 92
001993 7
001013 3
002606 93
000516 48
001981 72
002204 17
001486 77
000102 89
001390 28
001495 1
002183 92
002101 36
001306 48
000500 102
000080 28
001736 23
000766 91
001654 111
002526 86
002333 73
002324 112
002767 67
002513 32
001509 82
002539 6
000342 92
001443 28
001577 14
002747 82
002845 92
001073 41
001688 107
002830 13
001847 31
000159 78
000055 63
002831 49
000063 41
000313 13
000959 93
000205 13
000132 17
002536 20
001984 28
002326 1
000337 113
000085 23
002465 45
000242 89
000791 1
001394 48
002026 31
001425 92
001467 21
001497 63
000077 26
002851 65
000094 25
001709 86
002708 92
000138 6
000843 1
002872 14
002412 110
002789 20
001821 89
001490 4
001345 63
002739 51
001062 111
001488 114
001860 73
001891 89
002013 1
000759 21
001149 8
001578 67
002712 65
000073 89
000228 30
002440 92
001493 85
002488 67
001007 30
000809 77
002506 14
001940 13
000130 28
000983 1
001102 13
000664 61
002505 14
001057 82
002305 28
001354 28
000222 13
002149 110
000693 97
002162 82
001461 37
000586 44
002937 2
000956 72
002838 1
000745 26
000733 102
000476 92
002870 8
000735 47
000005 7
000962 48
000660 3
002138 20
000070 30
001836 84
000921 110
002145 28
002859 72
001933 61
002094 45
002005 97
002263 91
000049 115
000254 8
000503 67
002849 116
000083 36
000734 23
002595 117
000061 107
000024 6
001634 96
000506 84
000522 1
000827 65
000970 111
002329 47
000924 47
001269 69
002781 23
002875 21
001600 21
001464 28
002551 48
002192 14
002489 30
001731 26
000585 67
001248 21
002166 6
002372 118
000477 1
002274 1
000799 86
000318 28
000469 3
000402 45
002946 61
001175 28
000104 21
000512 26
002575 5
001687 21
000997 28
001774 92
001482 28
001347 28
001592 92
001689 13
000620 13
002393 82
000185 55
000457 48
001831 1
002613 13
002582 92
001160 119
002051 97
000945 63
002939 96
001266 13
000103 92
000468 84
002278 91
001607 55
001322 120
001781 107
000131 96
002063 69
000828 26
001496 61
000587 45
001806 45
001627 51
002784 67
001692 82
000531 4
000264 86
002456 23
000777 59
001867 63
000141 2
000552 36
001730 48
001717 45
002191 21
001746 121
000787 110
002993 2
000763 65
000473 73
001920 1
001284 122
002410 36
001662 92
001004 10
002262 119
001209 68
000653 72
001614 90
001710 28
000785 92
002929 37
002815 105
000995 37
002025 89
000898 78
001647 96
000581 14
001551 111
002281 23
001819 13
002344 5
002953 45
001349 41
001776 1
002630 5
001941 84
000538 28
002436 28
000096 23
002959 68
000464 28
002014 48
001382 50
001156 68
000220 5
001747 45
002585 13
002546 92
000770 1
002907 73
001828 15
001727 63
002168 105
000329 63
002366 26
002037 36
000112 14
002529 13
000967 92
000432 13
002288 68
000149 28
000908 51
000261 77
000376 37
002520 92
000019 111
002969 14
002988 93
002663 67
001998 60
000274 26
002626 65
001128 26
001642 69
002139 5
001432 28
001237 92
002066 21
002125 65
001883 26
000269 48
001939 86
001650 1
001611 4
002962 84
001117 26
002000 55
001079 2
000364 28
002064 28
001711 61
000034 63
001726 63
002173 45
001537 81
001659 3
001305 37
001698 91
001735 26
001417 14
000279 13
001795 123
000935 92
001572 86
000363 13
001961 124
002568 36
001440 125
001424 91
002847 48
002395 92
002099 82
001565 28
000708 78
000386 73
002229 67
002024 28
002175 1
002400 8
002328 23
002075 48
000987 30
001678 45
000659 65
001568 110
000856 49
002118 48
001991 17
002213 63
002893 84
000527 28
001956 126
002077 5
001750 127
001596 21
002837 25
001904 89
000287 28
001835 45
000268 2
001874 89
002793 72
002425 23
001506 65
001788 97
000644 86
000647 94
002319 68
002342 110
002577 63
002165 67
002614 28
002768 36
001996 8
001919 65
000210 15
001264 17
002930 4
001331 48
000622 68
001265 128
002086 4
002116 129
000564 8
001966 21
000200 130
001437 91
000015 28
000209 68
002726 3
000834 131
001098 67
002337 45
000692 14
000684 73
002477 1
001119 78
000582 81
001721 132
002525 127
000120 21
002176 91
002227 81
001606 26
000295 28
002258 107
002985 57
002237 28
001449 17
001190 37
000009 91
000311 89
002370 14
001165 51
000478 133
001729 48
001066 52
002382 73
000505 89
002141 14
000355 21
001256 48
000038 25
001704 65
002790 61
002593 17
001748 127
001749 23
001258 111
002574 13
001146 51
002819 92
000941 49
002915 5
000640 100
001093 82
001070 28
001126 134
000656 135
002690 68
002354 49
000419 3
001231 89
001143 92
001172 136
002474 118
002224 1
002664 137
002089 21
002228 72
002661 91
002481 138
001719 106
000203 65
002679 15
000811 51
002981 16
002480 26
002631 89
000370 14
000195 139
002610 13
000502 105
001584 48
002484 57
000887 105
001768 5
002688 28
002702 110
000298 25
002058 89
002246 61
001107 68
002919 72
002041 140
002874 17
002475 80
000233 1
000930 21
002918 48
001147 55
002275 28
002567 17
002913 3
002579 100
001167 21
001978 1
002047 107
000643 141
002038 28
002911 21
002885 6
000736 21
000685 108
001591 37
001295 49
001715 23
001670 45
002004 63
002955 26
000808 61
001626 39
000991 142
000985 96
002668 143
000361 3
000330 61
001778 55
001476 61
000598 17
001700 28
002608 12
002496 69
001635 96
002549 91
002603 26
001042 28
002968 61
000109 48
002010 81
001544 4
001416 33
001232 84
000128 36
002434 36
002186 2
001552 108
001395 36
000616 85
002418 13
000661 25
000365 34
000965 61
000701 48
002416 3
002509 48
001368 14
000591 61
000504 28
000623 68
001325 89
002844 69
000157 28
002773 107
002749 25
002979 144
001005 55
000840 81
001399 68
001527 82
001420 73
002612 48
002912 96
000007 92
000869 14
002119 28
002109 86
000602 82
001289 4
002042 8
000595 63
001323 92
002571 23
002398 26
000892 25
000835 28
002364 12
000837 145
000739 14
001562 18
002462 26
002082 5
002081 4
001862 91
000774 26
002744 63
001096 100
000630 81
001559 102
001315 8
000216 146
001856 28
001556 14
002053 100
000292 78
002001 107
001530 21
002681 13
001902 72
000227 15
000542 13
000857 36
002090 1
001633 47
002522 28
000217 97
000720 7
000830 21
001977 23
001638 41
002242 89
000174 45
002927 1
001257 147
002135 57
002507 91
001293 129
002933 148
000322 41
000324 63
000270 26
001206 92
002285 86
000754 91
001159 105
000427 26
000004 28
002642 13
002006 25
002501 63
001471 97
000565 120
001517 15
000357 149
001999 16
000955 48
002381 63
001316 45
002421 68
002563 45
001925 48
002350 28
001197 89
000474 97
000247 51
000201 25
002883 48
002752 64
002203 110
000181 25
001668 105
000350 13
000875 126
001273 61
001618 81
000847 25
002007 23
001864 26
002479 76
001742 26
001358 23
002069 23
001757 26
000345 77
001383 14
001740 83
000731 16
002924 4
001763 1
000588 92
001380 69
000862 14
000177 81
000455 150
000373 15
002564 69
001105 1
002598 81
002148 60
002541 13
000961 56
001811 81
002775 5
000601 28
000317 148
002699 1
000783 72
001869 2
001843 28
001268 26
001348 20
000593 148
001262 1
002349 2
001344 86
002956 6
002922 17
002039 28
002743 68
000915 3
000283 94
000186 68
000453 56
001037 63
002622 25
001501 21
002307 14
001745 96
001477 86
002359 37
002504 1
000696 47
001168 86
002766 67
002365 110
000849 7
002323 8
001765 4
001936 36
001771 14
000548 7
001188 89
002114 48
001817 91
000607 21
000973 92
002674 92
001820 28
000814 89
001733 92
001303 89
000796 21
002487 12
001088 68
002247 26
002778 61
000511 51
002367 57
002982 4
001640 61
000288 21
000076 48
001023 26
001661 81
000100 65
000750 28
002396 151
001353 33
000306 26
000316 2
001793 57
000072 55
000309 13
002926 72
002560 92
001032 107
002296 21
001401 5
001313 63
001405 81
002899 152
000678 138
000826 28
000666 49
000335 28
000124 21
002449 6
001240 5
001267 129
001985 45
000366 31
000285 91
001381 17
000488 5
002787 45
001582 82
001871 34
000134 23
002756 83
001460 63
000958 129
002197 89
002841 15
002596 6
001967 31
001684 25
001895 26
002742 34
002550 69
002852 110
000037 47
000954 68
000118 33
002452 93
000392 92
001301 65
001135 68
002277 26
001124 21
000599 13
000492 57
000615 6
002801 13
000918 153
001478 14
000788 154
001716 105
001896 110
002439 61
001545 96
001224 77
001913 48
001854 5
000756 84
000841 13
000273 28
000572 28
002682 138
001230 81
001357 110
002251 25
000167 28
001909 1
001278 55
002691 63
001491 76
002272 6
002111 129
000540 68
001824 16
001162 26
001438 68
002084 107
001816 4
001064 155
001550 153
001690 69
001865 88
000910 33
001714 63
000062 7
000800 61
000780 21
001414 61
000689 96
002314 48
002463 1
002895 14
002521 33
001236 68
002380 8
002905 23
001707 92
001812 26
000579 63
000778 63
000293 15
000460 55
000035 110
002573 156
000543 63
001901 21
000998 86
000257 0
000371 33
000081 47
002420 157
000497 158
000729 17
001022 1
001641 89
000446 81
001696 110
002723 81
002659 72
001777 14
000517 21
001520 92
002994 61
001009 28
002177 63
000433 61
000276 13
001047 92
001724 159
000282 76
001885 3
001541 48
000646 5
001893 33
002161 3
002591 6
002220 85
001178 28
000039 88
000336 61
001125 68
000541 14
000943 69
000383 26
002384 21
000885 28
000240 61
002448 26
001675 51
001489 48
001388 36
001929 73
002725 40
002209 160
001163 153
002896 72
001288 85
001377 1
000243 65
002361 118
000569 68
002190 67
000218 36
000649 92
001937 161
002222 162
001299 86
002806 138
000757 8
000146 45
000289 37
002760 28
000560 20
000059 54
001625 30
001930 97
000221 45
000232 8
000926 23
003000 163
000147 63
001131 28
002357 65
000084 45
002185 65
001671 4
000244 4
000771 13
001077 68
001255 17
002476 14
001238 63
000182 97
000795 1
001182 68
001752 82
000576 31
001456 14
001458 78
001132 30
001946 21
002635 3
002394 26
002558 4
000304 8
001797 81
001261 96
001161 164
002556 65
000786 28
001818 165
000212 111
001282 15
001973 48
001952 55
002335 166
002502 63
001318 89
001455 111
000571 28
000465 84
001758 1
002810 45
002616 13
001421 45
002524 21
000117 17
000461 4
002451 8
000621 167
001528 51
002020 45
001270 21
000978 56
002221 1
001694 37
000712 165
000405 97
000430 1
001631 77
002694 26
000518 14
000769 21
002730 16
000046 156
001792 91
000467 33
001796 21
002347 129
002210 56
001655 48
000810 97
000690 140
001637 48
000758 28
001982 1
001446 3
000753 76
002261 5
000307 36
000482 72
000162 1
001254 168
000923 48
002917 81
000852 33
000449 28
002826 10
000652 16
001186 21
002248 1
002317 1
001989 36
001075 154
002995 31
001201 20
000609 1
002594 3
001309 48
000912 92
001581 82
001243 68
001055 89
002975 14
000040 169
000031 30
002590 61
002297 1
000732 61
002052 110
001931 26
002298 34
002250 48
002153 23
000388 35
002200 8
001067 52
002532 105
000377 63
001673 45
000249 33
002325 45
002833 61
002031 12
000044 63
001702 21
000456 170
002132 162
002719 1
001813 23
002055 13
000415 7
002073 61
001979 14
002223 21
000115 30
001080 72
001801 96
002255 144
002065 36
001848 34
002343 122
002700 23
002134 61
002750 78
000170 56
000749 48
002796 63
001441 8
000523 1
002605 28
001657 23
000713 48
001221 45
000917 67
000804 26
002011 93
000525 48
001965 1
000722 57
001866 68
000977 48
000746 89
001987 92
000471 36
000338 138
000567 147
001855 48
002619 110
001878 2
002280 21
002299 136
001024 89
002127 89
002792 69
000626 7
001605 14
000053 63
002740 45
002353 17
000196 33
000645 48
000066 48
001810 51
002910 105
000424 171
000399 1
000784 81
001887 28
000284 28
002714 60
001360 48
001253 93
002552 127
002618 89
001063 1
001686 21
001769 8
002253 5
002059 48
000904 61
002970 108
001142 172
002218 37
002812 110
001452 173
001772 5
001251 5
002680 34
000553 3
000829 68
000198 15
002023 5
002469 21
002036 112
001144 69
002686 1
002478 92
001166 68
001027 15
002249 21
002644 21
000603 8
000387 37
002799 20
002861 1
001336 45
002653 81
000805 26
000953 82
000493 30
000697 68
002032 68
002771 48
002832 4
000166 17
002646 47
001370 4
001576 69
000485 110
001744 33
002584 20
001423 28
000155 8
002358 25
000592 23
002142 96
001756 72
000379 68
001028 73
002828 1
002339 39
002689 52
000067 174
000119 88
000003 58
001518 81
002239 63
002113 110
002814 5
000412 21
002974 82
002252 8
000838 26
000250 21
002271 14
001505 91
000533 20
001976 48
000272 30
000344 23
000278 21
000466 91
001330 101
000574 21
000280 156
000368 110
000023 4
000760 23
002976 21
000836 28
000086 56
000845 169
001903 8
001975 110
002652 175
001538 48
001016 28
002856 23
001141 23
002231 97
001951 26
000353 4
002405 60
002923 45
000008 36
001522 33
002829 65
001560 31
002120 96
002234 25
002627 75
002717 25
000236 154
001651 28
001145 25
002611 3
000950 28
002304 48
002056 1
000539 63
001069 69
002701 48
002557 52
002497 1
001339 16
001639 23
002906 76
002705 69
002535 3
000764 138
001109 72
001247 48
001723 68
000202 110
000872 69
002404 82
002107 21
001554 97
001222 86
000976 146
000889 48
000952 68
002545 47
001153 72
002898 48
001949 82
000633 61
002645 8
002736 48
002746 176
000886 21
001099 177
002049 52
000142 26
001799 92
000816 65
001091 14
000082 31
000156 21
001041 84
002243 144
002003 37
002450 13
002150 60
002798 92
000184 49
000611 142
000618 25
000881 156
002219 6
001229 25
001986 1
000319 48
002169 68
000161 33
001636 57
000362 14
001076 178
001889 13
000095 1
002776 10
002921 63
001280 8
000334 8
002581 30
000459 1
002163 3
002709 48
002095 2
001321 63
000509 21
002181 55
000448 68
000447 21
000975 36
000779 48
001045 31
002544 129
002931 89
000347 61
000127 28
002091 21
000340 21
002021 85
001089 179
001465 33
001019 36
001470 180
000974 21
001039 111
002230 61
002466 140
000551 48
001052 17
000375 2
001851 92
000484 21
000888 181
000401 72
000263 26
002602 47
001783 89
000992 36
001773 3
000821 6
000472 56
002385 111
000944 10
000451 14
001643 49
002445 182
002632 23
001877 1
002044 26
001312 88
001531 14
001439 28
000394 8
002862 94
002881 48
001767 28
000676 60
000824 3
002977 110
001513 21
002027 28
001508 156
001703 1
000302 23
001151 93
002467 110
001630 14
002950 21
000480 13
001610 8
000561 133
002245 72
001761 14
002848 61
000773 1
002363 96
002157 26
001343 5
002621 23
002289 89
000842 71
001785 1
002685 5
001297 183
001210 28
002016 33
002731 14
002493 20
002415 8
000718 68
000041 86
002877 37
002160 60
000012 33
000663 48
002990 48
001015 92
001959 21
000584 15
002454 12
001960 21
002241 184
002199 25
002427 90
000359 33
002660 185
001870 63
000853 92
000105 23
000235 31
000695 36
000194 36
001561 28
000617 28
001879 89
001049 89
001056 60
001916 110
001157 21
000514 84
001595 162
000634 68
000385 110
001543 110
002604 16
000850 52
002295 60
000714 138
001542 68
002718 65
002311 69
001583 186
000090 52
002035 1
001837 136
000308 187
001311 91
002009 156
001935 63
001171 118
001363 16
000743 94
001590 48
000922 188
000211 36
002916 105
000384 96
000691 63
000709 86
000403 52
000702 23
002377 3
000999 28
002085 34
000544 162
001208 72
000404 72
002667 81
001083 8
002225 68
001945 47
000442 5
001524 14
002991 13
002196 76
002308 89
001934 84
001533 5
000559 85
000861 25
001134 28
001502 5
002824 28
001947 21
000087 21
000546 181
002785 28
000463 16
002512 34
000815 84
000854 57
002050 33
002158 96
001665 99
001006 6
000234 68
000395 63
001603 36
000189 28
002070 61
000614 13
000437 173
000164 91
001844 45
001219 110
001200 92
000820 63
001547 48
000515 65
000776 31
001469 110
002045 31
001963 61
000487 14
002625 125
000793 72
002508 63
000583 88
000578 25
001412 63
000748 69
001850 57
002206 153
001787 65
000566 28
002301 97
001838 21
002763 63
000580 21
002903 1
001290 36
001593 5
000803 16
000259 97
000458 36
000725 31
000116 26
002151 4
001104 51
002772 63
001842 48
001298 67
002345 189
000547 165
001755 91
002226 28
000418 28
000047 13
000310 33
000878 14
000721 24
002332 35
001525 31
002447 86
001728 190
000947 191
001808 84
002908 57
002901 91
000150 28
001213 89
000408 21
001340 63
002423 81
002607 16
000806 111
001454 26
000846 48
000625 56
002868 45
001880 55
002600 57
000193 63
000331 77
000122 192
002864 14
001384 68
000312 105
001082 1
002184 13
001043 14
000741 76
000883 92
002390 193
002647 154
001404 2
001858 65
001942 87
002498 100
000018 45
000354 23
000258 36
001263 21
000863 194
002468 15
002734 33
001529 153
000060 64
001612 26
001994 5
002623 97
001095 26
000519 3
000422 148
001570 21
000860 26
000013 45
001829 61
000372 3
000389 4
002470 30
000420 47
001494 28
001712 5
001800 61
002965 1
001567 154
002123 45
002046 93
000938 82
000494 111
002762 28
002839 13
000638 35
000428 195
002290 82
001308 68
002820 87
000305 26
002428 48
000909 48
000409 81
000716 4
000981 51
001442 136
000920 63
001307 10
000088 89
002533 14
001649 17
000513 91
000110 5
000680 4
002017 16
001725 138
002379 73
001894 28
001827 28
000398 31
001274 196
002967 105
002753 31
002172 77
000662 51
001185 37
002194 28
000797 140
002140 68
002878 68
001695 51
000738 86
002729 34
002836 48
001782 197
001462 25
002963 26
001453 28
002461 198
001926 63
000679 20
002949 21
001558 3
000822 68
001857 23
000042 123
002650 63
000213 26
000772 71
000323 36
002336 49
002376 51
000931 21
000979 89
000303 15
001992 72
001260 199
000092 15
001044 5
001365 13
001207 200
001622 97
000022 56
002889 60
000949 26
001106 16
002205 66
002426 5
000423 47
002126 49
000175 86
001287 69
000208 48
000499 21
002188 66
000071 8
002850 63
000635 41
002561 31
002887 36
002782 69
000021 110
001685 26
000925 63
001038 36
000613 1
001310 14
001356 133
000045 8
002759 16
002897 3
002707 63
002106 26
001971 21
000129 49
002530 77
001427 21
001621 89
000239 72
002327 82
002609 81
001604 94
001917 48
001743 5
001097 7
000665 63
000454 4
002777 56
002330 61
000687 45
001020 123
001003 97
001846 65
001516 4
000520 111
002392 13
000178 137
001918 48
001250 21
000204 76
002900 89
001337 88
001366 57
002980 23
001130 93
001713 93
000290 72
000048 14
000160 71
001521 45
002733 23
002651 4
002783 68
000933 178
001196 63
001018 13
001924 5
000068 45
001387 35
001133 89
002693 48
001059 52
002080 45
001598 26
001415 47
002360 5
002867 81
002464 5
000406 35
001304 21
000286 17
000707 48
000946 88
002909 26
001697 28
002096 16
001184 31
002321 21
002794 35
001154 5
002419 77
002313 14
002356 123
000667 3
000252 51
002195 26
001546 48
002510 95
000700 28
001285 89
001693 7
000604 167
000986 81
002755 156
000906 94
001669 48
002947 88
000526 12
001194 65
002232 14
002678 16
000545 13
001914 16
002957 26
002817 201
001834 54
002279 5
001908 4
002751 69
001653 26
002757 45
000706 63
001225 28
000673 93
000762 57
000378 63
002860 81
001852 92
001683 25
001372 92
000744 63
001068 92
002802 28
001861 52
002270 202
000654 0
002268 35
001826 63
002373 92
000868 33
002316 76
000848 92
002015 69
002028 203
001092 17
002971 69
002964 64
001444 21
002174 82
000139 45
001619 65
000326 94
000341 59
000554 8
001040 14
001183 72
002437 48
002797 75
000238 92
002519 204
002528 5
001279 89
001084 28
000648 26
001897 87
000253 35
001732 78
002935 49
000328 68
001434 63
001972 22
001539 88
001000 21
001418 148
002518 5
001164 1
000728 3
002932 205
001574 1
002941 61
002999 81
001928 23
000183 33
002067 31
001035 25
000790 12
000358 94
000942 93
000173 182
002720 206
000594 110
000470 68
002805 86
002362 21
002840 14
002435 68
001648 8
002722 136
000165 33
001485 57
002677 89
000251 21
001085 13
002657 26
000400 72
000802 91
001969 36
002572 81
002553 65
000029 166
000642 37
000927 21
002998 63
001061 14
000452 36
001957 28
002334 61
001932 48
001825 23
002414 68
000380 47
000536 1
001762 162
001575 92
001841 85
000352 8
000294 31
002391 70
001169 33
001116 164
002346 2
002072 82
002543 65
002458 8
000091 67
000960 26
000001 68
001646 47
000683 97
000382 8
002637 21
002523 21
001492 92
002178 13
001252 48
000627 36
000916 28
000705 92
002315 8
000619 77
001645 110
001510 26
001422 26
000320 45
000224 65
000214 26
000573 48
000078 36
002892 1
001413 26
000440 26
002217 1
000343 48
001033 28
002944 48
002676 8
001859 110
000491 28
002472 91
002628 155
000932 111
001921 89
000686 72
002727 89
000255 92
002639 31
002207 3
001875 60
002943 89
001223 21
000296 74
000710 138
002060 81
000641 26
001868 17
001334 58
002216 26
001737 8
001839 48
002008 51
002264 58
002312 1
002649 49
001352 21
001511 92
001602 207
000190 14
002424 40
001373 4
001296 76
000556 91
002713 97
001111 18
001189 182
001892 100
001121 25
000698 72
001218 89
001886 73
000988 45
000327 28
002960 28
001180 33
001708 14
001555 72
002155 110
000668 5
000874 110
000057 26
001054 68
001503 23
002858 140
000017 76
001435 122
002254 4
002124 30
000135 67
000002 180
000438 33
002827 178
002459 208
002809 28
002687 138
001346 7
000568 47
001192 12
002846 21
001087 48
000426 63
001114 53
002804 1
002745 18
001181 63
001466 5
001699 61
001536 3
001008 105
002987 89
001155 31
002978 28
002879 45
002433 48
000871 81
001498 3
001138 92
000866 21
000768 138
001954 48
001205 28
000180 28
002835 26
001122 48
001779 82
001962 25
002770 31
000864 136
002769 78
001617 151
000346 36
002368 68
001275 20
001320 33
000051 2
000969 13
000121 21
001317 209
002914 89
001968 35
001393 48
001217 122
000844 48
002284 49
001286 49
001995 210
000479 63
002658 160
001571 21
000075 26
001211 48
000575 33
001457 23
001804 135
001036 60
001790 28
001876 1
000964 28
000655 13
001021 1
002293 109
001234 33
001204 68
000902 82
000441 51
000984 26
001881 61
000206 97
002105 81
001409 48
000501 82
002062 34
000532 14
000742 92
002788 30
002673 14
001335 162
000590 21
002286 28
001905 28
001451 89
001174 48
000606 26
002882 81
000176 61
001214 48
001784 136
001481 26
002340 26
000413 99
001391 51
001342 96
002078 7
002890 105
002201 110
002936 63
002446 48
002764 86
000349 8
002514 88
002322 129
000884 13
002843 91
002891 13
000265 4
002786 26
001624 28
002587 110
001179 1
002098 4
002071 4
001563 59
000882 61
001431 16
001283 61
002276 34
002034 81
002934 21
002156 23
001389 211
001681 37
002984 47
001549 81
002079 47
000011 57
001629 77
000439 97
001367 129
000972 105
000711 28
001483 6
002371 8
000670 97
001193 31
000126 31
002306 28
002670 45
001927 73
001338 44
002012 183
001060 8
000199 61
000629 60
000410 97
002741 63
001741 48
002443 122
001199 116
002761 60
001202 1
001300 107
002765 85
000014 75
002951 92
002620 82
000657 65
000537 10
000968 212
002589 61
001666 93
001663 33
002402 36
002212 150
001136 45
001594 48
001459 82
000483 48
001245 82
002583 82
002179 65
002780 162
000694 213
002601 47
002074 162
002121 8
002547 214
001540 28
001579 28
002061 48
001472 77
002724 13
002455 28
002257 72
002352 215
001601 48
001534 21
001907 34
002389 122
000812 15
001371 28
000154 4
001329 4
000043 85
001241 33
001419 5
000879 7
001950 33
002559 21
001484 15
000360 45
000056 63
000880 20
001319 5
000027 47
000681 61
001239 41
001514 34
000136 30
001535 81
002259 45
001378 48
002989 81
002104 48
001001 28
001863 28
002265 31
001065 47
000397 4
002920 16
000054 76
002294 110
000179 94
000508 3
000301 21
001553 68
001664 73
002634 36
001002 69
000079 3
000996 216
000727 110
000229 61
000819 48
001398 217
000989 48
000030 7
001658 16
000562 31
000226 77
000006 25
001228 5
000445 97
000033 47
000966 31
001682 34
000894 16
000669 122
002211 66
001359 111
001407 68
002554 21
001397 68
000152 48
002669 36
000223 183
002490 97
000703 33
001667 156
002666 218
001445 77
000855 55
001833 13
001587 14
001526 78
000114 13
002097 69
002338 25
001101 21
000207 36
002534 81
001148 110
001822 26
001411 31
000890 93
002972 25
000900 67
000833 31
001246 28
002983 85
001242 8
001983 5
000870 48
001660 28
000674 156
002457 93
001375 92
001677 136
002599 7
000140 105
000490 92
000914 25
001616 4
001672 23
002214 68
001899 60
002562 63
000813 45
000215 48
001944 63
002180 31
000315 8
002187 66
000417 97
001030 219
002087 30
002102 52
000137 18
000747 5
001475 93
001123 1
000794 15
000036 187
000026 21
000658 220
001403 56
000450 5
001402 57
001259 56
002351 36
000752 125
001271 25
002958 156
001450 25
002422 82
001053 93
002438 20
000245 69
002152 81
000277 4
002442 48
002159 0
000589 7
002208 28
000971 77
001948 28
002570 25
002624 8
002388 129
002378 34
001760 213
002182 21
001324 87
000168 48
002273 28
000928 21
000025 153
000807 36
000444 56
001780 28
000151 70
002791 1
002143 28
000755 65
002266 68
002430 5
001048 166
000781 26
000901 14
000865 14
001953 28
002341 28
001198 21
000101 3
001050 2
001628 221
002444 26
002538 110
001272 209
001759 77
002684 5
001379 68
000767 81
000751 48
000963 111
002716 222
002291 1
000169 120
000074 4
002973 65
001884 63
002167 92
001139 21
002569 28
000993 4
002054 28
001500 28
002303 90
001906 97
001094 5
001385 63
002432 118
001739 89
002648 82
001504 16
002565 21
001632 36
002103 25
002516 154
000267 21
001034 31
001830 176
002586 172
001845 1
002108 82
002641 223
002215 28
000145 93
000332 21
001974 97
000248 144
000374 28
000381 63
002548 28
000321 61
002240 194
000637 16
001588 1
001332 2
002842 94
002638 61
002615 65
002283 17
001215 100
000431 92
001011 36
000192 59
002655 110
001176 45
000436 153
002735 224
001691 84
001943 1
001281 85
001900 28
001187 45
001017 84
002233 4
000688 5
001566 105
000639 48
000570 138
000934 30
001408 12
001170 14
001361 2
000534 86
002996 181
001823 122
002715 48
000197 77
002482 50
001803 110
000496 55
002640 57
000937 14
000980 69
002429 8
002076 60
001302 68
001814 81
001656 3
000396 25
002369 52
001706 3
000148 47
000798 4
001751 110
000624 5
002287 110
002029 21
001010 69
001519 48
000911 94
001623 72
000896 28
001474 30
002822 28
001362 22
000107 26
000351 16
001548 47
000651 92
000390 14
001473 55
001118 28
000555 28
000300 26
000171 45
001277 84
002355 156
000416 17
002966 21
000765 107
000429 80
000187 225
001840 72
001915 68
002318 226
001890 23
000631 47
000951 96
000163 89
000414 156
001074 21
002144 61
002147 222
002018 63
001031 15
000877 4
000818 8
000823 48
002256 97
000873 172
000246 25
000230 44
000907 28
002057 31
000897 13
002236 137
002884 13
001754 28
002925 4
002154 3
000792 227
002238 111
001911 89
001328 6
002309 205
002193 26
001652 72
000699 204
002491 1
000891 92
002643 26
001718 64
002580 68
000895 69
001152 48
001447 48
000058 5
001980 8
001923 84
001058 92
002331 36
002411 28
002292 8
000093 21
001235 69
002386 129
001014 45
001701 1
000948 65
001794 48
001110 97
000191 48
002088 34
001532 65
001997 23
002683 5
001955 68
000724 55
002112 48
002282 66
000677 8
000106 8
002948 13
001964 45
000903 26
002302 28
001433 1
002471 68
000775 1
001233 44
000859 28
001429 48
002030 40
002128 75
000990 57
000498 65
002942 94
001608 89
002136 5
001990 15
000065 7
002654 225
001815 82
000275 96
000726 88
001680 7
002597 48
001150 153
002202 112
002662 21
001364 14
000411 16
000831 48
000913 36
002566 228
002093 118
000391 21
002269 72
002189 57
001374 26
002406 68
000723 14
000262 34
000899 135
002244 25
002164 1
000719 48
002441 4
002068 3
002407 51
002876 93
000936 15
002803 193
000421 21
002198 17
000010 21
001938 31
001120 31
002928 89
000535 3
000549 90
001585 8
000299 15
002171 47
001386 65
002758 21
002863 195
002818 205
001676 129
001392 16
000089 36
001644 229
000098 171
002100 89
002397 135
000510 45
002260 81
000704 7
001970 89
002795 86
001046 140
001507 45
000940 81
001430 72
001809 129
001912 26
002940 8
000608 86
002886 30
002527 30
002540 156
001071 21
002413 2
000297 72
000050 93
001512 48
000225 14
001775 1
001244 21
001922 57
000851 222
001786 36
002696 23
001226 28
000563 6
002671 28
002853 26
000605 1
000443 5
002473 17
001599 99
001025 91
002588 82
002816 34
002811 72
002738 21
000188 138
000407 36
001173 31
002800 4
002961 37
000462 36
000671 63
002704 41
002834 63
001958 28
000715 92
001351 26
000425 209
002092 3
002710 26
000636 72
000529 85
002267 57
001766 85
002869 187
002997 61
002952 148
002904 48
001499 91
000610 48
000486 203
001479 1
001086 68
002130 14
001705 77
000325 89
000020 89
002503 28
000839 15
002022 92
002807 26
001674 21
001341 33
002083 31
002857 89
001791 225
001613 112
001523 63
000801 140
001580 230
000097 202
002495 69
000475 45
001789 86
000367 47
001898 13
001722 4
001910 48
002555 48
000761 30
000919 21
001426 118
002808 3
000393 36
001770 51
000507 55
000435 1
002697 91
002048 89
001832 31
001586 213
002986 69
000133 91
001589 77
002499 48
000032 35
002170 110
001376 92
001327 8
001113 13
001350 56
000256 194
000893 89
002408 112
000052 89
000876 68
000939 48
002821 26
001127 26
001220 48
002728 4
002854 21
000125 5
002453 68
002779 86
002880 72
001072 48
002774 92
002636 25
002656 176
000434 26
000675 25
002409 162
001100 26
002515 48
002348 81
001609 5
002542 3
002576 118
