0 12.051267385482788
001284 0
000251 1
002154 2
002787 3
000633 4
000071 5
000022 6
000415 7
000587 8
000604 9
002172 10
002800 11
002664 12
001733 13
002050 14
001728 15
001637 16
002287 17
001493 18
002617 19
002702 20
002406 21
001229 22
001008 23
000165 24
002088 25
002930 26
000904 27
000655 28
002361 29
000203 30
002160 31
002398 32
002925 33
001918 34
000911 35
002231 36
000550 37
002370 38
000696 39
001042 40
002439 41
000895 42
001958 43
002506 44
002625 45
001983 46
000031 47
000881 48
000545 49
001327 50
001850 51
002319 52
001573 53
002431 54
000313 55
002699 56
001440 57
000446 58
000892 59
000923 60
000533 61
000088 62
002891 63
001923 64
000058 65
002612 66
002135 67
000896 68
001106 69
000764 70
001978 71
001375 72
002041 73
002219 74
001784 75
000155 76
002166 77
000806 78
002020 79
002392 80
002964 81
000247 82
000348 83
002754 84
001195 85
000530 86
002043 87
001112 88
002956 89
001686 90
002932 91
001777 92
001036 93
002193 94
000686 95
000803 96
000070 97
001254 98
002656 99
001734 100
002627 29
002606 17
002203 17
001702 77
001391 14
001507 80
000934 29
002942 35
001395 6
001037 35
002638 87
000267 77
001550 91
001623 96
001172 75
000372 6
002679 78
000440 29
000333 5
002031 42
002239 67
001219 17
001362 6
000378 67
002870 14
001418 26
000903 80
001722 67
002826 97
002586 53
002110 67
002107 90
000559 68
001076 101
000967 90
001869 5
001700 42
001043 38
001523 17
002234 35
002532 23
000825 6
002715 60
002127 78
000176 87
002615 18
000411 60
001071 77
000210 19
000399 19
000237 5
002500 80
000227 5
000618 17
001861 60
000004 68
002779 53
001731 71
001494 67
001631 19
002998 66
002731 38
001238 67
001587 77
001999 96
002823 67
001815 60
002993 23
000026 6
002653 71
002747 7
002015 71
001997 12
001288 18
000161 14
000838 14
000935 29
001056 31
002526 53
002313 90
001941 18
001401 60
001090 102
001893 68
000959 17
002705 5
000270 42
002673 103
001577 90
000023 75
001651 53
001837 75
002839 55
000211 66
001509 19
001142 53
002557 83
000473 80
001012 60
001274 104
000329 67
000323 66
002278 42
002764 83
001953 58
000073 42
001412 66
000470 17
002343 5
001293 67
001835 66
000839 75
001917 60
001854 17
000274 23
000007 6
002602 53
002039 67
002531 77
002858 73
001208 67
002033 77
000001 78
001033 23
000318 96
000829 7
002423 60
002282 23
002260 18
001264 63
001536 68
002805 53
002293 85
002655 20
001066 60
001342 67
001657 41
000444 75
002539 80
002126 78
002856 18
001931 17
001618 58
002692 105
002776 75
002851 82
002760 68
001701 77
000405 58
002817 106
001413 107
000564 87
001799 90
000752 10
001991 17
001723 67
001533 63
002959 77
001223 17
000121 77
001818 108
002984 5
000410 23
001424 42
001905 66
000209 78
002367 67
001895 83
000127 40
001171 29
002036 80
000472 2
001502 65
001755 109
001053 14
001218 96
002003 67
002311 41
001234 75
000786 67
000125 65
000217 10
002366 71
000167 40
000482 68
000229 17
002468 110
000347 87
000899 68
002595 111
000335 67
001598 60
001610 65
000661 60
000351 60
000319 23
001460 67
000627 66
001353 68
000087 77
001825 60
000390 12
000558 75
001495 71
000393 67
000460 23
002970 7
001323 77
002774 41
000731 96
000629 31
000500 17
002894 5
002196 18
002222 112
000124 77
001120 67
000824 17
001875 71
000389 33
002383 90
001870 14
002986 82
002910 46
001740 113
000900 23
000598 42
000631 73
002212 114
002918 63
002396 63
001350 71
002448 83
001476 87
001911 60
001912 63
001714 17
000563 80
000593 75
001860 63
000371 68
001612 60
002099 42
002660 2
001877 67
000066 60
002997 68
000637 60
001948 75
000912 68
002553 77
000006 22
000720 67
002859 60
000404 0
000112 77
001454 17
002144 58
001894 40
002597 115
001245 67
001168 83
000042 17
001797 116
002306 68
000302 71
001108 107
000423 5
002832 63
002820 39
001575 60
002163 17
001441 84
000212 23
002574 55
000158 19
000157 63
001990 117
000605 67
001123 118
002603 70
000933 101
000104 77
000871 101
001094 65
000455 119
000241 120
002599 121
001184 44
000891 53
000141 5
000653 68
000698 65
002480 71
001664 63
002021 68
002739 82
002257 122
000769 77
002326 89
001481 115
002834 34
000719 53
002441 14
000340 90
000878 44
002102 83
002117 22
000195 55
001553 77
001696 23
000809 23
001232 123
001751 20
001708 55
001836 18
001736 80
002388 87
002018 23
001041 64
000035 20
002735 124
001524 75
000271 42
002089 77
002195 17
001445 125
000193 67
001647 17
001265 126
001345 101
002534 58
000331 58
002513 0
001883 42
002862 99
001048 127
001434 75
002385 23
000326 42
002630 65
002065 19
002403 77
002713 67
000438 14
001282 117
000541 38
000132 17
001052 60
002804 29
001903 40
001211 63
001928 123
002341 53
000884 60
002730 60
000060 78
000363 61
002825 65
002605 42
002880 0
002681 55
002752 14
002434 60
001200 101
002585 23
000552 60
000980 5
000670 42
000978 6
000184 23
002704 42
000294 17
001962 17
000537 63
001661 101
002507 42
001361 53
002892 20
002476 19
002689 83
002662 77
001060 61
001417 44
000304 68
001169 40
002499 60
001833 55
001272 117
001562 14
002288 78
001126 2
000392 29
000842 77
002720 65
001157 77
000039 87
000943 82
000362 0
000357 3
000092 5
001110 22
002626 0
002286 96
000074 14
000230 65
001746 23
001512 60
000459 83
001496 68
001009 87
002355 17
000083 39
001280 65
001829 46
000273 63
002177 23
001089 128
000693 67
002651 23
000913 23
000447 90
002616 55
002238 80
001049 40
002489 97
001564 129
000603 84
002017 60
001463 83
000730 60
001491 31
001742 40
002247 55
002229 130
002967 131
002822 42
000853 77
000449 19
000213 19
000893 96
002280 77
001488 132
000585 5
001547 71
000725 67
001846 60
002726 42
000857 60
002957 55
002846 77
001545 17
001517 75
000441 29
002297 115
002636 22
001133 96
001839 60
002634 19
000408 77
002740 23
000889 87
001244 90
001383 55
002295 41
002245 122
000973 90
001753 77
002444 42
000286 31
001366 3
000662 82
001116 133
002931 99
001819 55
000750 68
002360 65
001204 101
002806 70
000350 63
002687 70
000915 2
001851 6
002194 19
001489 60
001289 134
001369 14
002818 19
001785 83
001886 80
002503 55
001866 23
002073 68
001304 68
001832 135
000320 18
000516 60
001786 66
000511 70
000801 7
001889 65
002429 107
002106 78
002113 136
001128 23
002038 75
001688 107
001765 23
000356 75
001083 23
000051 53
002052 67
002426 17
000063 65
001707 17
000939 60
001916 20
002318 137
002901 53
002915 65
001585 40
000616 18
002773 80
001156 23
000413 17
001359 122
001938 53
000962 60
002483 67
001845 107
000591 87
002729 41
001660 17
000084 66
000742 14
001798 68
001407 101
001635 24
002150 31
001580 46
000401 67
001205 40
002243 53
000614 55
002246 87
001235 71
001166 78
001201 5
001949 60
000246 22
000223 138
000612 82
002394 55
000375 53
002010 31
001137 18
001260 139
001315 24
001546 66
001261 78
001405 140
001387 65
002206 91
002830 55
001433 71
002941 87
001028 63
001404 5
000968 141
002946 87
001131 23
002365 20
000782 20
000823 17
000606 17
000491 78
000290 67
000465 18
001436 60
000567 142
002598 80
000694 143
001741 115
002837 22
002669 23
001329 39
002527 107
002963 19
001697 67
001670 8
002498 144
001676 138
002129 65
000909 66
000851 115
001946 77
001548 5
001027 19
001044 60
002165 87
002641 136
000555 40
001924 65
000638 62
001348 18
000815 18
002422 39
001062 80
002035 89
002719 60
000916 68
001121 75
001511 5
002440 96
002055 55
002076 23
002809 5
001853 29
000082 67
002104 23
001644 145
000650 23
001792 42
000494 80
001543 40
001943 146
000107 101
002835 19
002494 58
001456 44
002686 71
001560 40
001730 60
002517 60
002953 90
002122 18
001370 33
001015 90
002905 12
002216 42
000169 129
001602 147
000059 53
000464 42
000257 94
001687 5
000342 96
001070 77
001045 6
001653 80
002461 148
000291 46
001955 87
001098 87
001672 94
001010 71
000992 70
001093 42
000589 32
000029 59
002909 115
002333 80
000601 40
002074 62
001478 55
002095 23
001622 17
002501 65
000582 58
000394 67
000710 70
001114 87
000766 122
002582 90
000632 5
002386 55
000689 17
001001 68
002100 83
001100 5
000379 83
002690 22
000998 53
000113 17
001236 65
001158 65
002425 80
002022 68
000301 68
001504 60
002197 40
002181 20
001438 77
001749 60
002871 63
002763 34
000868 24
001032 149
002145 75
001421 66
001611 39
002470 97
000457 77
002124 150
001640 83
002814 65
002680 80
001029 55
000574 77
000877 23
000672 141
000216 62
000129 17
001867 34
000028 60
000529 75
000196 68
002668 151
000793 77
000981 29
002899 152
000974 77
001711 46
001516 80
002316 63
000569 153
001831 154
001505 82
001972 155
000109 60
001182 78
000738 83
002945 78
001183 55
002133 20
000222 19
001312 156
001399 157
000854 17
000205 17
000461 33
000821 38
000489 77
002469 77
000180 40
001993 141
002968 58
002515 60
002742 87
000483 22
000902 42
002633 59
000150 17
001178 40
001569 82
001501 77
000487 77
000641 23
000299 19
000751 66
001994 67
002202 39
000374 135
002000 10
002005 17
001666 17
000508 18
000765 107
000426 67
002694 60
002666 158
002570 22
001756 54
000687 8
002536 87
002572 58
002778 83
000886 77
000032 65
001228 19
001349 17
001393 60
002950 82
002518 65
001301 67
000265 67
000240 87
001403 122
001175 5
000185 66
001193 55
001744 68
002332 65
001544 14
002928 96
000578 22
002192 44
000425 44
000846 60
002544 58
001047 77
000288 55
001318 67
002312 71
000199 87
001278 20
001084 142
002590 83
002952 159
001103 60
000701 60
001684 60
000534 71
000479 87
002843 82
001202 71
000941 85
001758 29
002879 23
001170 59
001827 42
001704 30
001636 17
000917 76
002948 55
001605 77
001820 160
000592 70
002716 67
000098 161
000358 35
001992 68
001124 77
002768 39
002807 62
001748 73
002130 75
000062 2
002188 23
002136 17
001712 65
002325 8
001039 80
002377 71
002667 140
002594 17
001709 162
001757 163
001038 55
001490 23
002707 67
002419 58
002762 60
001338 65
002372 164
000233 94
000681 18
001213 96
002236 12
000312 131
001655 22
002492 60
002881 60
002794 62
002589 68
000512 80
002917 58
000518 68
002723 31
000647 6
000380 5
000690 78
000198 19
001021 17
002810 24
002404 67
000726 78
002545 5
000264 58
001600 75
000664 87
002861 32
002886 29
002368 78
002614 42
000950 60
001344 38
001189 165
000514 64
001500 63
001313 60
002577 67
000017 66
002211 23
001624 101
001913 34
000918 91
002845 58
001639 41
000714 70
002019 60
001822 17
001675 55
001782 10
002876 17
001406 30
001678 8
002187 23
002427 96
000908 82
000929 19
001073 65
000572 42
002002 67
000407 40
000171 66
002363 67
002537 166
002012 138
002639 6
002473 63
000442 65
000982 30
001599 17
001503 12
001781 60
002320 41
000282 46
001656 14
000101 19
002712 30
001973 60
002765 68
000409 82
002153 60
000403 83
000994 70
001880 20
000044 60
002954 138
000140 82
001649 60
000249 68
002604 96
002391 67
002371 24
002994 67
002240 94
001603 8
000771 55
000562 6
001410 67
001724 20
001876 82
000519 65
000012 68
002863 17
001058 77
001457 85
000041 38
000284 96
001188 96
000709 53
001371 40
001118 78
000760 55
001530 77
000206 160
002230 58
002263 42
002688 90
000027 5
001589 155
000816 19
000086 6
002463 71
001508 61
002299 77
001294 35
000080 19
000876 78
000148 5
002259 80
001929 63
001477 90
000528 102
002635 17
001458 115
001773 67
000566 135
001214 60
001088 78
000311 67
002227 58
000382 40
002961 16
002875 77
002405 70
001302 102
000597 67
001086 52
000493 46
000579 101
001162 19
001778 83
002495 82
002543 77
002183 68
002152 71
002558 14
002663 17
001607 20
002097 24
002471 18
002508 67
001425 14
001803 22
002191 82
001209 78
002848 87
002487 83
002186 80
000921 70
001298 23
001968 65
001532 17
001694 42
001207 68
000434 17
002446 22
002484 115
002291 71
001671 71
000983 58
002576 29
001061 19
001729 60
001904 42
001225 40
002645 84
000207 66
002262 117
001770 67
000749 60
002091 68
000949 39
000928 83
001568 42
001594 60
002618 96
001800 58
000021 82
000869 38
002714 93
000122 103
000635 65
000200 167
002643 147
000704 70
001681 18
001673 80
000745 60
001574 146
000037 5
000305 75
001050 23
000522 80
000019 54
000665 70
001380 67
001590 60
001332 53
000047 42
001164 122
001146 70
002013 94
002672 2
002642 55
000486 168
002342 155
002315 50
002900 99
002436 67
000523 55
002709 60
001095 51
002200 135
002923 90
002032 60
002897 65
001199 71
002132 155
002504 71
001198 83
001947 77
002782 71
002382 75
002784 55
001848 41
000505 50
002030 37
002237 75
001224 23
002644 77
000543 67
002732 169
002867 82
000538 60
002086 23
002579 19
001556 55
000753 40
000244 67
002250 60
002540 17
002161 17
002120 17
001960 77
002884 101
001669 83
000289 46
000894 22
002916 46
002045 42
000003 80
002083 77
000568 58
001068 77
000400 91
000181 87
000147 17
000630 155
000761 19
000402 8
000414 42
001105 71
000860 55
000607 82
000173 165
000668 65
002054 75
000228 47
002119 77
000476 68
001513 77
000488 65
002028 84
000643 89
000576 75
002793 67
001970 96
002940 80
001005 99
000204 41
000412 77
000259 170
002803 19
001626 171
000792 70
000531 14
002607 96
002514 87
002430 62
001801 17
002524 77
000966 67
002340 17
000834 172
002960 58
001586 152
000551 22
002279 17
001578 17
001337 19
002693 88
002460 115
000804 19
001727 75
001987 23
002115 173
000388 65
001932 34
001396 101
001390 78
002696 12
002827 68
002384 55
002140 14
002433 115
002677 96
002285 40
002408 39
001352 68
001368 77
000703 74
001297 138
000780 31
000676 93
000422 26
002255 40
002467 17
002632 94
002014 60
000611 5
000038 141
000475 80
002684 63
002151 75
001465 68
001921 68
001885 60
000634 18
000145 87
002718 30
002850 80
002401 115
001844 66
000383 71
001074 77
002989 58
002992 116
001140 83
001809 68
002414 71
002592 42
001151 17
000770 146
000298 22
002588 70
001259 6
001442 75
001134 80
000005 2
002972 22
001840 94
001180 68
001143 77
000102 96
002047 107
001092 8
000610 60
001461 18
001310 77
001155 55
000732 23
001374 60
000735 5
002011 40
000468 51
001381 17
001016 68
001628 174
001080 68
001735 20
001111 32
002077 65
002199 135
002802 63
000671 23
002511 17
001222 53
001606 20
001959 77
001780 53
000757 24
000702 58
000285 42
000116 60
002549 42
002796 67
002700 75
002380 5
001497 16
000266 82
001910 22
000194 5
002317 67
002442 60
000783 96
001127 19
002300 161
000734 58
002977 101
000712 108
000947 175
002044 71
000812 19
000628 67
002828 89
002379 80
000123 55
002458 23
002252 65
002218 55
002628 146
001411 5
001645 12
001621 115
001957 43
000106 84
000182 18
002009 17
000875 99
001256 67
002738 90
001283 87
001378 66
000867 22
001549 140
002849 176
002336 122
000907 67
001415 67
000680 23
002491 146
001154 87
000960 115
002710 71
002745 94
002609 58
002182 77
002852 67
000964 68
002265 135
000272 42
000100 30
000170 71
001692 42
002331 55
001054 23
001328 22
000669 22
000510 66
002349 29
000248 175
000746 67
000700 40
000428 177
001814 60
000154 23
002114 34
002004 78
000011 65
002991 80
000826 40
001364 44
000808 58
000977 34
001775 71
000341 71
002920 60
000830 77
002142 42
002094 8
002411 75
000963 99
001258 54
000844 82
002424 37
000421 77
000499 29
000417 40
000621 9
002174 42
001808 64
000361 18
001014 8
002008 67
001522 68
002410 23
002345 178
000469 55
001539 19
000138 77
002551 60
001466 65
002271 38
000841 61
001699 58
001075 55
001541 60
000692 44
002346 87
001291 23
001492 51
000225 75
002659 54
002376 55
002975 38
001459 94
000996 179
002759 96
001891 96
001658 96
002053 101
000081 23
001176 8
000034 25
001356 135
001064 146
001241 146
002264 80
001616 14
001000 14
001864 71
001971 19
000805 60
000135 10
000325 42
002621 60
000880 77
000914 60
001113 55
002583 94
001408 101
002792 71
001453 60
002847 55
002190 39
001648 24
002416 6
001346 32
000864 31
000024 22
000149 17
001646 67
001892 173
002969 44
001416 68
002170 70
000931 82
002146 38
000280 42
002833 58
000077 70
001358 23
002646 5
002555 20
002640 75
002108 19
002103 141
001732 68
002321 119
000547 108
002063 82
000501 135
002587 82
002096 96
000506 180
002750 111
002281 12
002270 181
002435 78
001737 160
000958 87
002400 24
000166 31
001450 22
000202 20
001796 68
000239 68
001051 17
000986 82
000553 68
002217 122
002454 61
002159 180
001979 23
000990 67
002907 80
001196 63
001281 77
001400 65
000624 65
000049 182
001788 36
002464 65
002983 68
002829 19
002703 82
002573 42
000115 120
001768 122
001379 78
000791 60
002874 63
001935 101
000897 67
001097 2
002328 89
001194 19
000221 8
000515 96
000151 67
001432 67
000716 38
001484 75
002815 131
001129 17
001967 17
001779 90
001096 119
000954 75
000863 149
001747 65
002860 108
002387 40
001898 62
000189 17
001738 62
000924 24
001776 54
002903 71
002213 20
002727 96
001055 96
002701 68
002831 183
001956 184
000269 60
000309 55
002164 122
001942 67
002751 5
001243 102
001925 34
002116 185
001091 77
000822 26
002913 116
000108 10
002350 24
002955 42
001414 87
001257 186
002292 63
001365 187
002761 31
000458 66
001276 40
000759 77
000707 60
002743 67
001295 85
000093 38
000817 23
002872 38
000856 23
000870 29
001026 131
000143 14
002066 119
001483 46
001474 97
000163 96
002344 65
000862 23
002407 67
000617 40
001674 55
001428 161
002134 87
001451 96
001945 5
001810 41
000571 42
000711 67
002248 60
000932 54
000328 23
002926 188
000580 77
001402 67
001579 40
000858 77
001534 77
000926 12
002728 23
001002 36
000952 78
002554 75
000245 54
000322 42
000788 189
000855 20
001807 55
002824 24
001132 97
001452 77
002081 14
002415 24
002842 35
001125 75
000882 87
002882 65
001212 17
001632 66
001817 82
001031 19
002472 109
000885 40
001319 17
002873 67
000520 54
000057 19
001152 96
000845 70
002505 77
001914 60
000772 77
000256 94
001354 67
000236 55
002571 89
001841 77
002665 34
000344 12
000339 190
000697 78
000991 5
001429 34
002329 136
002148 93
000316 41
001976 38
001145 22
001326 65
000208 60
001443 17
002902 22
001067 60
000594 67
001652 55
000657 80
001382 191
001035 17
001554 17
002973 90
002373 58
002001 6
002118 60
000906 35
000797 65
001944 60
000179 161
001007 97
000536 6
001444 77
000609 146
001791 71
000002 24
000336 87
002352 87
002046 172
001641 96
001772 65
001423 63
001197 155
000649 14
000560 90
002497 101
001003 68
001920 6
000188 31
002836 60
000232 17
001311 60
002438 70
001613 80
000775 18
001273 87
000800 58
002215 67
002337 23
001625 65
000756 18
001717 66
002176 115
001250 77
000615 80
002189 26
002671 40
002251 60
001902 94
000387 16
000187 23
001834 53
002854 77
001339 60
001514 41
002877 46
000262 41
001680 2
000905 60
002254 60
000253 192
002253 65
001659 65
000679 81
000075 115
000599 60
001726 55
000317 62
000938 7
001469 76
001455 55
001148 22
001980 23
001307 75
002048 52
002080 66
002037 22
002978 17
002173 8
000636 54
001117 163
001268 17
001286 76
001473 20
002658 154
002034 101
001210 65
002528 65
000744 60
002623 10
000287 17
000956 54
000153 60
002995 40
002168 193
000762 16
000478 53
000985 17
002056 71
001812 115
000263 40
001082 17
000430 23
000250 82
002958 17
002801 55
000020 40
002510 138
002786 17
000659 30
002965 82
002040 23
000807 40
001510 60
002301 23
000922 74
000819 17
002652 42
000343 22
000354 17
000521 2
002866 68
000016 37
003000 23
000843 71
000565 129
002175 71
002982 71
000052 96
002381 101
002068 115
002819 55
002697 82
001595 36
001906 70
000395 36
002087 29
000832 71
000448 68
001324 39
000972 131
002201 75
002521 68
001856 43
000043 70
002777 194
001388 66
002736 34
001384 66
001377 60
002520 41
000431 77
000076 60
001252 34
000639 23
002420 195
001922 42
000156 77
001873 163
001177 67
000353 67
002581 47
002698 67
001372 72
001868 67
002542 71
000695 60
002981 96
000814 62
001498 68
002277 77
001794 47
000120 77
002650 67
001939 53
000159 71
000747 58
000190 77
002339 171
002298 41
000957 2
000852 14
002338 60
002734 55
002565 77
002121 68
001226 101
002314 34
002566 53
001843 17
002158 172
001915 68
000065 67
000850 83
002180 77
002893 64
001802 96
002207 6
000741 41
002753 36
000524 40
000955 34
002675 60
002224 67
001617 71
001215 44
002450 55
002139 65
001419 65
001385 77
002242 96
000887 35
001331 196
000840 58
001239 19
001821 62
002885 65
000588 58
000064 35
000297 68
002235 87
002939 24
001099 197
002721 131
001122 34
001308 66
000678 70
001022 115
001321 67
002798 6
002691 75
000451 44
000811 55
002268 102
002156 13
000443 65
001555 68
000164 63
001563 19
002308 14
001771 198
002591 96
001422 60
002208 77
001761 77
002412 20
001220 34
002409 83
001072 22
002445 165
000133 40
001572 53
002799 83
001609 34
001355 67
000144 16
001163 91
002223 37
002840 96
000303 58
002601 5
002812 20
000381 87
002481 70
000802 40
000315 35
002811 68
000360 146
001537 58
000255 6
002079 5
000847 17
000721 86
001279 62
000920 77
002564 82
000613 71
001018 55
002209 199
001638 87
001691 18
001754 60
000688 53
000008 37
000584 5
001878 170
000117 31
002304 83
001334 80
002795 99
000979 63
001571 82
000961 146
001263 97
000872 71
000079 60
001764 55
002575 77
001389 200
001141 94
000324 66
001683 22
001464 68
000549 96
000925 67
000174 65
000548 32
000736 77
001583 201
002951 60
000437 77
002767 63
002541 67
001690 36
002138 83
002889 31
001248 90
000238 78
002756 2
000748 58
000096 41
002522 65
000046 17
000728 2
002725 37
002007 80
002919 68
000898 115
000953 63
000818 80
000191 22
001752 42
001019 60
001705 24
001940 55
002273 58
001437 109
000763 30
000503 60
002455 63
000586 65
002757 66
002682 31
000424 161
002058 40
002934 77
002171 38
002649 78
002353 63
001267 51
002908 75
002006 87
002769 32
001475 68
001871 80
000540 78
001285 78
000946 19
000575 68
000119 156
000787 32
001227 6
002789 60
000110 65
002477 80
000784 75
001952 202
002578 23
002717 60
001119 96
002258 107
000215 66
000779 170
001551 70
000310 78
001161 133
002533 77
000219 68
000429 18
002622 60
000713 60
002141 44
002284 85
000009 115
002906 41
001662 2
001221 66
002179 84
000596 71
002857 96
001472 131
002296 119
002226 17
000517 82
001588 71
002016 87
002449 65
001663 68
001874 78
001217 18
001806 90
001333 68
000675 141
000820 192
000432 55
002746 203
001069 71
001774 17
000314 83
002303 91
002737 124
000061 6
001963 87
000683 46
001908 75
002766 80
001153 54
000890 8
000945 67
002057 42
001336 8
001862 42
000645 66
001887 40
000527 40
000507 60
001231 62
002927 55
000717 66
002024 68
001842 34
001017 64
001969 66
000055 75
000050 17
000767 31
002475 6
002157 60
000810 17
002071 23
000377 55
000737 17
002580 68
000595 55
000349 87
000094 22
001249 71
002788 47
002883 60
002567 53
002375 111
002509 34
001682 41
002962 64
000136 6
002465 8
000936 19
001715 60
002988 17
000778 20
001135 78
001679 58
001665 17
000708 96
000561 204
000654 180
001271 17
002808 60
000418 63
001879 96
000987 97
002538 82
000131 78
000848 60
001150 91
000025 91
001805 60
001890 89
001528 77
002204 31
002276 41
001023 66
000873 53
001567 19
000226 10
002023 65
001470 24
001462 66
001057 7
002432 29
002670 8
002228 94
000948 19
001909 154
002059 60
000355 22
000068 8
001698 53
000722 67
000146 87
000416 67
001531 77
002949 55
000172 67
000727 82
001896 174
000056 60
000139 146
002244 60
000450 65
001998 65
000989 108
000970 55
000137 32
001897 39
000175 60
001966 77
000386 80
001725 97
002741 37
000445 67
001102 17
002781 173
001828 138
002922 31
001884 77
001290 55
001582 71
000090 22
002451 65
001306 22
002101 60
002049 60
002178 78
001030 77
001330 83
000040 181
001013 78
000944 82
000666 119
002327 42
000453 2
000781 83
002987 136
001149 23
000178 12
002185 60
000337 135
001919 40
002167 6
002979 205
001557 77
002890 131
001601 34
001642 5
000352 80
000625 206
002241 207
002519 68
002478 60
001552 122
002184 101
002561 53
002090 60
000724 20
000699 40
000359 68
002868 2
001322 129
001614 96
002980 115
002563 66
001526 23
000619 67
000466 42
001435 31
002733 60
001420 101
002496 34
001703 122
002128 179
001988 77
000492 67
002869 188
001766 18
002474 29
002459 101
001789 163
002938 53
001482 67
002657 23
001136 66
001936 60
002378 41
001581 101
000480 60
002266 53
000103 29
001479 32
000743 46
002775 131
000054 83
000988 66
002619 82
000069 68
000718 161
001101 77
000334 65
002417 23
001392 60
001240 65
000785 60
001174 60
001159 131
001316 8
001138 90
000128 19
001584 77
001975 65
001262 146
002695 80
001107 161
000951 67
002123 66
001130 17
002898 60
001559 38
000462 66
000640 19
000758 17
002637 161
000930 82
000231 19
001320 77
000556 42
000544 62
002547 146
002488 17
002399 82
002486 53
000099 191
001431 96
001251 65
001888 60
001900 19
001006 60
001471 67
002061 60
002310 71
000295 31
002402 60
002674 64
002790 87
002354 23
000160 161
001237 77
000651 13
000910 68
002816 41
002620 63
001558 75
000321 44
000015 40
000976 62
002456 5
001447 34
000463 96
002944 60
001693 141
001720 77
000644 32
000620 40
000652 96
000254 78
001882 24
000874 20
000467 24
000754 173
002611 65
000942 17
000883 55
000292 53
000234 55
002943 96
001305 122
001767 17
001519 67
002272 161
002841 5
002098 23
002418 87
002026 131
001486 21
001242 87
000535 18
000526 77
001426 29
001081 19
002685 65
000590 77
000674 17
002678 22
002155 22
001347 17
001376 55
000836 16
000252 192
000667 2
002210 6
001872 68
000391 38
001468 87
002548 75
001363 96
000795 87
001985 8
001934 51
002105 60
000682 131
001206 60
001078 80
002895 67
002395 29
000152 17
001525 58
002771 60
000828 83
001255 32
000525 22
001266 63
002070 68
000406 65
000258 23
002838 82
002437 32
000186 35
002092 65
000474 60
000813 24
002389 208
001167 77
000365 41
002936 66
001859 12
001351 19
002364 77
000330 87
000513 42
000663 60
000346 66
001604 35
000833 62
000684 66
002629 55
001677 77
002947 87
000773 146
000067 33
001951 115
002706 68
001716 19
002421 152
000235 67
000646 62
002466 209
002348 80
001667 55
001823 5
002078 2
001139 90
000542 115
001314 67
002896 65
000201 141
001964 66
001296 32
002362 90
000307 60
001309 60
000130 24
000396 35
002864 75
001930 67
000327 40
000192 19
000723 38
001855 66
000308 210
001065 5
001398 211
000496 20
000385 23
000583 146
000398 212
002933 159
001630 23
000162 87
001335 83
002724 55
001104 77
000937 90
001040 77
001367 58
001275 77
002749 22
001927 78
001950 68
002069 32
000570 31
001160 133
001561 40
001592 19
001881 87
002530 23
002082 65
000048 77
000030 60
001596 77
001926 17
000502 63
001847 67
002502 67
002755 146
001186 65
001269 77
002559 77
001857 41
001863 60
001795 20
002648 87
002550 71
000433 68
002302 6
000997 65
002855 68
002791 146
000367 5
001077 23
001079 5
000261 21
002347 68
000557 60
002067 20
000573 60
002912 17
002274 60
000600 67
002661 155
002042 35
000420 5
002137 34
001303 62
001247 83
001233 62
001449 80
002267 67
002356 183
002205 23
001813 163
002220 55
001467 77
000276 66
000706 20
002335 101
000454 101
000114 55
000072 96
002029 136
002131 67
002935 23
002064 75
001826 60
002584 81
002290 82
000919 77
000452 66
002624 101
002453 78
001515 135
002393 42
001566 23
000740 17
002413 41
001654 70
000105 77
001858 10
002821 115
002887 77
002722 77
000242 80
002479 83
001989 55
001570 77
001620 34
000097 181
002516 189
001191 65
000085 55
001719 7
000010 77
000879 2
001340 66
000774 42
001386 29
000277 42
001409 75
001593 65
001373 14
000089 66
000091 63
000281 77
001907 97
001485 67
001824 60
001325 96
001427 60
000993 23
000366 131
002072 19
000677 135
002027 75
000999 38
001190 46
002359 122
001760 20
002289 155
001343 65
000095 115
001287 71
002147 115
000168 53
000497 213
001750 73
002324 39
000715 68
001540 42
000332 77
000220 65
002482 191
002937 41
002772 16
002535 2
001538 71
000532 82
001865 87
002797 150
002309 8
001981 77
000306 60
001650 71
000197 67
001165 141
001619 90
001147 14
000495 65
000111 52
001109 67
001270 77
002562 97
000370 2
000794 179
000927 77
002322 58
001816 160
000397 60
001179 60
001216 101
000798 14
001299 53
001063 89
000419 157
000376 60
002512 41
000471 23
001542 96
002608 42
002351 5
002631 96
002990 60
001762 23
000799 24
002060 58
001487 80
000539 55
002676 80
002330 43
000984 75
000481 23
001480 93
000224 77
000673 102
001394 75
002985 67
000995 77
000581 77
001046 25
000078 93
002596 12
002996 170
001759 60
000827 77
000126 6
001253 17
001961 68
002770 67
001597 5
000577 2
001576 5
000622 101
000768 70
001230 42
001341 68
000660 3
002853 60
002888 31
001518 58
002758 22
002974 60
002785 40
000260 214
000283 46
002683 17
001615 62
001185 90
001974 215
002523 77
000456 58
002369 60
000435 71
000300 70
001763 71
002485 40
002865 82
001933 87
000439 172
002374 40
002025 99
002452 17
002613 55
001627 39
000293 19
001838 77
000279 60
000656 68
001059 83
000733 17
000554 24
002143 101
002914 50
001901 77
002294 14
001192 101
001527 7
001996 63
001357 32
001695 82
000776 212
000427 55
001787 77
001187 2
002198 63
002275 63
000866 77
001710 23
001793 75
001246 87
000901 44
002748 66
001529 91
000602 7
001292 94
000218 68
002269 77
000214 68
000036 210
002443 0
000368 17
000013 65
000477 60
001721 216
002283 65
002744 67
001085 55
002904 60
001633 5
000014 217
002112 22
002783 18
001024 62
000965 87
000608 38
002062 41
000436 6
000018 80
002813 8
001783 42
001804 218
002397 218
002256 71
001115 84
002390 19
001954 34
000345 80
002844 60
002600 17
002647 189
001718 219
000033 5
000373 165
000658 220
002221 83
001087 53
002457 60
002929 71
002249 119
001317 108
000861 14
001608 96
000045 65
001535 71
002878 157
002971 29
000490 77
000504 42
002261 65
000134 89
002109 53
000691 67
002075 22
002149 82
000975 60
002999 53
000777 219
000789 122
002569 42
000364 17
002358 22
000796 77
001937 40
001629 23
001277 18
002593 115
000940 60
001506 80
002490 67
000648 163
001004 60
002525 73
002111 24
001173 55
000484 77
001811 84
000053 17
000243 122
002084 6
001986 71
001203 20
000739 77
002169 18
001300 55
001020 183
002093 97
000837 77
002125 77
001745 17
000369 66
000268 5
000729 210
002493 90
002552 73
001520 77
001034 51
001713 68
002334 87
000296 116
001849 71
000626 2
000278 77
000498 77
000485 82
001521 8
000183 14
000971 55
001852 20
002225 78
000685 221
001769 65
002976 38
002085 14
001181 67
002051 17
000755 19
000509 23
002546 41
002357 30
001982 146
001439 23
001446 14
000142 87
000865 44
002232 55
002323 78
001011 66
000849 67
002560 68
002780 155
001995 222
000888 170
000118 71
002162 60
000546 170
001790 67
002214 78
001977 161
002233 38
001984 23
001397 223
000275 67
000705 77
001025 2
001591 42
001565 122
001743 65
000384 78
001430 68
002610 55
002911 83
001830 73
000177 63
001360 60
002428 32
002568 60
000831 34
002556 77
001643 85
002462 101
001634 17
000623 78
002921 67
000859 224
000642 67
002307 70
000835 24
002711 60
001499 96
000338 70
002447 96
001448 42
002654 71
001965 96
001685 63
002529 84
001144 71
002966 77
001706 14
002924 109
001739 96
002708 6
000790 225
002305 77
000969 67
001668 131
001689 101
001899 83
