0 12.928584337234497
001284 0
000251 1
002154 2
002787 3
000633 4
000071 5
000022 6
000415 7
000587 4
000604 8
002172 9
002800 10
002664 11
001733 12
002050 13
001728 14
001637 15
002287 13
001493 16
002617 17
002702 18
002406 19
001229 20
001008 21
000165 22
002088 20
002930 23
000904 24
000655 25
002361 26
000203 27
002160 28
002398 29
002925 30
001918 31
000911 4
002231 32
000550 33
002370 13
000696 34
001042 35
002439 36
000895 37
001958 38
002506 39
002625 40
001983 41
000031 42
000881 43
000545 44
001327 45
001850 46
002319 47
001573 48
002431 13
000313 49
002699 50
001440 51
000446 52
000892 53
000923 4
000533 54
000088 11
002891 55
001923 56
000058 13
002612 57
002135 58
000896 59
001106 60
000764 61
001978 62
001375 55
002041 63
002219 64
001784 65
000155 66
002166 67
000806 68
002020 69
002392 70
002964 71
000247 72
000348 73
002754 74
001195 75
000530 76
002043 77
001112 78
002956 79
001686 13
002932 80
001777 81
001036 82
002193 83
000686 84
000803 85
000070 86
001254 16
002656 87
001734 88
002627 12
002606 37
002203 69
001702 13
001391 63
001507 82
000934 65
002942 66
001395 48
001037 7
002638 89
000267 89
001550 37
001623 7
001172 0
000372 89
002679 66
000440 27
000333 89
002031 40
002239 27
001219 16
001362 41
000378 40
002870 37
001418 14
000903 4
001722 32
002826 32
002586 27
002110 16
002107 69
000559 75
001076 90
000967 6
001869 65
001700 14
001043 15
001523 82
002234 64
002532 30
000825 34
002715 66
002127 83
000176 6
002615 6
000411 31
001071 27
000210 91
000399 75
000237 92
002500 65
000227 93
000618 4
001861 55
000004 81
002779 27
001731 2
001494 27
001631 23
002998 82
002731 94
001238 82
001587 27
001999 11
002823 11
001815 62
002993 66
000026 53
002653 95
002747 6
002015 4
001997 0
001288 81
000161 27
000838 4
000935 85
001056 82
002526 96
002313 50
001941 6
001401 82
001090 72
001893 97
000959 86
002705 2
000270 16
002673 37
001577 13
000023 6
001651 49
001837 27
002839 96
000211 27
001509 0
001142 16
002557 69
000473 28
001012 69
001274 69
000329 0
000323 69
002278 56
002764 2
001953 33
000073 27
001412 96
000470 69
002343 26
001293 82
001835 49
000839 30
001917 69
001854 46
000274 25
000007 98
002602 82
002039 27
002531 75
002858 63
001208 82
002033 77
000001 7
001033 27
000318 58
000829 37
002423 13
002282 2
002260 99
001264 37
001536 69
002805 14
002293 40
002655 49
001066 69
001342 37
001657 83
000444 49
002539 56
002126 27
002856 82
001931 71
001618 52
002692 37
002776 66
002851 67
002760 62
001701 15
000405 100
002817 32
001413 101
000564 81
001799 77
000752 6
001991 6
001723 6
001533 100
002959 79
001223 0
000121 27
001818 0
002984 79
000410 27
001424 102
001905 41
000209 30
002367 6
001895 30
000127 78
001171 0
002036 78
000472 86
001502 84
001755 13
001053 52
001218 0
002003 2
002311 77
001234 23
000786 84
000125 33
000217 103
002366 78
000167 104
000482 6
000229 66
002468 32
000347 32
000899 49
002595 13
000335 53
001598 6
001610 7
000661 62
000351 7
000319 0
001460 40
000627 34
001353 14
000087 52
001825 27
000390 7
000558 72
001495 13
000393 96
000460 27
002970 84
001323 87
002774 104
000731 105
000629 34
000500 106
002894 13
002196 107
002222 49
000124 69
001120 66
000824 34
001875 0
000389 13
002383 13
001870 81
002986 69
002910 82
001740 107
000900 11
000598 52
000631 62
002212 6
002918 30
002396 32
001350 82
002448 56
001476 69
001911 107
001912 75
001714 83
000563 51
000593 100
001860 14
000371 13
001612 28
002099 69
002660 86
001877 25
000066 20
002997 27
000637 49
001948 39
000912 88
002553 14
000006 68
000720 4
002859 14
000404 87
000112 66
001454 82
002144 78
001894 108
002597 37
001245 10
001168 27
000042 62
001797 77
002306 53
000302 69
001108 25
000423 70
002832 109
002820 110
001575 53
002163 90
001441 82
000212 68
002574 27
000158 51
000157 102
001990 51
000605 4
001123 50
002603 71
000933 70
000104 77
000871 37
001094 30
000455 84
000241 14
002599 66
001184 32
000891 3
000141 49
000653 84
000698 4
002480 28
001664 77
002021 49
002739 41
002257 50
000769 46
002326 79
001481 82
002834 11
000719 34
002441 104
000340 69
000878 34
002102 13
002117 68
000195 0
001553 106
001696 25
000809 67
001232 82
001751 50
001708 83
001836 37
001736 26
002388 6
002018 69
001041 13
000035 7
002735 66
001524 82
000271 13
002089 75
002195 41
001445 111
000193 58
001647 83
001265 25
001345 0
002534 27
000331 0
002513 6
001883 86
002862 82
001048 20
001434 14
002385 68
000326 87
002630 78
002065 77
002403 6
002713 112
000438 53
001282 111
000541 40
000132 13
001052 65
002804 56
001903 83
001211 16
001928 68
002341 43
000884 113
002730 11
000060 0
000363 51
002825 25
002605 37
002880 37
002681 11
002752 114
002434 64
001200 86
002585 64
000552 41
000980 26
000670 34
000978 37
000184 39
002704 56
000294 12
001962 6
000537 40
001661 7
002507 67
001361 57
002892 82
002476 66
002689 13
002662 3
001060 52
001417 27
000304 68
001169 0
002499 96
001833 41
001272 100
001562 37
002288 11
001126 82
000392 56
000842 30
002720 6
001157 54
000039 23
000943 36
000362 56
000357 4
000092 49
001110 27
002626 14
002286 114
000074 41
000230 58
001746 26
001512 84
000459 40
001496 104
001009 75
002355 41
000083 3
001280 115
001829 79
000273 93
002177 54
001089 107
000693 69
002651 66
000913 75
000447 66
002616 116
002238 11
001049 65
002489 66
001564 13
000603 3
002017 71
001463 26
000730 100
001491 89
001742 82
002247 64
002229 7
002967 79
002822 32
000853 69
000449 11
000213 0
000893 52
002280 27
001488 16
000585 34
001547 26
000725 25
001846 83
002726 27
000857 37
002957 114
002846 68
001545 50
001517 94
000441 15
002297 11
002636 96
001133 7
001839 57
002634 0
000408 11
002740 66
000889 70
001244 13
001383 14
002295 100
002245 117
000973 27
001753 13
002444 82
000286 104
001366 78
000662 56
001116 16
002931 79
001819 77
000750 68
002360 11
001204 0
002806 23
000350 6
002687 50
000915 49
001851 13
002194 2
001489 66
001289 82
001369 40
002818 32
001785 82
001886 23
002503 36
001866 14
002073 5
001304 0
001832 82
000320 56
000516 49
001786 75
000511 30
000801 68
001889 89
002429 109
002106 11
002113 56
001128 79
002038 114
001688 83
001765 15
000356 104
001083 84
000051 104
002052 7
002426 109
000063 78
001707 14
000939 65
001916 53
002318 82
002901 79
002915 30
001585 25
000616 14
002773 36
001156 27
000413 100
001359 16
001938 4
000962 94
002483 41
001845 33
000591 65
002729 13
001660 7
000084 7
000742 86
001798 77
001407 82
001635 7
002150 30
001580 53
000401 69
001205 68
002243 32
000614 4
002246 68
001235 0
001166 0
001201 0
001949 118
000246 16
000223 69
000612 34
002394 20
000375 25
002010 71
001137 16
001260 16
001315 37
001546 28
001261 82
001405 27
001387 56
002206 53
002830 32
001433 49
002941 82
001028 56
001404 75
000968 6
002946 74
001131 82
002365 32
000782 4
000823 24
000606 4
000491 5
000290 119
000465 41
001436 82
000567 120
002598 66
000694 40
001741 27
002837 23
002669 37
001329 35
002527 13
002963 79
001697 83
001670 65
002498 81
001676 87
002129 69
000909 100
000851 99
001946 6
001548 27
001027 121
001044 33
002165 11
002641 114
000555 78
001924 41
000638 58
001348 37
000815 10
002422 109
001062 96
002035 56
002719 17
000916 4
001121 27
001511 16
002440 35
002055 56
002076 83
002809 96
001853 7
000082 74
002104 56
001644 3
000650 25
001792 68
000494 56
001543 12
001943 102
000107 0
002835 27
002494 47
001456 27
002686 37
001560 49
001730 83
002517 49
002953 41
002122 6
001370 14
001015 78
002905 66
002216 30
000169 98
001602 82
000059 33
000464 50
000257 68
001687 83
000342 104
001070 0
001045 52
001653 67
002461 77
000291 122
001955 54
001098 13
001672 78
001010 24
000992 39
001093 75
000589 14
000029 7
002909 30
002333 11
000601 4
002074 13
001478 84
002095 56
001622 83
002501 27
000582 4
000394 102
000710 13
001114 37
000766 37
002582 66
000632 53
002386 41
000689 62
001001 39
002100 28
001100 13
000379 52
002690 36
000998 108
000113 68
001236 116
001158 81
002425 109
002022 4
000301 12
001504 12
002197 83
002181 14
001438 27
001749 21
002871 82
002763 28
000868 37
001032 2
002145 71
001421 56
001611 53
002470 123
000457 6
002124 69
001640 13
002814 32
002680 7
001029 37
000574 11
000877 4
000672 4
000216 58
000129 7
001867 83
000028 100
000529 76
000196 78
002668 100
000793 24
000981 6
002899 48
000974 6
001711 84
001516 75
002316 49
000569 14
001831 14
001505 89
001972 7
000109 11
001182 46
000738 4
002945 79
001183 41
002133 81
000222 78
001312 49
001399 122
000854 34
000205 25
000461 124
000821 4
000489 6
002469 66
000180 40
001993 69
002968 3
002515 66
002742 6
000483 125
000902 56
002633 104
000150 56
001178 0
001569 104
001501 37
000487 53
000641 4
000299 23
000751 52
001994 13
002202 53
000374 46
002000 71
002005 77
001666 12
000508 25
000765 65
000426 86
002694 66
002666 71
002570 126
001756 7
000687 34
002536 70
002572 13
002778 84
000886 25
000032 6
001228 0
001349 6
001393 69
002950 79
002518 116
001301 10
000265 53
000240 12
001403 33
001175 0
000185 56
001193 2
001744 104
002332 14
001544 0
002928 77
000578 34
002192 32
000425 36
000846 14
002544 37
001047 25
000288 92
001318 82
002312 50
000199 58
001278 68
001084 27
002590 37
002952 79
001103 68
000701 77
001684 13
000534 114
000479 3
002843 32
001202 0
000941 69
001758 53
002879 37
001170 41
001827 53
001704 14
001636 14
000917 78
002948 79
001605 84
001820 49
000592 62
002716 30
000098 0
000358 65
001992 0
001124 37
002768 58
002807 6
001748 37
002130 28
000062 7
002188 27
002136 82
001712 14
002325 11
001039 56
002377 107
002667 96
002594 53
001709 16
001757 14
001038 50
001490 15
002707 84
002419 11
002762 41
001338 37
002372 82
000233 92
000681 78
001213 41
002236 41
000312 67
001655 83
002492 82
002881 58
002794 28
002589 84
000512 25
002917 27
000518 84
002723 27
000647 62
000380 56
000690 68
000198 0
001021 28
002810 108
002404 65
000726 75
002545 37
000264 17
001600 53
000664 34
002861 82
002886 17
002368 102
002614 37
000950 57
001344 54
001189 16
000514 28
001500 37
001313 82
002577 46
000017 53
002211 12
001624 53
001913 77
000918 4
002845 32
001639 83
000714 25
002019 71
001822 78
001675 83
001782 6
002876 66
001406 101
001678 83
002187 77
002427 32
000908 11
000929 37
001073 36
000572 94
002002 57
000407 78
000171 122
002363 30
002537 45
002012 46
002639 66
002473 30
000442 86
000982 3
001599 7
001503 37
001781 15
002320 63
000282 56
001656 7
000101 12
002712 63
001973 38
002765 127
000409 86
002153 120
000403 81
000994 31
001880 82
000044 11
002954 79
000140 15
001649 83
000249 116
002604 108
002391 23
002371 49
002994 99
002240 14
001603 14
000771 123
000562 6
001410 37
001724 83
001876 14
000519 57
000012 33
002863 112
001058 57
001457 102
000041 122
000284 53
001188 37
000709 65
001371 101
001118 50
000760 34
001530 30
000206 68
002230 64
002263 32
002688 11
000027 56
001589 0
000816 37
000086 94
002463 11
001508 6
002299 53
001294 89
000080 67
000876 17
000148 11
002259 101
001929 56
001477 104
000528 11
002635 51
001458 28
001773 14
000566 14
001214 82
001088 82
000311 20
002227 77
000382 56
002961 66
002875 69
002405 13
001302 12
000597 34
001086 30
000493 40
000579 7
001162 120
001778 82
002495 27
002543 122
002183 83
002152 26
002558 37
002663 96
001607 83
002097 41
002471 100
002508 75
001425 77
001803 50
002191 68
001209 0
002848 96
002487 96
002186 11
000921 7
001298 82
001968 35
001532 104
001694 68
001207 69
000434 40
002446 126
002484 71
002291 40
001671 38
000983 11
002576 13
001061 41
001729 14
001904 56
001225 38
002645 69
000207 49
002262 9
001770 37
000749 34
002091 71
000949 96
000928 108
001568 56
001594 41
002618 0
001800 38
000021 7
000869 34
002714 62
000122 56
000635 34
000200 30
002643 93
000704 34
001681 83
001673 7
000745 34
001574 12
000037 77
000305 58
001050 13
000522 104
000019 114
000665 39
001380 37
001590 128
001332 16
000047 27
001164 104
001146 102
002013 53
002672 3
002642 124
000486 86
002342 11
002315 50
002900 79
002436 28
000523 56
002709 13
001095 20
002200 53
002923 66
002032 104
002897 79
001199 49
002132 0
002504 11
001198 106
001947 77
002782 69
002382 20
002784 28
001848 68
000505 25
002030 50
002237 11
001224 26
002644 96
000543 14
002732 32
002867 66
000538 27
002086 68
002579 12
001556 75
000753 26
000244 75
002250 6
002540 53
002161 27
002120 14
001960 82
002884 23
001669 83
000289 35
000894 41
002916 30
002045 104
000003 6
002083 129
000568 104
001068 33
000400 0
000181 52
000147 6
000630 34
000761 46
000402 72
000414 13
001105 3
000860 4
000607 56
000173 7
000668 34
002054 71
000228 78
002119 108
000476 86
001513 41
000488 33
002028 14
000643 4
000576 4
002793 6
001970 83
002940 79
001005 78
000204 23
000412 62
000259 77
002803 41
001626 7
000792 37
000531 3
002607 75
002514 12
002430 109
001801 82
002524 102
000966 27
002340 49
000834 46
002960 82
001586 53
000551 40
002279 30
001578 6
001337 53
002693 16
002460 7
000804 123
001727 79
001987 51
002115 71
000388 7
001932 27
001396 66
001390 46
002696 37
002827 56
002384 67
002140 39
002433 11
002677 26
002285 130
002408 27
001352 37
001368 82
000703 56
001297 82
000780 37
000676 78
000422 25
002255 39
002467 102
002632 41
002014 33
000611 4
000038 49
000475 65
002684 56
002151 30
001465 38
001921 11
001885 10
000634 4
000145 56
002718 37
002850 68
002401 109
001844 51
000383 41
001074 63
002989 26
002992 30
001140 3
001809 79
002414 89
002592 37
001151 16
000770 37
000298 25
002588 75
001259 131
001442 84
001134 62
000005 100
002972 79
001840 124
001180 16
001143 0
000102 68
002047 45
001092 100
000610 4
001461 30
001310 37
001155 56
000732 122
001374 36
000735 17
002011 67
000468 15
001381 37
001016 3
001628 53
001080 63
001735 67
001111 56
002077 69
002199 104
002802 6
000671 34
002511 25
001222 16
001606 68
001959 12
001780 14
000757 27
000702 41
000285 62
000116 6
002549 67
002796 68
002700 56
002380 77
001497 41
000266 41
001910 4
000194 58
002317 100
002442 66
000783 94
001127 78
002300 84
000734 34
002977 104
000712 34
000947 12
002044 77
000812 37
000628 53
002828 32
002379 30
000123 62
002458 11
002252 32
002218 11
002628 66
001411 68
001645 83
001621 40
001957 41
000106 11
000182 30
002009 14
000875 132
001256 78
002738 28
001283 0
001378 14
000867 4
001549 23
002849 27
002336 133
000907 122
001415 37
000680 4
002491 66
001154 53
000960 11
002710 62
002745 28
002609 27
002182 65
002852 82
000964 122
002265 86
000272 49
000100 100
000170 102
001692 69
002331 84
001054 6
001328 75
000669 4
000510 30
002349 71
000248 129
000746 84
000700 4
000428 25
001814 49
000154 0
002114 23
002004 71
000011 62
002991 11
000826 14
001364 37
000808 37
000977 82
001775 37
000341 30
002920 32
000830 65
002142 102
002094 68
002411 3
000963 78
001258 12
000844 88
002424 13
000421 58
000499 78
000417 57
000621 104
002174 11
001808 16
000361 35
001014 41
002008 86
001522 75
002410 47
002345 82
000469 14
001539 53
000138 56
002551 66
001466 38
002271 27
000841 34
001699 83
001075 49
001541 12
000692 4
002346 93
001291 49
001492 27
000225 25
002659 75
002376 53
002975 79
001459 27
000996 37
002759 66
001891 83
001658 83
002053 69
000081 65
001176 69
000034 49
001356 107
001064 56
001241 25
002264 120
001616 0
001000 81
001864 32
001971 77
000805 67
000135 93
000325 129
002621 88
000880 4
000914 36
001113 68
002583 37
001408 57
002792 56
001453 28
002847 67
002190 62
001648 25
002416 109
001346 122
000864 4
000024 86
000149 39
001646 83
001892 79
002969 11
001416 86
002170 67
000931 69
002146 31
000280 13
002833 32
000077 33
001358 77
002646 62
002555 37
002640 13
002108 78
002103 69
001732 52
002321 71
000547 134
002063 71
000501 94
002587 66
002096 99
000506 104
002750 109
002281 40
002270 135
002435 75
001737 67
000958 83
002400 67
000166 94
001450 102
000202 35
001796 83
000239 56
001051 65
000986 11
000553 39
002217 102
002454 23
002159 26
001979 56
000990 53
002907 78
001196 0
001281 16
001400 54
000624 39
000049 33
001788 38
002464 101
002983 57
002829 114
002703 104
002573 37
000115 35
001768 7
001379 37
000791 4
002874 90
001935 46
000897 6
001097 13
002328 63
001194 16
000221 69
000515 117
000151 68
001432 114
000716 42
001484 104
002815 32
001129 60
001967 73
001779 75
001096 13
000954 122
000863 4
001747 14
002860 32
002387 69
001898 6
000189 56
001738 75
000924 82
001776 83
002903 7
002213 9
002727 6
001055 57
002701 53
002831 32
001956 10
000269 25
000309 27
002164 28
001942 77
002751 32
001243 26
001925 31
002116 86
001091 36
000822 24
002913 30
000108 33
002350 27
002955 10
001414 37
001257 16
002292 40
001365 82
002761 53
000458 28
001276 0
000759 4
000707 100
002743 33
001295 104
000093 11
000817 45
002872 58
000856 4
000870 34
001026 27
000143 7
002066 26
001483 0
001474 14
000163 33
002344 30
000862 56
002407 109
000617 4
001674 69
001428 119
002134 82
001451 33
001945 37
001810 52
000571 6
000711 13
002248 51
000932 51
000328 124
002926 38
000580 84
001402 25
001579 12
000858 39
001534 107
000926 41
002728 39
001002 14
000952 122
002554 37
000245 0
000322 49
000788 51
000855 37
001807 53
002824 66
001132 58
001452 57
002081 6
002415 13
002842 32
001125 89
000882 34
002882 113
001212 16
001632 136
001817 75
001031 75
002472 63
000885 26
001319 37
002873 38
000520 69
000057 13
001152 84
000845 34
002505 33
001914 71
000772 37
000256 33
001354 0
000236 0
002571 66
001841 37
002665 53
000344 28
000339 104
000697 78
000991 82
001429 65
002329 74
002148 30
000316 67
001976 50
001145 33
001326 16
000208 75
001443 53
002902 66
001067 75
000594 124
001652 57
000657 75
001382 82
001035 57
001554 78
002973 79
002373 30
002001 46
002118 27
000906 34
000797 37
001944 77
000179 30
001007 57
000536 67
001444 78
000609 12
001791 38
000002 13
000336 94
002352 31
002046 69
001641 14
001772 41
001423 74
001197 15
000649 75
000560 68
002497 101
001003 13
001920 71
000188 136
002836 32
000232 68
001311 25
002438 50
001613 53
000775 37
001273 30
000800 4
002215 114
002337 23
001625 14
000756 4
001717 14
002176 97
001250 13
000615 34
002189 11
002671 37
002251 77
001902 10
000387 137
000187 138
001834 30
002854 56
001339 14
001514 84
002877 30
000262 46
001680 83
000905 56
002254 32
000253 139
002253 41
001659 7
000679 89
000075 122
000599 3
001726 78
000317 52
000938 27
001469 129
001455 62
001148 0
001980 82
001307 37
002048 58
002080 27
002037 84
002978 32
002173 53
000636 4
001117 68
001268 82
001286 36
001473 2
002658 114
002034 78
001210 16
002528 30
000744 100
002623 12
000287 0
000956 100
000153 41
002995 18
002168 36
000762 34
000478 49
000985 24
002056 7
001812 82
000263 11
001082 52
000430 58
000250 94
002958 66
002801 79
000020 45
002510 96
002786 6
000659 22
002965 11
002040 89
000807 63
001510 81
002301 122
000922 37
000819 34
002652 108
000343 86
000354 28
000521 19
002866 66
000016 40
003000 79
000843 37
000565 52
002175 11
002982 79
000052 27
002381 71
002068 74
002819 32
002697 96
001595 82
001906 68
000395 86
002087 41
000832 4
000448 32
001324 82
000972 37
002201 32
002521 84
001856 30
000043 13
002777 37
001388 104
002736 28
001384 140
001377 61
002520 90
000431 12
000076 33
001252 16
000639 4
002420 13
001922 79
000156 25
001873 53
001177 16
000353 91
002581 50
002698 56
001372 14
001868 83
002542 93
000695 65
002981 66
000814 104
001498 53
002277 11
001794 83
000120 62
002650 26
001939 71
000159 25
000747 84
000190 117
002339 11
002298 67
000957 104
000852 120
002338 0
002734 89
002565 37
002121 28
001226 41
002314 50
002566 96
001843 69
002158 30
001915 83
000065 117
000850 24
002180 39
002893 32
001802 68
002207 78
000741 4
002753 56
000524 49
000955 93
002675 122
002224 32
001617 83
001215 104
002450 100
002139 81
001419 6
001385 104
002242 32
000887 6
001331 27
000840 34
001239 37
001821 94
002885 66
000588 94
000064 6
000297 51
002235 27
002939 30
001099 13
002721 89
001122 82
001308 61
000678 4
001022 107
001321 46
002798 38
002691 13
000451 68
000811 11
002268 11
002156 51
000443 78
001555 56
000164 13
001563 78
002308 90
001771 0
002591 54
001422 37
002208 120
001761 68
002412 50
001220 86
002409 89
001072 86
002445 3
000133 6
001572 0
002799 38
001609 90
001355 56
000144 33
001163 16
002223 83
002840 32
000303 124
002601 96
002812 32
000381 107
002481 53
000802 100
000315 51
002811 32
000360 57
001537 94
000255 139
002079 71
000847 34
000721 10
001279 82
000920 4
002564 37
000613 14
001018 30
002209 104
001638 83
001691 83
001754 37
000688 34
000008 40
000584 87
001878 83
000117 23
002304 27
001334 141
002795 32
000979 37
001571 53
000961 11
001263 16
000872 63
000079 65
001764 12
002575 53
001389 68
001141 16
000324 89
001683 14
001464 12
000549 14
000925 34
000174 50
000548 52
000736 78
001583 75
002951 69
000437 36
002767 57
002541 69
001690 41
002138 12
002889 11
001248 69
000238 13
002756 107
000748 89
000096 25
002522 96
000046 142
000728 100
002725 26
002007 28
002919 66
000898 69
000953 37
000818 65
000191 68
001752 82
001019 49
001705 143
001940 77
002273 32
001437 144
000763 4
000503 104
002455 21
000586 4
002757 13
002682 13
000424 124
002058 25
002934 37
002171 30
002649 66
002353 114
001267 81
002908 82
002006 72
002769 67
001475 145
001871 14
000540 3
001285 0
000946 37
000575 62
000119 6
000787 37
001227 0
002789 28
000110 0
002477 27
000784 37
001952 3
002578 13
002717 50
001119 76
002258 32
000215 6
000779 37
001551 36
000310 7
001161 16
002533 96
000219 6
000429 67
002622 17
000713 13
002141 50
002284 11
000009 31
002906 6
001662 83
001221 65
002179 117
000596 4
002857 75
001472 0
002296 27
002226 32
000517 3
001588 86
002016 80
002449 109
001663 78
001874 31
001217 3
001806 7
001333 82
000675 4
000820 37
000432 86
002746 28
001069 37
001774 146
000314 117
002303 11
002737 104
000061 27
001963 0
000683 100
001908 101
002766 67
001153 16
000890 23
000945 122
002057 30
001336 37
001862 77
000645 4
001887 53
000527 114
000507 44
001231 0
002927 82
000717 14
002024 11
001842 41
001017 25
001969 86
000055 104
000050 58
000767 33
002475 49
002157 52
000810 92
002071 27
000377 68
000737 34
002580 49
000595 34
000349 41
000094 116
001249 0
002788 32
002883 114
002567 96
002375 89
002509 116
001682 56
002962 3
000136 44
002465 12
000936 82
001715 67
002988 77
000778 4
001135 33
001679 75
001665 12
000708 67
000561 106
000654 52
001271 30
002808 114
000418 147
001879 4
000987 20
002538 114
000131 90
000848 37
001150 78
000025 25
001805 7
001890 97
001528 36
002204 56
002276 130
001023 78
000873 100
001567 12
000226 116
002023 68
001470 67
001462 148
001057 82
002432 89
002670 11
002228 32
000948 27
001909 77
002059 149
000355 20
000068 94
001698 83
000722 34
000146 41
000416 86
001531 30
002949 79
000172 122
000727 4
001896 30
000056 51
000139 62
002244 32
000450 86
001998 95
000989 96
000970 56
000137 44
001897 38
000175 7
001966 68
000386 139
001725 37
002741 11
000445 56
001102 13
002781 114
001828 49
002922 130
001884 7
001290 27
001582 77
000090 79
002451 13
001306 16
002101 27
002049 37
002178 56
001030 12
001330 0
000040 11
001013 56
000944 37
000666 14
002327 11
000453 7
000781 37
002987 116
001149 82
000178 102
002185 41
000337 65
001919 6
002167 67
002979 82
001557 117
002890 114
001601 36
001642 83
000352 0
000625 4
002241 64
002519 96
002478 39
001552 50
002184 11
002561 66
002090 104
000724 69
000699 4
000359 75
002868 38
001322 82
001614 83
002980 56
002563 37
001526 53
000619 4
000466 0
001435 13
002733 114
001420 82
002496 100
001703 57
002128 27
001988 51
000492 150
002869 37
001766 82
002474 81
002459 23
001789 7
002938 77
001482 35
002657 96
001136 16
001936 14
002378 13
001581 12
000480 14
002266 26
000103 52
001479 136
000743 4
002775 67
000054 32
000988 78
002619 96
000069 56
000718 74
001101 13
000334 86
002417 107
001392 37
001240 82
000785 25
001174 0
001159 16
001316 75
001138 16
000128 33
001584 41
001975 6
001262 79
002695 33
001107 30
000951 26
002123 31
001130 3
002898 66
001559 82
000462 56
000640 4
000758 4
002637 37
000930 68
000231 51
001320 37
000556 34
000544 52
002547 37
002488 3
002399 11
002486 68
000099 57
001431 0
001251 100
001888 53
001900 83
001006 78
001471 16
002061 77
002310 57
000295 23
002402 100
002674 100
002790 114
002354 75
000160 84
001237 151
000651 4
000910 15
002816 32
002620 83
001558 137
000321 86
000015 25
000976 100
002456 13
001447 56
000463 12
002944 79
001693 83
001720 32
000644 49
000620 34
000652 4
000254 128
001882 83
000874 77
000467 56
000754 27
002611 102
000942 86
000883 37
000292 75
000234 84
002943 116
001305 37
001767 59
001519 69
002272 104
002841 53
002098 27
002418 82
002026 52
001486 122
001242 82
000535 78
000526 117
001426 82
001081 13
002685 86
000590 7
000674 4
002678 96
002155 27
001347 75
001376 75
000836 116
000252 68
000667 113
002210 56
001872 26
000391 124
001468 0
002548 66
001363 82
000795 84
001985 86
001934 30
002105 13
000682 4
001206 0
001078 104
002895 86
002395 50
000152 114
001525 12
002771 28
000828 34
001255 37
000525 39
001266 37
002070 10
000406 84
000258 56
002838 32
002437 53
000186 51
002092 46
000474 86
000813 37
002389 30
001167 128
000365 69
002936 79
001859 14
001351 21
002364 71
000330 122
000513 40
000663 4
000346 25
001604 83
000833 34
000684 34
002629 106
001677 83
002947 82
000773 37
000067 57
001951 71
002706 12
001716 30
002421 11
000235 89
000646 41
002466 53
002348 93
001667 0
001823 79
002078 77
001139 0
000542 56
001314 37
002896 58
000201 39
001964 83
001296 16
002362 68
000307 70
001309 41
000130 41
000396 62
002864 6
001930 68
000327 16
000192 0
000723 4
001855 16
000308 128
001065 86
001398 37
000496 117
000385 75
000583 4
000398 6
002933 43
001630 72
000162 0
001335 69
002724 114
001104 116
000937 33
001040 6
001367 114
001275 16
002749 35
001927 83
001950 41
002069 53
000570 94
001160 82
001561 36
001592 0
001881 83
002530 12
002082 69
000048 41
000030 6
001596 68
001926 37
000502 57
001847 29
002502 86
002755 114
001186 0
001269 65
002559 100
001857 100
001863 83
001795 35
002648 89
002550 66
000433 25
002302 11
000997 6
002855 6
002791 77
000367 83
001077 65
001079 67
000261 86
002347 56
000557 6
002067 11
000573 67
002912 30
002274 12
000600 34
002661 12
002042 12
000420 28
002137 67
001303 25
001247 69
001233 16
001449 0
002267 63
002356 51
002205 69
001813 7
002220 68
001467 84
000276 62
000706 4
002335 30
000454 52
000114 0
000072 75
002029 129
002131 28
002935 82
002064 107
001826 83
002584 37
002290 68
000919 13
000452 6
002624 78
002453 67
001515 53
002393 29
001566 53
000740 100
002413 100
001654 0
000105 63
001858 94
002821 114
002887 52
002722 39
000242 67
002479 114
001989 25
001570 0
001620 12
000097 68
002516 152
001191 16
000085 11
001719 13
000010 98
000879 4
001340 82
000774 37
001386 69
000277 63
001409 75
001593 82
001373 37
000089 52
000091 68
000281 7
001907 81
001485 16
001824 48
001325 6
001427 16
000993 76
000366 35
002072 74
000677 34
002027 32
000999 0
001190 0
002359 32
001760 7
002289 51
001343 37
000095 0
001287 107
002147 41
000168 33
000497 6
001750 68
002324 114
000715 34
001540 37
000332 52
000220 65
002482 53
002937 79
002772 28
002535 49
001538 107
000532 6
001865 83
002797 11
002309 2
001981 51
000306 10
001650 77
000197 50
001165 0
001619 57
001147 16
000495 70
000111 72
001109 13
001270 16
002562 69
000370 86
000794 37
000927 96
002322 50
001816 7
000397 98
001179 16
001216 3
000798 37
001299 0
001063 102
000419 52
000376 63
002512 78
000471 104
001542 26
002608 6
002351 67
002631 101
002990 56
001762 68
000799 68
002060 153
001487 37
000539 41
002676 49
002330 15
000984 154
000481 52
001480 69
000224 49
000673 34
001394 16
002985 79
000995 125
000581 4
001046 72
000078 74
002596 66
002996 38
001759 7
000827 33
000126 33
001253 0
001961 53
002770 56
001597 72
000577 62
001576 54
000622 34
000768 37
001230 0
001341 37
000660 62
002853 11
002888 68
001518 6
002758 96
002974 82
002785 79
000260 25
000283 86
002683 6
001615 136
001185 0
001974 83
002523 23
000456 25
002369 83
000435 108
000300 41
001763 104
002485 63
002865 66
001933 69
000439 69
002374 11
002025 6
002452 62
002613 66
001627 77
000293 86
001838 70
000279 7
000656 101
001059 6
000733 4
000554 155
002143 84
002914 30
001901 50
002294 51
001192 117
001527 53
001996 83
001357 65
001695 83
000776 37
000427 114
001787 92
001187 74
002198 107
002275 32
000866 4
001710 50
001793 77
001246 16
000901 25
002748 72
001529 53
000602 4
001292 82
000218 62
002269 62
000214 27
000036 7
002443 3
000368 11
000013 12
000477 136
001721 79
002283 40
002744 32
001085 56
002904 75
001633 49
000014 116
002112 27
002783 66
001024 56
000965 0
000608 34
002062 83
000436 68
000018 40
002813 32
001783 78
001804 49
002397 27
002256 32
001115 10
002390 11
001954 56
000345 12
002844 12
002600 15
002647 67
001718 83
000033 41
000373 69
000658 62
002221 32
001087 102
002457 82
002929 69
002249 32
001317 57
000861 37
001608 94
000045 104
001535 128
002878 11
002971 32
000490 149
000504 56
002261 30
000134 11
002109 49
000691 4
002075 65
002149 26
000975 72
002999 79
000777 6
000789 84
002569 37
000364 28
002358 128
000796 96
001937 82
001629 83
001277 37
002593 13
000940 65
001506 37
002490 75
000648 4
001004 26
002525 93
002111 117
001173 16
000484 28
001811 51
000053 75
000243 94
002084 68
001986 86
001203 13
000739 117
002169 53
001300 7
001020 56
002093 28
000837 107
002125 27
001745 12
000369 41
000268 63
000729 4
002493 49
002552 72
001520 111
001034 39
001713 83
002334 50
000296 75
001849 75
000626 62
000278 4
000498 100
000485 25
001521 13
000183 68
000971 106
001852 56
002225 32
000685 78
001769 83
002976 67
002085 12
001181 78
002051 89
000755 37
000509 25
002546 78
002357 32
001982 82
001439 20
001446 13
000142 56
000865 4
002232 77
002323 104
001011 100
000849 86
002560 66
002780 33
001995 71
000888 26
000118 23
002162 28
000546 56
001790 77
002214 38
001977 107
002233 32
001984 82
001397 122
000275 58
000705 100
001025 101
001591 26
001565 26
001743 53
000384 96
001430 37
002610 37
002911 89
001830 53
000177 40
001360 37
002428 84
002568 78
000831 37
002556 66
001643 83
002462 13
001634 14
000623 62
002921 67
000859 25
000642 62
002307 27
000835 25
002711 96
001499 104
000338 33
002447 6
001448 49
002654 11
001965 46
001685 7
002529 81
001144 16
002966 79
001706 156
002924 79
001739 83
002708 41
000790 37
002305 68
000969 56
001668 48
001689 16
001899 71
