0 12.422855854034424
001292 0
000596 1
000237 2
002825 3
001291 4
001400 1
002517 5
000672 6
000333 7
002888 8
001436 0
002500 9
001396 10
001029 11
002146 12
000231 13
001802 14
002711 15
000143 16
002040 17
002945 18
002403 19
002492 0
001764 20
000982 21
001012 22
002698 23
001081 1
000172 24
000558 25
001227 26
002592 27
000339 28
002855 29
002320 30
001158 31
000650 32
000314 33
002732 34
002383 35
000550 36
001191 37
000632 38
000153 39
002129 13
000111 40
002938 41
002894 42
000730 43
001597 44
001872 45
002399 46
001103 47
001468 48
001410 49
002460 50
000108 51
000481 52
002902 53
001078 28
001564 54
001480 55
002019 56
002043 57
002672 58
001216 59
001369 60
001406 61
002617 62
001140 63
000528 64
002033 65
000266 66
002131 67
002300 68
002431 69
002695 70
002992 71
001853 72
000348 73
001487 74
000832 75
000241 76
002692 77
000356 78
000905 79
000521 80
001137 81
001734 55
001573 82
002110 83
002235 84
001738 85
001620 86
002703 87
002706 86
001051 88
000064 89
002954 90
000737 91
000867 92
002633 87
000577 38
002665 38
001849 57
001177 83
001314 11
000994 12
002137 45
000271 54
000369 66
000099 14
000597 6
002537 55
000016 60
001115 62
001882 14
002122 66
001333 0
000291 55
000789 57
002873 46
001888 38
001212 81
002002 14
001569 28
002115 56
000957 93
001108 9
000557 89
001753 46
002511 88
002494 64
000489 66
001326 81
001615 14
001428 24
001448 80
002531 85
000144 51
000524 66
001026 94
000530 95
001112 1
002737 55
000219 20
000612 6
002823 64
000740 49
000858 46
002374 64
001129 27
000123 38
001807 38
002375 69
001515 38
001203 54
002417 96
000281 72
001294 7
002748 25
002754 55
001873 38
002483 29
000600 6
000817 55
001557 33
002310 14
000782 1
002813 34
000717 66
001798 57
002578 3
001679 66
002486 25
002485 25
000113 25
000158 50
000495 55
002865 53
000682 1
000260 88
001249 26
002871 0
001805 72
001720 34
001988 13
002117 25
002401 69
002866 53
001090 25
002675 80
001355 23
000929 11
001195 82
002387 3
000028 49
002629 42
002721 79
001463 96
002133 31
000825 92
001276 26
000628 38
000069 79
001993 55
001013 79
002606 49
000516 24
001981 13
002204 79
001486 24
000102 25
001390 20
001495 13
002183 14
002101 94
001306 83
000500 42
000080 45
001736 12
000766 11
001654 81
002526 15
002333 64
002324 97
002767 14
002513 89
001509 27
002539 79
000342 98
001443 62
001577 69
002747 66
002845 34
001073 82
001688 99
002830 34
001847 57
000159 35
000055 78
002831 34
000063 35
000313 80
000959 25
000205 32
000132 100
002536 35
001984 0
002326 46
000337 9
000085 35
002465 86
000242 31
000791 92
001394 83
002026 52
001425 57
001467 49
001497 66
000077 51
002851 45
000094 52
001709 82
002708 66
000138 23
000843 49
002872 30
002412 71
002789 52
001821 3
001490 82
001345 26
002739 66
001062 15
001488 81
001860 46
001891 14
002013 38
000759 92
001149 0
001578 66
002712 25
000073 94
000228 66
002440 101
001493 83
002488 63
001007 14
000809 31
002506 102
001940 57
000130 66
000983 64
001102 69
000664 6
002505 51
001057 0
002305 103
001354 83
000222 35
002149 67
000693 13
002162 67
001461 25
000586 6
002937 18
000956 49
002838 34
000745 1
000733 1
000476 80
002870 77
000735 62
000005 49
000962 3
000660 38
002138 30
000070 25
001836 49
000921 13
002145 56
002859 46
001933 55
002094 25
002005 57
002263 104
000049 51
000254 38
000503 93
002849 94
000083 57
000734 6
002595 46
000061 25
000024 105
001634 46
000506 93
000522 55
000827 51
000970 79
002329 94
000924 0
001269 88
002781 62
002875 33
001600 54
001464 86
002551 53
002192 34
002489 53
001731 14
000585 6
001248 13
002166 45
002372 0
000477 106
002274 86
000799 25
000318 30
000469 3
000402 25
002946 94
001175 26
000104 57
000512 32
002575 38
001687 99
000997 29
001774 107
001482 101
001347 57
001592 26
001689 83
000620 6
002393 57
000185 79
000457 66
001831 46
002613 53
002582 53
001160 0
002051 69
000945 97
002939 101
001266 11
000103 52
000468 82
002278 23
001607 14
001322 0
001781 50
000131 106
002063 56
000828 6
001496 87
000587 92
001806 72
001627 63
002784 52
001692 78
000531 58
000264 62
002456 54
000777 66
001867 98
000141 80
000552 66
001730 14
001717 46
002191 47
001746 85
000787 49
002993 53
000763 1
000473 52
001920 56
001284 26
002410 64
001662 99
001004 67
002262 45
001209 81
000653 69
001614 99
001710 20
000785 88
002929 52
002815 34
000995 66
002025 66
000898 22
001647 14
000581 1
001551 78
002281 22
001819 57
002344 30
002953 66
001349 66
001776 99
002630 35
001941 89
000538 94
002436 52
000096 32
002959 18
000464 72
002014 51
001382 0
001156 94
000220 88
001747 46
002585 71
002546 35
000770 49
002907 47
001828 37
001727 29
002168 82
000329 81
002366 1
002037 68
000112 79
002529 108
000967 25
000432 109
002288 64
000149 102
000908 96
000261 110
000376 88
002520 106
000019 95
002969 64
002988 41
002663 15
001998 3
000274 9
002626 3
001128 38
001642 14
002139 31
001432 95
001237 35
002066 111
002125 94
001883 25
000269 32
001939 56
001650 57
001611 38
002962 63
001117 40
002000 56
001079 45
000364 67
002064 96
001711 38
000034 4
001726 25
002173 38
001537 3
001659 13
001305 49
001698 14
001735 45
001417 50
000279 72
001795 101
000935 49
001572 27
000363 72
001961 38
002568 38
001440 50
001424 112
002847 45
002395 88
002099 13
001565 45
000708 45
000386 98
002229 72
002024 38
002175 64
002400 45
002328 113
002075 88
000987 114
001678 14
000659 55
001568 79
000856 92
002118 94
001991 66
002213 45
002893 34
000527 95
001956 12
002077 13
001750 25
001596 25
002837 115
001904 79
000287 81
001835 116
000268 113
001874 62
002793 66
002425 69
001506 49
001788 35
000644 93
000647 17
002319 64
002342 64
002577 71
002165 64
002614 11
002768 30
001996 98
001919 66
000210 7
001264 49
002930 79
001331 94
000622 6
001265 88
002086 55
002116 35
000564 31
001966 47
000200 30
001437 25
000015 32
000209 30
002726 94
000834 71
001098 69
002337 113
000692 92
000684 6
002477 113
001119 95
000582 92
001721 29
002525 106
000120 38
002176 22
002227 63
001606 55
000295 111
002258 104
002985 18
002237 64
001449 48
001190 81
000009 62
000311 37
002370 69
001165 26
000478 52
001729 46
001066 78
002382 114
000505 32
002141 20
000355 114
001256 35
000038 80
001704 3
002790 62
002593 54
001748 49
001749 25
001258 86
002574 94
001146 112
002819 34
000941 78
002915 101
000640 6
001093 1
001070 81
001126 0
000656 96
002690 82
002354 85
000419 67
001231 26
001143 81
001172 26
002474 106
002224 34
002664 64
002089 57
002228 34
002661 86
002481 38
001719 54
000203 25
002679 53
000811 64
002981 53
002480 67
002631 29
000370 109
000195 81
002610 11
000502 14
001584 66
002484 56
000887 19
001768 13
002688 64
002702 57
000298 88
002058 88
002246 47
001107 101
002919 53
002041 113
002874 106
002475 4
000233 87
000930 47
002918 101
001147 81
002275 104
002567 15
002913 101
002579 86
001167 87
001978 96
002047 28
000643 92
002038 29
002911 117
002885 53
000736 20
000685 35
001591 67
001295 50
001715 49
001670 118
002004 56
002955 62
000808 11
001626 72
000991 0
000985 49
002668 43
000361 32
000330 24
001778 0
001476 33
000598 67
001700 46
002608 66
002496 43
001635 13
002549 45
002603 56
001042 119
002968 63
000109 64
002010 56
001544 26
001416 110
001232 0
000128 51
002434 71
002186 64
001552 20
001395 113
000616 3
002418 0
000661 17
000365 78
000965 26
000701 63
002416 69
002509 63
001368 0
000591 88
000504 79
000623 17
001325 19
002844 86
000157 112
002773 82
002749 120
002979 0
001005 1
000840 1
001399 121
001527 38
001420 0
002612 14
002912 101
000007 25
000869 6
002119 122
002109 4
000602 6
001289 0
002042 30
000595 6
001323 45
002571 53
002398 57
000892 45
000835 35
002364 56
000837 96
000739 3
001562 49
002462 54
002082 13
002081 19
001862 57
000774 11
002744 34
001096 69
000630 6
001559 0
001315 49
000216 30
001856 30
001556 85
002053 13
000292 123
002001 20
001530 30
002681 64
001902 62
000227 31
000542 23
000857 49
002090 78
001633 4
002522 15
000217 30
000720 92
000830 9
001977 124
001638 99
002242 34
000174 71
002927 0
001257 83
002135 67
002507 96
001293 0
002933 109
000322 80
000324 15
000270 82
001206 26
002285 97
000754 94
001159 83
000427 27
000004 31
002642 106
002006 25
002501 47
001471 81
000565 52
001517 110
000357 46
001999 38
000955 108
002381 56
001316 57
002421 64
002563 49
001925 62
002350 94
001197 50
000474 110
000247 25
000201 102
002883 62
002752 113
002203 78
000181 13
001668 10
000350 66
000875 24
001273 30
001618 67
000847 6
002007 52
001864 104
002479 95
001742 0
001358 57
002069 38
001757 46
000345 86
001383 46
001740 110
000731 3
002924 18
001763 15
000588 10
001380 49
000862 108
000177 60
000455 57
000373 78
002564 11
001105 59
002598 63
002148 30
002541 13
000961 64
001811 50
002775 45
000601 92
000317 67
002699 71
000783 3
001869 88
001843 55
001268 0
001348 49
000593 43
001262 29
002349 56
001344 55
002956 18
002922 97
002039 47
002743 51
000915 4
000283 125
000186 50
000453 16
001037 57
002622 62
001501 49
002307 94
001745 86
001477 78
002359 34
002504 64
000696 6
001168 113
002766 96
002365 34
000849 25
002323 78
001765 50
001936 46
001771 48
000548 67
001188 49
002114 47
001817 57
000607 79
000973 94
002674 43
001820 4
000814 55
001733 86
001303 88
000796 15
002487 15
001088 0
002247 71
002778 43
000511 30
002367 66
002982 18
001640 54
000288 2
000076 51
001023 1
001661 13
000100 43
000750 47
002396 34
001353 46
000306 62
000316 31
001793 57
000072 85
000309 47
002926 46
002560 53
001032 14
002296 94
001401 0
001313 0
001405 25
002899 113
000678 6
000826 46
000666 46
000335 45
000124 33
002449 69
001240 0
001267 88
001985 109
000366 98
000285 38
001381 49
000488 51
002787 58
001582 63
001871 46
000134 64
002756 96
001460 86
000958 99
002197 99
002841 38
002596 53
001967 73
001684 54
001895 30
002742 25
002550 53
002852 0
000037 53
000954 24
000118 47
002452 96
000392 79
001301 62
001135 51
002277 64
001124 27
000599 57
000492 126
000615 6
002801 18
000918 6
001478 68
000788 50
001716 30
001896 30
002439 55
001545 20
001224 67
001913 57
001854 71
000756 1
000841 6
000273 108
000572 3
002682 54
001230 26
001357 88
002251 63
000167 28
001909 57
001278 35
002691 54
001491 7
002272 78
002111 102
000540 63
001824 113
001162 4
001438 94
002084 25
001816 72
001064 79
001550 49
001690 66
001865 99
000910 50
001714 14
000062 16
000800 1
000780 49
001414 49
000689 96
002314 71
002463 64
002895 125
002521 57
001236 52
002380 57
002905 53
001707 46
001812 0
000579 50
000778 1
000293 25
000460 40
000035 72
002573 49
000543 72
001901 69
000998 122
000257 47
000371 52
000081 88
002420 54
000497 89
000729 6
001022 0
001641 46
000446 67
001696 32
002723 94
002659 85
001777 31
000517 4
001520 122
002994 118
001009 123
002177 4
000433 88
000276 38
001047 32
001724 99
000282 79
001885 62
001541 20
000646 66
001893 22
002161 94
002591 19
002220 25
001178 26
000039 79
000336 3
001125 7
000541 60
000943 122
000383 66
002384 45
000885 31
000240 86
002448 23
001675 99
001489 79
001388 50
001929 79
002725 31
002209 28
001163 83
002896 127
001288 31
001377 49
000243 3
002361 49
000569 3
002190 119
000218 91
000649 123
001937 0
002222 4
001299 81
002806 47
000757 38
000146 66
000289 119
002760 96
000560 25
000059 51
001625 46
001930 14
000221 33
000232 25
000926 66
003000 18
000147 66
001131 0
002357 34
000084 72
002185 66
001671 64
000244 123
000771 92
001077 88
001255 49
002476 53
001238 0
000182 30
000795 69
001182 71
001752 0
000576 6
001456 94
001458 67
001132 30
001946 66
002635 72
002394 114
002558 49
000304 25
001797 57
001261 0
001161 81
002556 53
000786 69
001818 48
000212 40
001282 122
001973 64
001952 63
002335 30
002502 25
001318 0
001455 96
000571 66
000465 66
001758 113
002810 122
002616 128
001421 23
002524 129
000117 115
000461 125
002451 54
000621 28
001528 82
002020 78
001270 83
000978 49
002221 104
001694 25
000712 6
000405 43
000430 30
001631 47
002694 53
000518 13
000769 71
002730 64
000046 130
001792 25
000467 20
001796 99
002347 79
002210 79
001655 14
000810 2
000690 40
001637 50
000758 1
001982 0
001446 54
000753 67
002261 30
000307 55
000482 19
000162 81
001254 83
000923 1
002917 63
000852 4
000449 64
002826 34
000652 92
001186 81
002248 72
002317 43
001989 32
001075 4
002995 57
001201 26
000609 35
002594 38
001309 66
000912 28
001581 86
001243 67
001055 14
002975 18
000040 131
000031 88
002590 49
002297 64
000732 121
002052 13
001931 56
002298 45
002250 66
002153 4
000388 72
002200 38
001067 123
002532 30
000377 47
001673 45
000249 128
002325 64
002833 34
002031 46
000044 64
001702 54
000456 9
002132 81
002719 62
001813 72
002055 23
000415 49
002073 67
001979 79
002223 99
000115 101
001080 113
001801 0
002255 102
002065 57
001848 25
002343 67
002700 23
002134 0
002750 69
000170 46
000749 6
002796 25
001441 0
000523 79
002605 49
001657 14
000713 6
001221 48
000917 47
000804 46
002011 45
000525 102
001965 20
000722 1
001866 46
000977 0
000746 69
001987 13
000471 78
000338 51
000567 4
001855 83
002619 15
001878 99
002280 84
002299 38
001024 79
002127 14
002792 37
000626 38
001605 132
000053 55
002740 53
002353 97
000196 35
000645 6
000066 114
001810 52
002910 0
000424 6
000399 123
000784 49
001887 38
000284 128
002714 96
001360 49
001253 26
002552 78
002618 81
001063 64
001686 54
001769 99
002253 29
002059 13
000904 49
002970 117
001142 81
002218 64
002812 34
001452 14
001772 66
001251 43
002680 50
000553 102
000829 49
000198 55
002023 47
002469 53
002036 25
001144 81
002686 49
002478 102
001166 81
001027 51
002249 104
002644 15
000603 58
000387 133
002799 64
002861 0
001336 11
002653 78
000805 31
000953 49
000493 60
000697 35
002032 78
002771 52
002832 69
000166 3
002646 96
001370 46
001576 1
000485 9
001744 28
002584 49
001423 94
000155 79
002358 87
000592 17
002142 129
001756 13
000379 67
001028 79
002828 34
002339 64
002689 54
000067 14
000119 66
000003 66
001518 66
002239 94
002113 79
002814 34
000412 17
002974 0
002252 34
000838 1
000250 3
002271 94
001505 7
000533 31
001976 69
000272 4
000344 52
000278 110
000466 37
001330 81
000574 64
000280 54
000368 64
000023 34
000760 6
002976 134
000836 128
000086 3
000845 6
001903 14
001975 66
002652 122
001538 113
001016 58
002856 0
001141 83
002231 34
001951 56
000353 47
002405 54
002923 53
000008 60
001522 85
002829 55
001560 116
002120 46
002234 71
002627 86
002717 71
000236 81
001651 4
001145 98
002611 135
000950 14
002304 94
002056 13
000539 66
001069 49
002701 10
002557 78
002497 63
001339 46
001639 14
002906 29
002705 128
002535 4
000764 49
001109 54
001247 13
001723 66
000202 120
000872 31
002404 88
002107 55
001554 47
001222 81
000976 43
000889 30
000952 24
002545 49
001153 81
002898 53
001949 98
000633 92
002645 33
002736 52
002746 52
000886 32
001099 69
002049 11
000142 79
001799 57
000816 49
001091 82
000082 94
000156 88
001041 9
002243 34
002003 14
002450 43
002150 30
002798 19
000184 102
000611 6
000618 6
000881 109
002219 71
001229 101
001986 25
000319 81
002169 38
000161 47
001636 46
000362 23
001076 106
001889 117
000095 81
002776 53
002921 45
001280 79
000334 109
002581 71
000459 60
002163 106
002709 54
002095 79
001321 1
000509 32
002181 46
000448 34
000447 79
000975 25
000779 49
001045 52
002544 49
002931 18
000347 119
000127 35
002091 56
000340 109
002021 93
001089 96
001465 64
001019 80
001470 45
000974 66
001039 79
002230 71
002466 38
000551 60
001052 88
000375 32
001851 13
000484 52
000888 67
000401 33
000263 64
002602 0
001783 47
000992 102
001773 46
000821 1
000472 110
002385 33
000944 49
000451 47
001643 99
002445 63
002632 66
001877 32
002044 57
001312 4
001531 101
001439 114
000394 64
002862 0
002881 127
001767 113
000676 47
000824 1
002977 78
001513 66
002027 34
001508 89
001703 14
000302 78
001151 81
002467 129
001630 25
002950 18
000480 87
001610 13
000561 42
002245 102
001761 47
002848 15
000773 49
002363 30
002157 67
001343 49
002621 55
002289 72
000842 35
001785 0
002685 109
001297 0
001210 81
002016 98
002731 24
002493 4
002415 54
000718 94
000041 121
002877 101
002160 67
000012 51
000663 92
002990 79
001015 47
001959 86
000584 45
002454 111
001960 0
002241 71
002199 78
002427 104
000359 85
002660 110
001870 31
000853 55
000105 88
000235 15
000695 32
000194 30
001561 82
000617 6
001879 17
001049 88
001056 0
001916 38
001157 55
000514 67
001595 0
000634 92
000385 123
001543 86
002604 122
000850 11
002295 43
000714 32
001542 67
002718 49
002311 119
001583 85
000090 29
002035 79
001837 94
000308 87
001311 32
002009 46
001935 71
001171 26
001363 0
000743 1
001590 51
000922 49
000211 47
002916 101
000384 91
000691 6
000709 9
000403 108
000702 66
002377 96
000999 81
002085 30
000544 67
001208 0
000404 50
002667 15
001083 57
002225 34
001945 49
000442 91
001524 0
002991 64
002196 136
002308 106
001934 30
001533 49
000559 38
000861 49
001134 96
001502 68
002824 53
001947 57
000087 67
000546 79
002785 18
000463 86
002512 35
000815 62
000854 6
002050 9
002158 30
001665 86
001006 47
000234 85
000395 47
001603 46
000189 79
002070 62
000614 92
000437 82
000164 137
001844 50
001219 81
001200 47
000820 49
001547 47
000515 138
000776 49
001469 19
002045 78
001963 81
000487 113
002625 86
000793 11
002508 85
000583 92
000578 92
001412 129
000748 7
001850 20
002206 45
001787 87
000566 46
002301 24
001838 101
002763 52
000580 69
002903 50
001290 94
001593 0
000803 49
000259 65
000458 67
000725 88
000116 66
002151 30
001104 128
002772 67
001842 66
001298 0
002345 0
000547 139
001755 55
002226 34
000418 93
000047 47
000310 72
000878 6
000721 62
002332 46
001525 20
002447 66
001728 46
000947 86
001808 82
002908 0
002901 18
000150 79
001213 66
000408 64
001340 0
002423 69
002607 85
000806 25
001454 0
000846 46
000625 92
002868 64
001880 0
002600 9
000193 30
000331 81
000122 79
002864 66
001384 140
000312 45
001082 67
002184 64
001043 50
000741 6
000883 11
002390 64
002647 45
001404 57
001858 24
001942 57
002498 31
000018 60
000354 52
000258 79
001263 81
000863 6
002468 34
002734 69
001529 38
000060 81
001612 52
001994 83
002623 49
001095 114
000519 14
000422 88
001570 26
000860 1
000013 3
001829 18
000372 15
000389 64
002470 141
000420 67
001494 94
001712 46
001800 64
002965 64
001567 20
002123 62
002046 78
000938 25
000494 23
002762 39
002839 15
000638 30
000428 88
002290 47
001308 11
002820 94
000305 30
002428 95
000909 49
000409 109
000716 88
000981 66
001442 95
000920 6
001307 55
000088 64
002533 15
001649 14
000513 60
000110 81
000680 92
002017 56
001725 49
002379 30
001894 122
001827 38
000398 66
001274 38
002967 18
002753 79
002172 45
000662 79
001185 26
002194 14
000797 49
002140 102
002878 64
001695 99
000738 6
002729 109
002836 34
001782 25
001462 84
002963 18
001453 52
002461 41
001926 11
000679 7
002949 18
001558 133
000822 11
001857 43
000042 38
002650 45
000213 81
000772 49
000323 55
002336 142
002376 38
000931 55
000979 49
000303 125
001992 48
001260 81
000092 80
001044 51
001365 0
001207 33
001622 99
000022 66
002889 64
000949 91
001106 27
002205 33
002426 69
000423 55
002126 94
000175 72
001287 95
000208 85
000499 25
002188 25
000071 66
002850 9
000635 6
002561 53
002887 67
002782 13
000021 72
001685 13
000925 6
001038 20
000613 46
001310 49
001356 96
000045 78
002759 53
002897 18
002707 49
002106 64
001971 57
000129 16
002530 86
001427 81
001621 60
000239 23
002327 64
002609 94
001604 14
001917 55
001743 38
001097 69
000665 102
000454 52
002777 49
002330 50
000687 6
001020 79
001003 9
001846 99
001516 85
000520 13
002392 34
000178 46
001918 62
001250 69
000204 88
002900 18
001337 38
001366 35
002980 79
001130 58
001713 14
000290 143
000048 39
000160 123
001521 54
002733 62
002651 53
002783 53
000933 30
001196 26
001018 101
001924 66
000068 3
001387 79
001133 50
002693 81
001059 89
002080 47
001598 66
001415 49
002360 64
002867 53
002464 63
000406 69
001304 26
000286 28
000707 43
000946 49
002909 101
001697 99
002096 66
001184 50
002321 56
002794 52
001154 144
002419 64
002313 71
002356 72
000667 9
000252 25
002195 29
001546 133
002510 15
000700 6
001285 26
001693 99
000604 92
000986 64
002755 62
000906 6
001669 99
002947 0
000526 65
001194 83
002232 63
002678 15
000545 52
001914 56
002957 95
002817 34
001834 30
002279 30
001908 145
002751 34
001653 45
002757 9
000706 6
001225 64
000673 6
000762 6
000378 27
002860 34
001852 23
001683 46
001372 46
000744 49
001068 51
002802 66
001861 146
002270 64
000654 67
002268 64
001826 99
002373 30
000868 49
002316 97
000848 11
002015 33
002028 46
001092 43
002971 34
002964 56
001444 122
002174 64
000139 51
001619 14
000326 35
000341 30
000554 147
001040 19
001183 66
002437 38
002797 64
000238 37
002519 15
002528 30
001279 0
001084 25
000648 92
001897 64
000253 116
001732 67
002935 0
000328 125
001434 46
001972 13
001539 38
001000 31
001418 46
002518 128
001164 28
000728 49
002932 18
001574 20
002941 0
002999 18
001928 47
000183 25
002067 64
001035 14
000790 49
000358 88
000942 110
000173 72
002720 19
000594 25
000470 3
002805 64
002362 25
002840 34
002435 85
001648 88
002722 102
000165 25
001485 26
002677 1
000251 80
001085 79
002657 15
000400 81
000802 43
001969 110
002572 54
002553 3
000029 72
000642 17
000927 91
002998 111
001061 89
000452 60
001957 66
002334 71
001932 27
001825 113
002414 69
000380 79
000536 45
001762 25
001575 38
001841 11
000352 81
000294 86
002391 111
001169 81
001116 83
002346 108
002072 94
002543 24
002458 64
000091 25
000960 64
000001 56
001646 99
000683 43
000382 79
002637 49
002523 47
001492 94
002178 79
001252 81
000627 6
000916 6
000705 43
002315 71
000619 6
001645 99
001510 31
001422 49
000320 79
000224 4
000214 94
000573 95
000078 94
002892 0
001413 61
000440 47
002217 129
000343 109
001033 25
002944 18
002676 4
001859 46
000491 1
002472 113
002628 53
000932 29
001921 64
000686 57
002727 66
000255 116
002639 53
002207 47
001875 26
002943 128
001223 26
000296 85
000710 6
002060 25
000641 92
001868 99
001334 148
002216 30
001737 45
001839 14
002008 25
002264 4
002312 71
002649 53
001352 49
001511 83
001602 0
000190 102
002424 54
001373 49
001296 81
000556 1
002713 4
001111 79
001189 83
001892 18
001121 94
000698 6
001218 26
001886 111
000988 35
000327 81
002960 0
001180 81
001708 99
001555 79
002155 94
000668 6
000874 119
000057 1
001054 19
001503 49
002858 113
000017 38
001435 54
002254 34
002124 13
000135 102
000002 100
000438 128
002827 23
002459 111
002809 15
002687 20
001346 109
000568 78
001192 51
002846 51
001087 112
000426 110
001114 49
002804 79
002745 52
001181 1
001466 64
001699 14
001536 18
001008 25
002987 149
001155 23
002978 34
002879 49
002433 64
000871 49
001498 38
001138 82
000866 6
000768 11
001954 79
001205 47
000180 60
002835 94
001122 0
001779 85
001962 29
002770 79
000864 6
002769 64
001617 99
000346 88
002368 112
001275 81
001320 11
000051 78
000969 23
000121 47
001317 14
002914 101
001968 120
001393 13
001217 21
000844 28
002284 64
001286 82
001995 56
000479 57
002658 95
001571 38
000075 55
001211 83
000575 38
001457 129
001804 4
001036 0
001790 57
001876 46
000964 121
000655 88
001021 52
002293 86
001234 88
001204 26
000902 79
000441 50
000984 150
001881 99
000206 25
002105 54
001409 85
000501 3
002062 14
000532 66
000742 47
002788 34
002673 27
001335 13
000590 16
002286 113
001905 66
001451 33
001174 26
000606 6
002882 125
000176 19
001214 0
001784 88
001481 0
002340 4
000413 43
001391 113
001342 11
002078 57
002890 62
002201 34
002936 18
002446 25
002764 14
000349 66
002514 11
002322 71
000884 9
002843 34
002891 112
000265 128
002786 89
001624 38
002587 53
001179 26
002098 94
002071 94
001563 47
000882 1
001431 81
001283 26
002276 97
002034 35
002934 11
002156 72
001389 25
001681 99
002984 18
001549 133
002079 56
000011 17
001629 99
000439 52
001367 95
000972 49
000711 54
001483 81
002371 80
000670 6
001193 14
000126 51
002306 38
002670 64
001927 98
001338 49
002012 25
001060 52
000199 30
000629 6
000410 25
002741 64
001741 25
002443 63
001199 80
002761 38
001202 81
001300 125
002765 29
000014 33
002951 13
002620 99
000657 38
000537 60
000968 66
002589 117
001666 20
001663 35
002402 43
002212 66
001136 82
001594 66
001459 94
000483 151
001245 62
002583 49
002179 33
002780 51
000694 60
002601 15
002074 9
002121 67
002547 49
001540 49
001579 86
002061 57
001472 26
002724 95
002455 45
002257 20
002352 12
001601 82
001534 96
001907 106
002389 30
000812 49
001371 61
000154 81
001329 120
000043 100
001241 88
001419 89
000879 6
001950 66
002559 43
001484 87
000360 14
000056 72
000880 92
001319 49
000027 79
000681 47
001239 63
001514 38
000136 52
001535 96
002259 61
001378 46
002989 50
002104 66
001001 102
001863 99
002265 35
001065 109
000397 100
002920 34
000054 34
002294 72
000179 30
000508 32
000301 85
001553 42
001664 128
002634 26
001002 57
000079 88
000996 27
000727 92
000229 30
000819 6
001398 49
000989 91
000030 89
001658 99
000562 66
000226 52
000006 25
001228 26
000445 79
000033 66
000966 94
001682 79
000894 10
000669 6
002211 38
001359 82
001407 0
002554 49
001397 24
000152 60
002669 11
000223 38
002490 57
000703 79
001667 26
002666 56
001445 152
000855 49
001833 66
001587 25
001526 38
000114 81
002097 4
002338 26
001101 69
000207 80
002534 94
001148 81
001822 35
001411 51
000890 47
002972 18
000900 33
000833 6
001246 81
002983 14
001242 0
001983 3
000870 6
001660 13
000674 6
002457 0
001375 48
001677 14
002599 53
000140 79
000490 13
000914 82
001616 81
001672 35
002214 64
001899 56
002562 55
000813 49
000215 60
001944 57
002180 66
000315 72
002187 57
000417 14
001030 86
002087 66
002102 9
000137 52
000747 57
001475 134
001123 71
000794 49
000036 72
000026 38
000658 17
001403 51
000450 109
001402 88
001259 139
002351 45
000752 66
001271 30
002958 53
001450 112
002422 69
001053 52
002438 20
000245 81
002152 67
000277 113
002442 53
002159 67
000589 66
002208 4
000971 42
001948 102
002570 96
002624 35
002388 19
002378 69
001760 72
002182 88
001324 0
000168 51
002273 34
000928 122
000025 9
000807 113
000444 66
001780 46
000151 47
002791 41
002143 117
000755 11
002266 133
002430 69
001048 114
000781 49
000901 32
000865 6
001953 36
002341 129
001198 42
000101 85
001050 64
001628 38
002444 0
002538 97
001272 49
001759 13
002684 79
001379 49
000767 33
000751 67
000963 35
002716 101
002291 86
000169 100
000074 66
002973 18
001884 13
002167 45
001139 26
002569 11
000993 54
002054 56
001500 49
002303 64
001906 25
001094 30
001385 15
002432 69
001739 99
002648 69
001504 86
002565 49
001632 153
002103 47
002516 87
000267 7
001034 102
001830 38
002586 11
001845 51
002108 35
002641 95
002215 3
000145 79
000332 52
001974 99
000248 65
000374 71
000381 96
002548 53
000321 109
002240 96
000637 80
001588 110
001332 81
002842 34
002638 122
002615 66
002283 86
001215 78
000431 86
001011 43
000192 81
002655 97
001176 88
000436 25
002735 53
001691 14
001943 129
001281 83
001900 99
001187 94
001017 9
002233 34
000688 6
001566 38
000639 6
000570 3
000934 3
001408 14
001170 89
001361 14
000534 95
002996 107
001823 107
002715 53
000197 71
002482 88
001803 20
000496 33
002640 54
000937 33
000980 50
002429 69
002076 14
001302 86
001814 80
001656 13
000396 38
002369 99
001706 50
000148 64
000798 49
001751 20
000624 102
002287 64
002029 70
001010 49
001519 78
000911 6
001623 13
000896 113
001474 46
002822 34
001362 66
000107 81
000351 16
001548 94
000651 92
000390 16
001473 14
001118 71
000555 35
000300 66
000171 24
001277 49
002355 66
000416 109
002966 18
000765 9
000429 96
000187 129
001840 125
001915 99
002318 0
001890 22
000631 17
000951 67
000163 51
000414 64
001074 50
002144 35
002147 19
002018 78
001031 45
000877 6
000818 9
000823 11
002256 34
000873 49
000246 81
000230 30
000907 121
002057 101
000897 19
002236 66
002884 111
001754 49
002925 101
002154 14
000792 49
002238 64
001911 96
001328 85
002309 14
002193 99
001652 14
000699 92
002491 53
000891 58
002643 108
001718 99
002580 80
000895 49
001152 143
001447 79
000058 100
001980 0
001923 79
001058 14
002331 154
002411 57
002292 86
000093 155
001235 81
002386 66
001014 89
001701 50
000948 94
001794 99
001110 94
000191 47
002088 114
001532 87
001997 26
002683 89
001955 3
000724 13
002112 47
002282 20
000677 6
000106 64
002948 18
001964 14
000903 92
002302 64
001433 4
002471 43
000775 49
001233 81
000859 83
001429 32
002030 72
002128 94
000990 38
000498 43
002942 53
001608 3
002136 0
001990 16
000065 33
002654 64
001815 66
000275 30
000726 123
001680 99
002597 49
001150 68
002202 38
002662 57
001364 49
000411 62
000831 49
000913 85
002566 15
002093 67
000391 125
002269 96
002189 64
001374 82
002406 88
000723 6
000262 71
000899 4
002244 34
002164 67
000719 6
002441 28
002068 94
002407 69
002876 53
000936 0
002803 66
000421 30
002198 96
000010 25
001938 33
001120 79
002928 41
000535 35
000549 46
001585 88
000299 114
002171 30
001386 33
002758 15
002863 107
002818 34
001676 37
001392 49
000089 67
001644 63
000098 81
002100 113
002397 94
000510 30
002260 118
000704 6
001970 99
002795 34
001046 25
001507 0
000940 88
001430 49
001809 18
001912 2
002940 18
000608 6
002886 62
002527 54
002540 38
001071 47
002413 43
000297 72
000050 30
001512 95
000225 9
001775 49
001244 69
001922 18
000851 19
001786 87
002696 49
001226 66
000563 16
002671 49
002853 64
000605 6
000443 17
002473 30
001599 13
001025 35
002588 85
002816 34
002811 34
002738 52
000188 153
000407 44
001173 81
002800 62
002961 53
000462 23
000671 6
002704 79
002834 64
001958 64
000715 6
001351 25
000425 82
002092 43
002710 98
000636 6
000529 95
002267 4
001766 0
002869 49
002997 85
002952 18
002904 85
001499 28
000610 92
000486 109
001479 153
001086 30
002130 67
001705 79
000325 65
000020 4
002503 96
000839 6
002022 33
002807 66
001674 33
001341 11
002083 70
002857 85
001791 64
001613 38
001523 0
000801 47
001580 38
000097 25
002495 130
000475 88
001789 72
000367 98
001898 66
001722 34
001910 17
002555 11
000761 33
000919 13
001426 0
002808 62
000393 129
001770 49
000507 52
000435 122
002697 15
002048 30
001832 0
001586 38
002986 13
000133 66
001589 26
002499 15
000032 89
002170 45
001376 123
001327 9
001113 25
001350 0
000256 51
000893 52
002408 94
000052 94
000876 62
000939 88
002821 62
001127 35
001220 109
002728 102
002854 79
000125 51
002453 45
002779 94
002880 49
001072 110
002774 28
002636 15
002656 45
000434 60
000675 6
002409 69
001100 69
002515 53
002348 106
001609 106
002542 29
002576 54
