0 12.867252826690674
001958 0
002088 1
001395 2
001521 3
001099 4
000394 5
000029 6
000100 7
000352 8
002021 9
001353 10
001145 11
002856 12
001226 13
000298 14
001786 15
000127 16
002758 17
001597 18
002028 19
002997 20
000682 21
000046 22
001437 23
002748 24
000302 25
002649 26
001608 27
000637 28
000548 29
001266 30
001271 31
000679 32
002613 33
002157 34
000706 35
001509 36
000111 37
002354 38
002178 39
002049 40
000283 41
001101 42
000561 43
000564 44
000578 45
001820 46
001951 47
001560 48
000300 49
001923 50
001066 51
002039 52
000535 53
002924 25
002766 54
002227 55
000274 56
000395 57
000193 58
000099 59
001202 60
002631 61
002246 62
001229 63
000541 64
002389 65
000042 66
000956 67
002329 68
002621 69
001136 70
001598 71
000206 72
002260 73
000004 74
000621 75
000536 76
002361 77
001491 78
000293 79
000928 80
002301 81
001661 82
000433 83
000749 84
000608 85
000614 86
000789 87
001989 88
000784 89
001793 90
002030 91
002472 92
000797 93
002186 94
001673 95
000714 96
002213 97
001966 98
000528 63
001637 34
000051 75
002816 99
000292 100
001431 8
000221 60
001824 2
002460 78
001552 12
002161 68
002546 16
002767 59
002964 47
001154 101
000814 75
001947 55
001590 15
002699 101
002673 93
002365 102
000005 67
000726 100
002456 3
001948 16
002681 36
000007 103
001105 55
001293 75
002710 39
001630 16
002849 68
000526 104
001927 54
000912 75
002097 101
001855 8
000774 93
000590 82
000903 86
002600 34
001968 32
002930 92
001684 3
002704 50
001847 55
002583 93
001662 63
000307 79
000517 2
001614 105
001587 62
003000 106
002572 3
000041 107
000367 54
001652 108
000589 36
000011 3
002687 36
001239 67
002337 92
002689 3
002342 36
002338 8
002657 17
001827 25
002947 75
001376 100
002797 36
001219 8
001127 16
001987 82
000322 62
002923 26
001407 75
001563 62
000397 103
001434 10
002146 61
002191 62
000772 93
001242 75
002739 13
002770 50
001146 109
001656 82
001754 93
000112 50
001698 105
002668 7
002535 62
002692 93
001525 19
000331 8
002697 17
000256 100
000158 47
000319 8
000631 66
002207 62
000315 82
001826 105
002960 75
001545 12
000855 93
002016 39
002398 55
000347 23
000599 100
000856 86
000443 66
002333 36
002001 12
002848 17
001534 24
000762 85
002012 110
002901 25
001358 55
001638 63
001078 75
001991 13
000966 24
002276 24
002195 13
000587 86
000066 1
000937 100
002485 92
000731 4
001235 60
001132 31
001472 8
002317 7
000757 68
002027 60
002250 13
002515 26
002256 102
002953 13
001594 13
001609 111
002052 82
000798 93
001269 66
001774 0
000249 79
000108 100
002419 36
002750 4
002129 79
001901 3
002891 68
002763 74
001505 32
002318 75
001393 79
000228 16
002602 75
002037 60
002684 50
000976 7
000886 88
002596 26
000225 96
000917 62
002183 105
002403 13
002625 66
001675 105
002238 36
002046 51
001527 25
002287 94
000488 100
002783 26
001733 112
001326 8
001768 82
002778 7
002035 50
002628 26
002804 50
002253 13
000559 25
001696 88
002426 3
001653 76
001454 75
002455 76
002677 55
001065 37
002616 113
001261 75
001992 37
000871 93
000231 82
000018 23
002552 51
001574 19
000955 44
001072 0
002527 3
000305 58
001702 3
000791 86
002610 93
001929 50
001256 16
002779 68
000665 114
000219 13
000188 115
002961 26
002990 50
002066 20
001932 23
001538 100
000601 86
002617 25
000930 62
002210 50
001166 8
002768 31
002357 102
000522 4
000304 62
002067 36
000758 85
002170 76
000261 116
002299 25
001952 55
002497 117
000368 36
002071 68
001643 105
001679 100
002189 94
000988 16
002427 102
001081 79
000910 34
001164 34
002033 55
001302 25
000383 13
001769 105
000611 86
001381 93
002281 66
002107 79
001172 8
002998 20
000082 68
000152 23
002429 3
000962 55
002785 23
000202 32
001306 8
000672 85
002023 62
000055 51
000439 13
002438 12
002391 92
001422 93
001537 25
000166 27
002502 79
001129 93
001005 16
002839 17
002029 117
000914 70
000482 13
000500 43
001797 55
000919 16
001903 105
001194 8
002962 55
002151 65
000162 8
002926 10
000813 93
001238 75
002733 61
001405 62
000076 100
001163 8
002075 88
002794 74
001488 8
002703 66
001398 93
002025 13
001777 44
002288 36
002983 59
001876 10
001834 65
001909 55
002705 113
000404 62
000232 62
001334 117
002332 19
001042 32
001448 13
002590 93
001914 47
000606 86
001249 8
002821 61
002445 55
001143 8
002441 118
002922 24
000204 92
000785 56
002373 27
000014 105
002208 16
002905 26
000676 62
002885 26
002603 51
000465 13
000775 93
001935 12
000496 55
000803 93
000170 10
002449 3
002169 25
000959 37
002965 36
000446 34
001457 109
002002 108
001423 68
000896 92
000429 54
002658 87
001735 76
000196 16
002556 26
000547 16
001828 87
002897 25
001585 56
001567 19
002549 97
002746 74
000088 36
000633 86
001959 112
000583 86
000257 62
001090 16
001814 62
001411 24
000048 13
001651 28
001530 65
001248 79
001503 93
000059 100
002731 81
002683 16
000073 68
001811 82
000474 79
002577 12
001382 75
000124 100
001217 67
000881 10
001336 30
002399 36
001148 8
001354 8
000336 27
001495 16
002230 101
001917 4
002486 72
000181 79
001451 100
002543 81
000617 86
000121 72
000109 36
002790 61
001962 13
001579 112
001704 27
000750 62
000684 84
001724 105
002545 93
000172 81
000103 34
002458 94
000773 93
002232 55
000416 116
000491 103
001165 8
001141 8
002769 76
001329 32
001378 10
001399 107
001612 74
001400 107
000830 88
001308 93
001352 93
001602 75
002728 114
000182 65
001681 63
001688 105
000178 10
000694 23
002400 95
002678 17
001012 119
001916 25
000286 118
000899 62
000894 11
002086 107
002913 63
001851 16
000701 55
001455 39
001404 62
001187 68
002235 68
001224 19
002096 73
002608 13
002083 117
001919 13
002175 94
002915 63
001142 8
002630 16
002966 25
002372 75
000276 66
001297 75
002171 65
001562 93
001843 51
001408 59
001645 105
001971 55
001593 75
001370 10
001323 97
001605 120
000867 86
000946 93
001300 110
000980 92
001856 65
000222 16
001994 3
000922 93
001433 28
001074 92
001895 31
002393 55
000138 50
002578 121
001364 93
002831 102
002504 36
001029 93
000603 55
002701 92
000837 24
001837 68
001001 114
001818 37
002100 87
002184 94
001040 13
000440 62
002496 7
000095 8
002743 100
002000 47
001179 8
000269 88
000033 13
000200 31
001489 50
000229 58
001139 8
001610 82
000303 110
001550 93
001938 73
002665 25
000135 114
002799 0
000809 76
000680 86
001957 13
000841 85
000481 34
002379 65
001708 105
002749 32
002544 93
000689 39
001604 105
000686 87
001436 75
000288 15
000703 50
000502 59
000120 66
000365 51
002435 38
000558 16
001317 59
000562 13
002143 110
001152 87
001556 38
001978 39
002599 26
002229 82
002280 68
002307 68
000667 122
002793 13
000725 56
000574 36
002806 87
001121 68
000234 38
000907 110
000342 54
001189 8
000083 55
002777 93
000189 50
001672 16
000550 11
000805 76
002397 68
002553 27
002203 51
002792 50
000544 29
000478 28
002304 68
000817 55
002753 50
000398 13
000935 93
000655 56
002269 39
000708 76
001010 93
002018 51
000251 28
000974 13
001225 36
000786 78
000281 82
002857 73
001478 82
002974 75
000792 93
002346 44
000778 86
000675 86
001790 55
001218 8
000938 16
000430 58
001013 50
001654 8
001711 87
000556 3
000187 97
000167 118
000995 81
001237 123
000477 115
001027 100
001761 62
001808 37
000057 30
000209 58
002511 56
002380 55
002506 114
001498 25
000426 116
002645 28
001559 75
000242 76
002757 121
001570 8
000570 27
001267 11
002194 59
002247 101
002048 58
002881 36
002532 65
001174 8
002283 66
001557 100
001178 8
002619 17
002654 36
001930 87
000651 86
002634 8
001518 13
001017 66
001501 93
001460 66
001231 8
000560 62
001409 81
001974 105
000738 85
002564 93
001745 66
001295 34
000826 10
000624 114
000220 88
000258 50
001282 124
002775 97
000926 13
000217 125
000511 65
002367 13
001588 116
000593 7
000493 23
000332 34
002829 30
002216 65
000415 114
002132 8
001045 34
001908 54
000645 85
001823 28
001039 50
001508 13
002271 68
000639 86
000944 93
002615 13
002585 101
000195 8
000575 66
002362 62
000818 56
000958 105
002765 30
002711 17
000897 16
002772 74
000840 86
001396 11
001862 55
000636 86
000721 25
000255 48
002118 87
002005 55
001731 59
000192 8
001773 10
001484 40
002989 92
001206 8
001819 90
002951 79
002862 75
001504 25
001420 75
000453 82
001418 10
000197 12
002918 63
002457 75
000534 23
000878 86
001037 62
000460 62
000487 92
001892 28
000681 62
002453 95
000419 34
001350 75
000877 86
001650 55
001900 105
002330 34
001709 70
002105 3
000454 34
001414 93
002876 26
000580 78
000125 100
001898 13
000339 51
001416 116
002858 92
000090 102
000447 50
002106 36
001893 73
001150 60
001925 25
001848 24
001918 25
000997 13
000734 85
000628 44
002609 68
002512 16
001939 47
001240 75
000330 81
001428 126
001469 81
002388 13
001578 13
002626 27
000545 34
002693 8
002614 93
000369 13
002642 110
002802 13
001222 8
002396 102
002991 36
000994 25
000458 34
002402 7
001337 25
001443 40
000737 85
001564 3
002601 17
002061 55
002986 79
000736 16
001442 87
000933 65
001021 74
001993 51
000661 66
001033 30
000423 116
002450 7
002805 76
001061 13
001044 95
000289 60
000471 51
002326 36
002174 94
001088 75
001907 115
001912 62
002877 63
000227 44
000761 98
000577 66
000092 28
000515 102
002364 47
000271 3
000518 82
002384 97
002202 25
001046 16
002718 93
002836 102
002914 63
000960 36
001388 34
002482 92
000769 12
002371 28
002520 44
001860 10
001228 8
000985 93
001813 82
001402 56
002295 7
002871 75
000847 85
001961 25
002900 25
001160 75
001806 82
000469 27
002940 25
000969 50
001197 34
001792 72
001967 127
000341 31
002298 97
002315 4
000900 36
001069 93
001186 8
001343 93
001576 107
000693 79
000588 81
002254 102
000131 44
002423 3
001397 81
000554 128
002323 51
000656 129
000445 50
002650 95
001483 8
000094 113
001157 107
000768 93
001386 100
002937 25
000134 36
002931 25
001051 56
001721 30
002854 50
001566 25
000859 30
000552 13
001543 25
002376 25
002302 36
001490 70
000609 16
000349 16
002297 36
001700 10
001622 105
000613 10
002488 55
001833 13
001717 10
000710 30
000573 76
002869 93
000744 67
000704 85
000925 86
000183 72
002788 99
000243 27
002807 13
000371 16
002076 105
000441 34
000654 34
002709 3
000709 56
001383 10
000024 57
002141 12
001118 101
000934 51
000858 114
001227 8
000509 88
001003 98
002274 112
002723 68
002300 82
002470 130
002909 63
002999 25
002392 102
002131 34
001782 72
002009 10
002032 51
000765 56
001669 105
000486 116
000237 15
001211 131
002349 47
001071 62
000713 30
002461 93
000646 70
002932 25
002906 13
001458 58
001692 51
000616 27
000671 85
002671 93
002791 93
002185 13
000901 88
002789 74
000986 36
002110 8
001392 93
002969 36
000207 28
002313 4
000031 56
000259 55
001265 56
000174 12
001283 8
001292 75
000860 86
001170 13
001618 29
000444 13
002698 50
000808 93
001180 8
001016 55
002774 118
000494 50
001195 70
001931 47
001857 7
002410 36
001467 114
001216 55
001309 13
000973 68
001766 75
000442 66
001659 82
001444 72
000690 121
000764 93
001272 67
002522 17
002444 75
001133 92
000017 25
001232 75
001439 76
001660 82
002069 25
001247 79
001906 62
002257 12
002934 93
001115 25
000615 85
002125 68
000422 83
001788 0
000918 86
000586 85
001144 8
002663 17
002745 74
000077 100
000191 62
001234 92
002165 36
002007 105
001345 8
002167 76
001549 92
000002 103
000640 86
000376 92
001697 105
002479 23
001936 10
002478 114
000746 78
002666 47
000643 86
000190 92
002109 28
002309 59
000012 100
000354 74
002622 25
002529 44
001360 93
000201 114
001611 25
001686 3
002667 17
000448 102
002014 100
001934 65
001514 87
001988 82
000882 86
001190 8
001059 13
001762 16
002980 50
000116 13
001385 40
001926 93
001867 105
000407 18
002995 55
001366 16
001028 50
002840 102
002102 121
001945 93
001502 82
002889 36
001625 10
002464 11
002316 24
001933 51
000326 18
000941 51
001298 75
002643 44
001095 1
002471 7
001805 82
000853 51
001920 47
001103 62
000779 93
001130 55
002725 19
002569 93
002089 62
000141 28
002239 68
001749 79
000390 82
000821 86
002612 108
000698 85
002846 100
001209 8
000485 56
001137 8
001736 11
002036 60
001331 68
002985 25
002439 13
002344 65
001606 72
000025 56
001356 10
000102 16
000629 85
001730 105
000993 30
002719 25
002407 3
000009 25
001067 132
000364 58
002887 34
001014 13
000401 100
002197 105
002865 26
002054 47
000039 133
002112 52
000865 85
000346 56
002115 47
000386 54
002868 0
000788 82
000208 30
001054 13
002101 68
001737 76
001335 79
000049 100
002019 47
000670 85
001689 131
002623 93
001829 28
002164 34
000294 112
002707 114
000895 93
002513 16
002103 51
000984 134
001113 62
000632 25
001547 92
000213 8
002063 47
001781 34
002459 135
002214 0
001676 28
001476 100
002160 34
001832 75
001809 0
001924 13
000224 28
002641 23
000524 13
000230 58
002124 16
002159 19
002744 102
002781 61
001714 105
002251 55
000584 28
002547 93
001124 5
000829 93
002038 11
002010 47
002982 25
000822 93
001250 42
001205 62
001779 38
001727 30
000399 132
002140 114
002782 79
000892 76
000748 136
001464 112
001897 0
000038 28
002912 63
001510 11
001849 62
002237 36
001649 105
002566 17
000373 51
001162 16
002311 114
002700 50
001738 38
002065 55
002385 60
001288 44
001092 7
001147 8
000295 135
001743 25
000978 93
000260 88
000159 56
001153 8
000971 43
002796 60
002662 55
001671 0
000846 10
002286 11
002819 102
001540 67
002116 57
002837 30
002079 47
002044 55
002163 44
000514 34
000068 27
000538 68
001706 62
001852 50
002917 137
000310 82
000801 87
002508 38
002911 78
001084 72
002533 17
000126 100
000069 50
001535 62
001245 25
001760 82
000150 50
001755 30
002180 13
002646 39
001387 50
001864 102
000921 82
002780 36
002431 3
000437 70
002218 36
002568 12
000852 16
000673 85
000061 62
002853 36
000265 112
002713 138
001324 75
000457 13
000597 85
002047 43
000983 36
002716 101
000210 32
001767 2
002929 13
000203 16
000348 127
001871 10
001785 75
001085 50
002352 25
001110 68
000702 13
001541 19
001838 63
000635 85
001449 37
000835 56
001674 100
000268 92
001858 81
002494 36
002147 81
002640 3
000810 85
001123 4
001646 105
002861 75
001207 100
002156 82
000982 55
001035 59
002558 93
001771 37
000052 68
000306 25
001647 105
001555 50
001954 50
001038 12
000727 86
000370 41
002648 78
001221 37
002413 7
001363 75
000105 92
001678 105
001286 8
002452 39
001720 102
001728 10
000576 86
001497 16
001996 54
001995 47
002127 105
002375 78
001580 25
001355 50
001685 82
001094 65
001874 25
001158 44
001403 100
001109 3
002987 52
001726 60
001116 131
000436 62
001815 13
001499 118
002353 24
002467 109
002495 22
001036 75
000211 72
000054 102
000780 93
002587 26
000387 139
002422 3
002992 101
000147 13
000499 16
000620 85
000996 93
001795 32
001861 140
000794 93
000510 58
002137 76
001854 12
000168 100
001883 116
001607 105
001866 10
002655 24
001453 74
001759 82
002882 115
000759 86
002114 72
002727 13
002057 117
002952 106
002498 44
000662 50
002561 26
002605 93
002152 19
002686 93
001294 136
000663 86
002523 72
000530 23
001273 31
001946 13
000060 8
000949 17
001648 56
001682 50
000282 50
001184 34
002988 93
002606 93
002244 102
002205 100
001536 25
002176 73
002825 96
002822 99
001327 30
001571 25
002484 47
000854 85
001904 50
001277 93
001284 8
000519 59
001526 61
000806 72
002680 92
002637 93
000711 3
001722 99
000050 58
000644 9
001007 59
000802 7
002133 44
002055 50
001311 88
001791 0
000850 93
000425 70
000417 59
000001 92
001482 32
001410 93
002773 70
001830 25
001270 131
000177 23
002404 88
001565 19
000513 23
000537 23
001287 96
000920 86
001463 39
000362 50
002243 102
001140 55
001655 105
001658 105
000337 56
000767 100
001349 13
000435 80
001863 105
001055 108
001533 67
002660 116
002720 13
002759 26
000408 36
001263 8
002541 79
002872 58
002898 26
001318 75
001330 8
002437 25
000381 24
001553 43
002113 50
002580 28
001956 25
002358 15
000579 92
000479 55
001748 93
002308 34
001783 62
002040 78
000420 34
000626 66
000040 36
001168 87
001481 75
002448 50
001060 74
000081 56
000947 112
000074 13
001126 75
000557 13
002041 21
002795 102
001253 8
001725 93
001632 115
001589 8
001596 62
002291 66
000542 50
001462 19
000508 88
001182 12
002462 3
000489 13
001125 136
002242 102
001542 19
000389 36
000218 66
001018 101
001246 8
002855 13
001629 105
001291 28
000463 112
002518 113
002473 65
000862 44
000527 23
002351 97
001963 8
000284 113
002306 92
001471 8
001087 109
000873 67
000591 88
002382 1
001577 42
000065 23
001083 87
002551 26
001280 92
000605 86
002737 51
000730 7
002006 72
000353 32
000954 81
001401 75
002627 112
002182 56
001922 28
001380 93
002714 39
000035 82
002776 26
001406 129
002240 10
002386 13
000020 101
000623 66
002592 93
002099 79
002355 16
002314 4
001275 8
001784 88
001082 34
000164 70
001703 59
001177 8
002814 102
000199 58
001233 8
002928 93
001516 38
001882 105
000409 116
000143 82
000023 102
000205 88
001213 13
001365 75
001006 37
000642 66
001699 105
002688 36
001344 107
000385 132
000889 65
002729 121
001086 65
000173 82
000532 13
002812 102
001340 75
001106 93
000400 8
002735 26
000641 86
002880 93
000720 86
000391 41
000936 75
002363 31
000139 114
001149 75
000787 93
001586 25
001119 23
002874 44
002845 102
002374 36
002434 101
001374 70
002490 62
000953 93
002638 124
001196 8
002574 68
002436 30
001575 25
002669 93
002754 68
001290 68
000129 82
002425 3
002867 26
001332 8
000161 62
000932 127
001389 72
002888 60
002085 16
001853 82
002335 65
001379 93
000421 58
002405 3
002480 19
000287 8
002432 78
001865 105
001041 121
000133 13
002787 55
001894 80
002565 93
001080 2
002994 73
002111 81
002390 36
000136 34
001214 75
002895 41
002721 78
000212 16
002296 68
002139 44
000275 58
002050 121
000089 29
000751 34
002293 66
000299 92
002950 25
000568 51
001627 55
000262 12
001729 10
002724 23
000316 76
002130 34
000104 55
001615 115
002024 25
001070 8
002584 93
000927 39
002369 105
002454 135
000366 6
002588 38
000529 23
000045 51
000309 72
001506 93
001551 32
000449 36
001375 140
000572 27
001135 100
001204 8
002263 102
001173 8
001319 93
000600 85
002148 65
001960 75
000834 12
000942 116
000063 16
001683 10
000987 1
002134 75
000333 78
002633 66
002264 115
001896 65
002236 13
001167 15
000630 85
001885 25
002539 50
002136 75
002708 13
002272 4
002415 3
000824 85
001223 8
002348 44
000461 41
001859 10
000160 132
000740 67
000008 23
002162 34
000372 2
002696 93
002080 62
000084 82
001873 25
002417 24
002907 98
001507 75
002817 102
000428 56
000290 126
002695 117
001554 60
000240 112
001944 55
001198 43
000770 93
001624 25
000402 60
001664 79
000155 50
000619 85
002571 26
001091 70
000296 38
000431 112
000280 3
002020 51
000582 86
002815 102
002933 10
002331 87
002595 92
002068 24
000719 85
001657 105
000723 85
002920 102
000596 85
000970 50
001600 92
000699 86
000977 75
001104 79
002717 101
001339 10
001817 62
000951 19
001212 8
001429 88
001670 30
000427 61
002908 75
000176 13
000080 76
000594 72
001348 93
001515 25
001546 19
002847 76
002150 65
000492 141
000989 17
001447 50
001975 13
000755 93
000825 86
000495 79
000800 86
001002 25
001626 82
000848 93
002060 24
002074 121
001468 8
001965 12
000888 19
002828 102
001712 10
002859 10
001789 82
002321 47
001079 76
002925 63
001886 92
001371 129
000140 34
002158 65
002285 24
001665 112
000410 62
000013 27
002199 51
000405 7
002740 26
001098 42
001220 116
002967 25
000793 93
002292 66
001842 13
000952 81
001910 30
001210 8
002893 99
000975 72
000475 88
001942 55
000216 58
002824 26
000501 27
002756 10
002064 10
000472 116
001584 13
002732 99
001635 82
000539 13
001979 50
001131 75
002492 75
000991 75
001305 93
002943 113
001009 132
002894 21
000875 142
000497 117
000312 76
000132 103
000252 72
001315 93
001519 51
001048 1
002168 70
000137 34
001752 75
000648 86
000595 85
002559 7
002339 36
000585 85
000811 36
001803 12
002412 4
002090 51
000279 82
000360 59
000030 13
002341 11
002122 13
002463 36
001732 34
001427 8
001264 93
000351 82
001430 93
002119 80
002483 13
002108 37
002098 68
000028 67
001878 105
000148 36
000660 66
002509 113
000022 13
000571 13
002017 47
000047 62
000752 13
000650 88
001887 25
002826 102
000869 86
002842 102
000891 55
001321 81
002356 82
001052 56
002381 47
000828 85
001022 11
002166 97
002598 117
002830 102
001663 15
000034 28
001844 82
001512 87
001417 143
002860 102
002209 51
001058 59
001520 124
000598 34
001011 7
000861 93
001642 105
000010 103
000091 62
001075 28
001985 116
000790 93
000263 36
000712 86
002305 144
002094 60
002864 13
000149 114
002653 121
001244 42
001415 93
002741 36
000079 88
002530 66
002212 96
002652 80
002892 75
000998 80
000036 82
002120 10
001413 129
000235 2
000350 13
000324 2
000003 13
001031 15
002368 30
002959 25
001756 82
002903 78
001477 51
001274 25
000816 93
001049 56
001241 88
001419 13
000939 83
000396 66
000782 86
002011 76
000863 85
001816 82
002430 3
002996 0
000504 50
002475 28
002639 26
000384 17
001750 62
000311 11
001619 59
002241 101
002031 10
001941 13
000905 50
000521 56
002153 16
001778 75
001691 105
001780 10
002350 68
001230 37
000760 86
001812 75
002674 7
001368 75
001734 51
000664 84
002607 38
002916 63
000743 86
002226 102
002808 61
002501 32
001513 16
000027 50
002586 93
001015 72
000967 13
001601 70
001973 0
000683 7
002579 112
000864 86
000992 114
000915 13
002084 72
002521 132
000186 47
001765 34
000923 86
000075 116
002224 102
002810 80
002752 145
000741 86
002334 4
002582 26
001744 118
000820 93
002192 102
001117 62
001710 12
000157 109
000832 85
001359 37
002528 31
000503 9
002611 146
002870 93
002984 25
002045 51
001981 82
002378 42
001057 75
001347 62
002958 26
000356 51
002360 36
002820 68
000724 79
001977 21
000245 8
001299 8
002722 114
000393 109
001747 10
002624 16
000086 27
000747 87
001181 3
002228 99
001316 62
002091 47
001102 42
000913 38
000963 18
000555 53
002347 50
002863 138
002834 36
000107 8
002008 116
000438 0
001801 75
000171 81
002656 97
001986 116
001372 10
002123 25
001677 105
001159 8
001128 25
002058 56
002370 78
002059 82
000827 100
002416 3
000285 66
002712 92
002726 68
002899 2
002591 71
001441 75
002188 72
002319 36
002570 39
002004 47
001251 7
001955 71
002154 59
001257 131
000056 82
000483 147
000044 36
001822 72
001544 8
000321 116
001342 93
002135 74
002971 102
001438 68
000238 103
001798 55
001810 34
001004 19
002803 13
002514 93
002290 72
001200 57
000301 25
000943 80
002265 57
001260 8
002294 82
000464 12
000006 60
000842 53
001869 83
000327 8
002282 12
002576 3
001465 0
000893 34
002062 105
000695 88
000388 82
000604 86
000843 93
000323 51
001868 105
002879 93
002275 102
002531 38
002468 102
002946 68
001281 131
000831 93
001905 13
000456 88
000308 71
002121 34
002051 78
001303 56
000329 8
002977 51
001705 148
001719 3
000480 15
002919 26
002510 17
000118 60
001972 82
001558 139
002734 78
001030 81
000467 19
002440 32
002249 102
002594 25
001970 105
001199 28
001357 56
001902 25
001976 3
000777 13
000569 27
001787 66
002636 17
002277 36
002941 75
001093 45
001258 25
001999 25
000085 36
001666 19
002685 116
000756 86
002144 12
002200 25
000512 88
002902 26
000732 62
002221 99
002320 110
000531 55
002345 75
000766 93
001480 51
002003 59
001362 13
002491 26
000375 88
001634 10
002784 74
001185 8
001715 114
002536 65
002081 13
001794 105
000239 50
000128 100
000355 1
000165 110
001511 131
002875 100
001320 93
002477 72
000473 74
001998 121
002481 25
002043 55
002408 68
002138 16
002411 55
000098 8
001840 41
001024 50
002015 100
002948 25
000450 116
000551 23
002694 26
000277 92
002267 92
000179 65
000434 23
001341 93
002852 75
001592 8
001644 55
001517 81
000742 57
000868 93
001770 93
000484 74
002022 100
002938 93
002324 24
002359 102
000781 93
000549 10
001964 105
002833 99
000783 27
001890 73
001008 116
002394 1
000674 86
002204 50
000687 85
000876 25
000459 23
001990 82
001911 10
001268 75
000753 19
000122 50
000700 86
002811 102
001445 149
001949 22
002233 102
002087 13
000032 13
002155 68
001751 12
002072 24
000070 116
002838 102
002647 97
001120 50
002813 102
001191 131
001532 66
002851 76
001243 19
000266 49
002421 36
001459 143
001913 55
000505 88
002325 36
000340 41
002604 80
002620 105
002234 101
000799 60
000931 51
002540 25
000745 85
000979 93
002424 3
000062 82
001776 105
001603 10
002927 75
002955 25
000142 50
002786 16
001568 50
000194 58
000647 66
002082 79
000361 6
002747 13
000058 30
000359 38
002672 55
001569 51
002117 60
002340 28
002095 50
000924 75
002042 16
000278 100
002201 102
002944 25
002273 102
000382 50
002193 105
001452 108
001391 92
001025 129
002442 26
001953 117
000067 108
001056 75
001740 139
002077 79
002343 19
000114 8
000246 8
001440 82
001023 16
000981 13
000412 66
002262 97
001063 109
000117 150
002890 61
002690 70
000248 104
000666 10
002651 26
000093 151
000115 32
001377 93
002303 36
000119 13
001982 75
002181 10
000163 100
000264 25
002978 102
001314 93
000247 72
002428 87
000776 93
000553 114
001114 93
002474 44
000581 85
000845 86
001461 31
002476 26
000652 86
001171 8
002942 26
002936 25
001369 23
000898 100
002921 76
000677 85
000015 88
000968 13
001107 152
000241 15
001255 93
002322 4
001937 75
000685 16
000169 103
001640 3
001134 39
002420 3
001879 30
001716 31
000272 28
001474 10
001254 8
001548 68
000215 23
002597 93
000345 112
000839 85
001616 37
002196 153
001836 93
000796 45
000413 7
001713 105
000343 41
000948 68
002222 62
001758 92
000378 23
001492 68
000739 154
002542 19
000053 73
000019 23
001310 93
002270 36
002451 3
000999 8
001390 12
000096 88
001500 93
002310 59
002555 93
000180 64
001599 82
000717 36
000185 50
000468 34
000904 93
002702 55
000072 38
002573 93
001899 47
002554 93
002395 12
002516 118
001208 75
002078 55
002866 26
001064 50
001529 25
002206 76
000659 48
002818 102
001839 59
002443 55
001077 88
000455 87
001384 155
002383 36
000403 44
000990 25
001446 3
001473 59
000678 85
001617 105
001252 8
001984 75
000823 93
000964 110
000836 113
001034 114
000175 82
000940 83
000692 86
000335 76
000874 114
002827 50
002056 82
000198 48
000297 82
002832 3
001531 63
001746 38
000123 66
000379 34
002581 101
002211 25
002173 25
002053 16
000916 86
001872 19
002742 62
000612 85
001772 13
002336 156
000957 9
001633 28
001888 92
002993 26
002661 112
000909 67
000507 34
000357 30
001424 109
002873 36
002401 3
001155 50
001723 13
002682 3
000668 86
000887 13
001285 8
000334 116
000154 8
001421 50
002550 26
001841 93
000722 86
000374 12
000313 28
001850 12
001623 82
000043 103
000972 93
002972 25
000523 50
000418 9
000763 85
000658 66
000705 7
000733 86
002499 17
002751 102
000945 101
002217 109
002801 25
002409 78
001807 25
001019 28
001470 76
000908 129
001694 60
000273 44
001494 68
000520 79
000815 25
000819 85
000735 25
001523 75
001639 105
002910 75
001701 34
001122 75
002177 13
001915 105
001884 82
002593 3
000380 50
002252 102
000344 74
002149 19
002145 47
002567 17
001943 109
001804 28
002823 36
002537 13
001262 30
002013 40
001425 55
001595 75
000233 15
000795 78
001707 10
002904 38
001821 27
002563 93
002406 56
002560 26
000113 72
001000 44
002266 11
001583 38
002548 26
002970 78
000226 113
001043 157
001193 59
001450 109
002446 60
001764 19
001667 8
002589 78
002377 10
000849 116
000622 85
002142 109
000214 68
000771 130
000338 100
000804 16
002261 65
001183 13
001169 8
000037 85
000106 36
000363 82
000851 71
001741 72
002414 78
000857 93
001466 0
000566 10
000250 27
002525 44
001475 158
002503 24
000318 58
001201 8
001108 56
002279 65
000653 78
000071 13
001668 145
002659 38
001175 8
001089 10
002957 23
000411 25
002883 61
002387 145
001026 68
002092 7
000540 55
000602 86
001333 75
002843 99
001435 3
002220 62
002466 25
002762 13
000838 86
002736 74
001628 25
000807 92
000883 93
001485 8
000638 58
000424 41
000728 67
001997 8
000377 62
000525 114
002487 92
002524 109
000151 60
001581 112
001950 13
001775 93
000627 85
002850 121
001846 105
000144 100
000718 68
002575 25
002632 13
000567 16
001881 105
002489 26
001156 68
002223 105
001432 23
002760 39
002172 97
002187 55
000880 86
001076 111
000625 86
002935 75
002976 76
001367 87
002231 102
000618 86
001325 13
001983 15
000691 85
002835 68
002289 82
001690 13
001351 116
002844 112
002507 22
002730 36
001831 10
001687 105
001693 105
000466 8
001188 93
001192 100
000146 13
002255 114
000325 104
002706 112
001763 40
000707 7
000715 86
001835 48
002884 135
001112 16
002128 68
000902 50
000688 85
002215 145
001631 72
002278 50
002500 88
001940 55
001825 87
000101 25
000291 116
002493 28
000879 85
001456 68
000392 50
000087 34
002284 36
002715 26
001276 8
001524 75
000476 116
001695 105
001296 8
002093 74
001138 8
002073 13
001236 113
000833 85
000592 66
002979 75
001621 23
001636 10
000110 8
001161 8
000223 66
001053 34
001312 28
002771 74
002104 145
002981 26
000254 15
001073 70
001620 93
001493 8
002691 3
000546 50
002526 17
000950 59
001572 36
000844 11
000064 13
000414 36
002433 94
000885 19
000452 23
001259 16
000657 66
001880 75
001582 55
001487 93
001486 81
001328 38
002418 75
002738 74
002268 36
000078 68
002070 25
002809 17
000870 86
002469 26
002248 82
000451 16
001020 50
001561 70
001980 75
000697 18
001742 75
000812 93
002973 25
000911 86
001522 38
001050 30
000506 9
000406 78
002366 16
000184 114
001877 88
001718 105
000610 86
002675 18
002034 18
002534 68
002327 36
001969 116
002679 26
000021 82
002219 101
001426 75
001591 19
002225 102
000328 110
002755 61
002519 17
001875 8
002538 24
002975 25
000267 78
001891 105
002664 36
001757 10
002179 118
000866 85
002945 25
002886 25
000490 82
000607 50
002465 112
001739 105
000153 13
000890 72
002939 63
002328 92
000270 13
000097 72
002259 129
002618 8
000965 8
001800 0
000872 95
001573 159
000533 44
001068 100
001100 42
002761 25
002126 68
002312 4
000716 56
002198 10
002949 25
001539 25
002954 25
000470 145
000565 34
001799 55
000462 50
001278 72
001796 105
001870 44
001394 8
001346 116
000696 86
001176 79
001753 30
000929 93
001215 51
002635 82
001373 93
000244 132
002800 25
001680 105
001313 75
000649 132
002644 17
000314 78
000156 56
001304 8
001151 8
001802 121
001047 88
001641 10
001307 93
001928 62
001496 40
000026 25
002245 160
000016 23
001322 75
000884 122
002670 36
001361 59
001845 100
001613 25
000498 7
002841 25
000516 27
002968 55
001479 115
001412 109
001096 42
000543 10
002505 60
000634 86
000432 116
002676 28
000729 85
001289 75
002258 102
000317 34
001921 36
002562 51
001338 93
002878 36
000320 50
001032 59
002026 34
002190 161
001111 50
001889 78
001528 70
000754 79
002629 43
000563 82
002447 13
000669 86
000253 48
002956 25
002517 145
002963 25
000358 83
001279 75
001301 25
001203 3
002557 51
002798 0
000130 13
000145 50
000961 36
002896 36
002764 59
000906 86
001097 42
000236 8
001062 40
