0 2.0321853160858154
1284 0
251 1
2154 2
2787 3
633 4
71 5
22 6
415 7
587 8
604 9
2172 10
2800 11
2664 12
1733 13
2050 14
1728 15
1637 16
2287 17
1493 18
2617 19
2702 20
2406 21
1229 22
1008 23
165 24
2088 16
2930 25
904 26
655 27
2361 13
203 28
2160 29
2398 30
2925 31
1918 32
911 25
2231 10
550 22
2370 33
696 6
1042 28
2439 34
895 35
1958 36
2506 15
2625 18
1983 3
31 37
881 14
545 30
1327 23
1850 23
2319 38
1573 26
2431 36
313 6
2699 39
1440 20
446 9
892 0
923 40
533 41
88 37
2891 42
1923 43
58 25
2612 36
2135 44
896 9
1106 45
764 11
1978 46
1375 21
2041 47
2219 13
1784 19
155 40
2166 34
806 48
2020 49
2392 49
2964 45
247 22
348 12
2754 50
1195 34
530 48
2043 0
1112 16
2956 12
1686 13
2932 17
1777 38
1036 51
2193 45
686 52
803 46
70 44
1254 30
2656 8
1734 14
2627 43
2606 38
2203 53
1702 30
1391 54
1507 34
934 33
2942 3
1395 4
1037 27
2638 55
267 28
1550 13
1623 2
1172 55
372 56
2679 3
440 57
333 44
2031 10
2239 58
1219 20
1362 33
378 44
2870 6
1418 2
903 52
1722 41
2826 31
2586 5
2110 59
2107 33
559 60
1076 44
967 46
1869 0
1700 30
1043 15
1523 40
2234 6
2532 27
825 61
2715 15
2127 6
176 62
2615 19
411 12
1071 4
210 13
399 17
237 2
2500 55
227 36
618 63
1861 3
4 1
2779 25
1731 0
1494 64
1631 65
2998 39
2731 66
1238 7
1587 13
1999 57
2823 37
1815 13
2993 9
26 59
2653 35
2747 26
2015 23
1997 36
1288 14
161 51
838 6
935 16
1056 54
2526 47
2313 43
1941 53
1401 9
1090 67
1893 63
959 68
2705 63
270 24
2673 46
1577 28
23 10
1651 61
1837 66
2839 59
211 48
1509 38
1142 63
2557 41
473 44
1012 44
1274 25
329 69
323 26
2278 55
2764 14
1953 25
73 43
1412 70
470 30
2343 54
1293 11
1835 11
839 71
1917 72
1854 45
274 37
7 52
2602 53
2039 43
2531 73
2858 25
1208 44
2033 14
1 49
1033 27
318 59
829 14
2423 48
2282 0
2260 71
1264 29
1536 7
2805 38
2293 35
2655 66
1066 2
1342 69
1657 74
444 40
2539 55
2126 53
2856 1
1931 15
1618 4
2692 14
2776 6
2851 32
2760 23
1701 12
405 49
2817 6
1413 12
564 21
1799 55
752 3
1991 75
1723 68
1533 73
2959 30
1223 22
121 30
1818 54
2984 24
410 9
1424 66
1905 23
209 71
2367 26
1895 6
127 32
1171 73
2036 15
472 67
1502 8
1755 10
1053 27
1218 26
2003 9
2311 49
1234 55
786 18
125 27
217 76
2366 73
167 14
482 26
229 30
2468 14
347 33
899 77
2595 49
335 48
1598 38
1610 78
661 59
351 77
319 33
1460 71
627 15
1353 64
87 15
1825 9
390 15
558 4
1495 1
393 34
460 34
2970 79
1323 62
2774 55
731 16
629 80
500 40
2894 44
2196 81
2222 26
124 3
1120 26
824 40
1875 42
389 27
2383 54
1870 67
2986 12
2910 65
1740 82
900 9
598 26
631 23
2212 25
2918 48
2396 38
1350 49
2448 36
1476 7
1911 83
1912 54
1714 61
563 48
593 8
1860 21
371 84
1612 74
2099 16
2660 40
1877 15
66 44
2997 3
637 33
1948 77
912 26
2553 20
6 15
720 0
2859 4
404 12
112 34
1454 0
2144 12
1894 85
2597 69
1245 32
1168 25
42 66
1797 26
2306 74
302 15
1108 57
423 83
2832 9
2820 55
1575 33
2163 6
1441 61
212 43
2574 28
158 73
157 86
1990 82
605 30
1123 65
2603 74
933 25
104 48
871 9
1094 87
455 6
241 80
2599 69
1184 18
891 59
141 40
653 26
698 36
2480 4
1664 86
2021 25
2739 30
2257 8
769 3
2326 40
1481 38
2834 53
719 43
2441 88
340 69
878 33
2102 25
2117 43
195 33
1553 71
1696 33
809 66
1232 37
1751 68
1708 40
1836 16
1736 11
2388 48
2018 33
1041 1
35 53
2735 57
1524 25
271 89
2089 40
2195 43
1445 90
193 26
1647 54
1265 33
1345 61
2534 67
331 30
2513 15
1883 23
2862 26
1048 43
1434 9
2385 3
326 15
2630 30
2065 30
2403 11
2713 25
438 3
1282 8
541 59
132 63
1052 10
2804 91
1903 26
1211 71
1928 48
2341 46
884 68
2730 9
60 82
363 74
2825 30
2605 9
2880 79
2681 70
2752 66
2434 55
1200 26
2585 4
552 16
980 3
670 34
978 2
184 19
2704 33
294 59
1962 9
537 27
1661 38
2507 52
1361 16
2892 66
2476 33
2689 0
2662 9
1060 54
1417 61
304 61
1169 26
2499 35
1833 71
1272 44
1562 59
2288 8
1126 69
392 70
842 18
2720 51
1157 10
39 43
943 40
362 32
357 6
92 92
1110 26
2626 55
2286 67
74 7
230 11
1746 44
1512 63
459 9
1496 11
1009 14
2355 55
83 51
1280 15
1829 40
273 63
2177 20
1089 0
693 20
2651 84
913 3
447 15
2616 93
2238 14
1049 3
2489 66
1564 38
603 66
2017 25
1463 36
730 31
1491 26
1742 45
2247 44
2229 64
2967 33
2822 3
853 26
449 10
213 33
893 66
2280 25
1488 33
585 55
1547 62
725 13
1846 16
2726 25
857 40
2957 45
2846 6
1545 19
1517 9
441 68
2297 89
2636 14
1133 27
1839 33
2634 1
408 56
2740 66
889 41
1244 16
1383 30
2295 18
2245 46
973 41
1753 11
2444 10
286 42
1366 72
662 0
1116 83
2931 43
1819 61
750 11
2360 32
1204 54
2806 6
350 30
2687 20
915 63
1851 42
2194 57
1489 49
1289 0
1369 48
2818 16
1785 25
1886 47
2503 59
1866 14
2073 27
1304 45
1832 15
320 50
516 34
1786 48
511 66
801 14
1889 38
2429 46
2106 46
2113 3
1128 10
2038 49
1688 63
1765 6
356 54
1083 71
51 15
2052 80
2426 15
63 89
1707 49
939 0
1916 12
2318 54
2901 30
2915 11
1585 68
616 33
2773 40
1156 30
413 57
1359 28
1938 82
962 11
2483 51
1845 3
591 15
2729 55
1660 54
84 61
742 14
1798 11
1407 36
1635 16
2150 60
1580 27
401 3
1205 8
2243 36
614 38
2246 7
1235 19
1166 26
1201 84
1949 24
246 24
223 27
612 46
2394 21
375 20
2010 48
1137 62
1260 59
1315 6
1546 27
1261 94
1405 9
1387 52
2206 35
2830 40
1433 26
2941 40
1028 95
1404 12
968 26
2946 62
1131 66
2365 29
782 2
823 46
606 14
491 68
290 44
465 10
1436 27
567 19
2598 33
694 16
1741 84
2837 66
2669 2
1329 89
2527 4
2963 37
1697 25
1670 59
2498 54
1676 68
2129 33
909 42
851 63
1946 6
1548 62
1027 2
1044 82
2165 26
2641 96
555 28
1924 84
638 13
1348 44
815 33
2422 69
1062 24
2035 64
2719 10
916 7
1121 0
1511 26
2440 33
2055 15
2076 26
2809 45
1853 30
82 63
2104 55
1644 97
650 15
1792 55
494 46
1543 68
1943 27
107 28
2835 33
2494 52
1456 64
2686 15
1560 71
1730 23
2517 9
2953 12
2122 26
1370 19
1015 30
2905 12
2216 3
169 57
1602 98
59 26
464 11
257 54
1687 16
342 27
1070 25
1045 99
1653 7
2461 39
291 71
1955 35
1098 54
1672 100
1010 66
992 33
1093 3
589 64
29 101
2909 40
2333 16
601 27
2074 44
1478 35
2095 66
1622 45
2501 102
582 37
394 58
710 20
1114 2
766 33
2582 61
632 55
2386 49
689 9
1001 33
2100 66
1100 54
379 55
2690 29
998 48
113 41
1236 9
1158 11
2425 54
2022 47
301 2
1504 56
2197 45
2181 26
1438 66
1749 94
2871 76
2763 73
868 49
1032 7
2145 10
1421 76
1611 97
2470 33
457 82
2124 38
1640 14
2814 11
2680 94
1029 60
574 30
877 55
672 27
216 26
129 26
1867 55
28 27
529 34
196 49
2668 22
793 49
981 103
2899 20
974 104
1711 33
1516 26
2316 55
569 25
1831 46
1505 27
1972 26
109 43
1182 33
738 48
2945 47
1183 33
2133 35
222 28
1312 32
1399 44
854 59
205 19
461 24
821 43
489 105
2469 0
180 40
1993 16
2968 55
2515 37
2742 53
483 14
902 26
2633 66
150 2
1178 48
1569 41
1501 48
487 26
641 20
299 19
751 60
1994 34
2202 54
374 73
2000 27
2005 40
1666 27
508 40
765 28
426 89
2694 79
2666 68
2570 28
1756 6
687 43
2536 26
2572 96
2778 44
886 3
32 49
1228 5
1349 32
1393 21
2950 9
2518 26
1301 18
265 52
240 36
1403 14
1175 6
185 11
1193 15
1744 66
2332 33
1544 21
2928 31
578 46
2192 12
425 33
846 43
2544 35
1047 27
288 87
1318 68
2312 68
199 106
1278 18
1084 55
2590 26
2952 48
1103 44
701 34
1684 28
534 89
479 12
2843 94
1202 59
941 3
1758 15
2879 14
1170 30
1827 43
1704 13
1636 26
917 49
2948 14
1605 59
1820 21
592 8
2716 46
98 34
358 68
1992 54
1124 55
2768 92
2807 7
1748 72
2130 38
62 82
2188 6
2136 33
1712 3
2325 27
1039 59
2377 107
2667 38
2594 33
1709 68
1757 8
1038 14
1490 41
2707 53
2419 3
2762 60
1338 20
2372 36
233 5
681 0
1213 15
2236 71
312 35
1655 10
2492 13
2881 19
2794 4
2589 0
512 26
2917 108
518 102
2723 1
647 54
380 48
690 20
198 54
1021 25
2810 15
2404 64
726 55
2545 69
264 17
1600 22
664 13
2861 68
2886 87
2368 13
2614 102
950 14
1344 59
1189 109
514 6
1500 33
1313 51
2577 52
17 35
2211 3
1624 24
1913 25
918 10
2845 51
1639 33
714 110
2019 45
1822 26
1675 38
1782 11
2876 46
1406 26
1678 28
2187 32
2427 3
908 77
929 35
1073 25
572 32
2002 28
407 52
171 89
2363 12
2537 33
2012 9
2639 111
2473 27
442 11
982 46
1599 37
1503 43
1781 23
2320 9
282 33
1656 91
101 11
2712 22
1973 72
2765 30
409 41
2153 9
403 102
994 55
1880 33
44 112
2954 40
140 48
1649 51
249 26
2604 48
2391 30
2371 3
2994 26
2240 42
1603 14
771 8
562 67
1410 23
1724 55
1876 66
519 15
12 25
2863 68
1058 113
1457 3
41 63
284 74
1188 114
709 12
1371 9
1118 10
760 113
1530 16
206 27
2230 72
2263 21
2688 35
27 87
1589 27
816 103
86 10
2463 14
1508 25
2299 14
1294 115
80 103
876 2
148 48
2259 2
1929 9
1477 10
528 73
2635 116
1458 34
1773 12
566 33
1214 54
1088 4
311 67
2227 37
382 33
2961 49
2875 16
2405 67
1302 20
597 78
1086 87
493 14
579 18
1162 43
1778 66
2495 7
2543 10
2183 0
2152 63
2558 66
2663 27
1607 13
2097 74
2471 44
2508 94
1425 12
1803 76
2191 21
1209 77
2848 3
2487 26
2186 48
921 15
1298 117
1968 27
1532 33
1694 45
1207 118
434 55
2446 18
2484 11
2291 10
1671 40
983 20
2576 43
1061 49
1729 43
1904 79
1225 54
2645 69
207 82
2262 0
1770 22
749 119
2091 79
949 25
928 63
1568 45
1594 45
2618 35
1800 26
21 36
869 46
2714 58
122 4
635 46
200 35
2643 120
704 33
1681 51
1673 117
745 30
1574 7
37 121
305 117
1050 30
522 68
19 39
665 11
1380 16
1590 46
1332 26
47 68
1164 46
1146 27
2013 97
2672 43
2642 44
486 16
2342 8
2315 25
2900 0
2436 9
523 26
2709 55
1095 14
2200 28
2923 15
2032 67
2897 37
1199 26
2132 42
2504 26
1198 6
1947 40
2782 43
2382 50
2784 0
1848 64
505 120
2030 35
2237 33
1224 15
2644 35
543 87
2732 66
2867 28
538 66
2086 43
2579 12
1556 66
753 27
244 63
2250 12
2540 33
2161 38
2120 35
1960 76
2884 20
1669 12
289 8
894 22
2916 46
2045 11
3 1
2083 34
568 71
1068 71
400 49
181 63
147 12
630 16
761 29
402 38
414 14
1105 68
860 33
607 49
173 20
668 3
2054 26
228 66
2119 102
476 64
1513 32
488 90
2028 13
643 67
576 54
2793 37
1970 24
2940 66
1005 9
204 31
412 0
259 40
2803 68
1626 94
792 73
531 122
2607 15
2514 46
2430 70
1801 59
2524 59
966 8
2340 27
834 87
2960 12
1586 123
551 21
2279 30
1578 48
1337 25
2693 38
2460 9
804 2
1727 46
1987 63
2115 75
388 9
1932 33
1396 51
1390 9
2696 36
2827 68
2384 9
2140 59
2433 43
2677 55
2285 36
2408 4
1352 40
1368 26
703 47
1297 4
780 26
676 38
422 31
2255 84
2467 66
2632 16
2014 13
611 83
38 8
475 77
2684 71
2151 45
1465 66
1921 82
1885 4
634 10
145 43
2718 20
2850 11
2401 60
1844 8
383 48
1074 59
2989 63
2992 47
1140 12
1809 40
2414 11
2592 33
1151 12
770 15
298 55
2588 54
1259 124
1442 34
1134 33
5 55
2972 119
1840 66
1180 19
1143 9
102 28
2047 19
1092 27
610 26
1461 42
1310 28
1155 34
732 7
1374 74
735 27
2011 55
468 58
1381 30
1016 3
1628 68
1080 4
1735 8
1111 32
2077 54
2199 30
2802 9
671 27
2511 23
1222 38
1606 29
1959 10
1780 33
757 5
702 125
285 61
116 55
2549 3
2796 93
2700 20
2380 51
1497 35
266 43
1910 55
194 21
2317 38
2442 9
783 41
1127 49
2300 26
734 42
2977 59
712 33
947 66
2044 48
812 18
628 126
2828 94
2379 9
123 63
2458 33
2252 33
2218 31
2628 11
1411 91
1645 41
1621 26
1957 35
106 62
182 28
2009 26
875 46
1256 49
2738 44
1283 33
1378 127
867 46
1549 6
2849 3
2336 36
907 12
1415 66
680 71
2491 128
1154 10
960 68
2710 43
2745 43
2609 55
2182 48
2852 89
964 26
2265 8
272 3
100 69
170 92
1692 8
2331 60
1054 74
1328 13
669 94
510 128
2349 66
248 26
746 49
700 117
428 35
1814 12
154 55
2114 129
2004 21
11 60
2991 40
826 59
1364 37
808 14
977 83
1775 89
341 61
2920 33
830 42
2142 36
2094 92
2411 29
963 68
1258 67
844 37
2424 26
421 40
499 66
417 26
621 55
2174 23
1808 42
361 10
1014 66
2008 20
1522 37
2410 21
2345 130
469 14
1539 53
138 42
2551 11
1466 26
2271 71
841 9
1699 25
1075 55
1541 44
692 88
2346 56
1291 89
1492 15
225 62
2659 36
2376 21
2975 27
1459 45
996 69
2759 62
1891 131
1658 66
2053 73
81 59
1176 34
34 15
1356 22
1064 30
1241 87
2264 31
1616 40
1000 63
1864 26
1971 29
805 9
135 132
325 36
2621 33
880 6
914 25
1113 25
2583 10
1408 6
2792 84
1453 33
2847 48
2190 13
1648 75
2416 83
1346 30
864 26
24 43
149 14
1646 118
1892 1
2969 68
1416 94
2170 4
931 87
2146 7
280 71
2833 6
77 73
1358 123
2646 15
2555 119
2640 66
2108 20
2103 33
1732 34
2321 71
547 21
2063 11
501 67
2587 2
2096 14
506 40
2750 94
2281 45
2270 30
2435 12
1737 45
958 89
2400 74
166 35
1450 2
202 14
1796 131
239 59
1051 52
986 93
553 26
2217 7
2454 22
2159 40
1979 14
990 100
2907 67
1196 1
1281 29
1400 33
624 18
49 77
1788 40
2464 31
2983 116
2829 56
2703 27
2573 23
115 59
1768 36
1379 10
791 72
2874 24
1935 36
897 92
1097 117
2328 44
1194 65
221 43
515 40
151 56
1432 28
716 20
1484 63
2815 27
1129 0
1967 28
1779 45
1096 78
954 25
863 45
1747 2
2860 93
2387 129
1898 35
189 74
1738 33
924 10
1776 133
2903 41
2213 10
2727 15
1055 124
2701 41
2831 13
1956 87
269 35
309 73
2164 40
1942 9
2751 14
1243 51
1925 38
2116 4
1091 77
822 84
2913 24
108 43
2350 9
2955 36
1414 63
1257 20
2292 11
1365 8
2761 26
458 45
1276 26
759 68
707 8
2743 60
1295 76
93 28
817 34
2872 21
856 9
870 3
1026 40
143 134
2066 30
1483 30
1474 115
163 33
2344 73
862 33
2407 58
617 99
1674 6
1428 16
2134 10
1451 40
1945 56
1810 9
571 24
711 26
2248 48
932 48
328 102
2926 46
580 14
1402 53
1579 50
858 26
1534 43
926 67
2728 34
1002 59
952 74
2554 76
245 44
322 36
788 14
855 48
1807 41
2824 3
1132 48
1452 20
2081 33
2415 48
2842 9
1125 38
882 90
2882 17
1212 6
1632 45
1817 3
1031 15
2472 12
885 15
1319 73
2873 115
520 71
57 63
1152 52
845 55
2505 22
1914 82
772 40
256 49
1354 56
236 46
2571 59
1841 25
2665 66
344 15
339 32
697 10
991 13
1429 6
2329 135
2148 59
316 34
1976 101
1145 33
1326 35
208 59
1443 51
2902 59
1067 45
594 40
1652 13
657 43
1382 36
1035 30
1554 14
2973 55
2373 116
2001 63
2118 34
906 28
797 19
1944 10
179 16
1007 9
536 18
1444 33
609 102
1791 30
2 12
336 47
2352 121
2046 102
1641 40
1772 2
1423 16
1197 73
649 48
560 35
2497 69
1003 14
1920 100
188 48
2836 58
232 12
1311 37
2438 40
1613 102
775 34
1273 26
800 6
2215 0
2337 86
1625 82
756 23
1717 26
2176 16
1250 54
615 27
2189 54
2671 43
2251 70
1902 27
387 30
187 128
1834 26
2854 10
1339 102
1514 68
2877 9
262 15
1680 40
905 67
2254 59
253 48
2253 40
1659 7
679 27
75 40
599 136
1726 27
317 16
938 73
1469 4
1455 36
1148 49
1980 55
1307 15
2048 55
2080 6
2037 66
2978 7
2173 23
636 40
1117 8
1268 30
1286 23
1473 7
2658 89
2034 33
1210 26
2528 6
744 11
2623 40
287 18
956 10
153 10
2995 96
2168 26
762 36
478 0
985 33
2056 64
1812 90
263 46
1082 4
430 24
250 40
2958 38
2801 10
20 119
2510 10
2786 58
659 51
2965 100
2040 89
807 38
1510 89
2301 15
922 25
819 28
2652 26
343 137
354 59
521 62
2866 54
16 79
3000 20
843 54
565 30
2175 71
2982 7
52 73
2381 74
2068 15
2819 138
2697 4
1595 64
1906 48
395 28
2087 35
832 79
448 7
1324 4
972 20
2201 15
2521 14
1856 10
43 87
2777 11
1388 20
2736 59
1384 9
1377 43
2520 117
431 15
76 127
1252 86
639 71
2420 3
1922 139
156 43
1873 36
1177 45
353 35
2581 74
2698 34
1372 91
1868 54
2542 40
695 121
2981 35
814 74
1498 52
2277 76
1794 56
120 14
2650 63
1939 102
159 37
747 92
190 62
2339 82
2298 35
957 26
852 51
2338 96
2734 28
2565 82
2121 77
1226 7
2314 25
2566 63
1843 51
2158 59
1915 15
65 79
850 52
2180 6
2893 86
1802 140
2207 46
741 46
2753 12
524 0
955 2
2675 23
2224 30
1617 48
1215 71
2450 12
2139 87
1419 55
1385 36
2242 140
887 26
1331 48
840 141
1239 61
1821 69
2885 38
588 30
64 43
297 38
2235 49
2939 13
1099 4
2721 39
1122 46
1308 86
678 142
1022 11
1321 23
2798 82
2691 3
451 46
811 49
2268 39
2156 94
443 33
1555 40
164 10
1563 12
2308 68
1771 143
2591 74
1422 59
2208 53
1761 55
2412 3
1220 13
2409 82
1072 42
2445 127
133 69
1572 95
2799 43
1609 45
1355 3
144 11
1163 11
2223 54
2840 66
303 14
2601 68
2812 27
381 1
2481 36
802 31
315 40
2811 27
360 38
1537 72
255 48
2079 78
847 73
721 89
1279 70
920 49
2564 59
613 30
1018 144
2209 14
1638 64
1691 20
1754 9
688 74
8 20
584 6
1878 9
117 62
2304 21
1334 32
2795 48
979 140
1571 128
961 115
1263 145
872 135
79 14
1764 66
2575 24
1389 67
1141 0
324 3
1683 28
1464 6
549 65
925 49
174 16
548 33
736 40
1583 48
2951 79
437 54
2767 30
2541 17
1690 3
2138 30
2889 30
1248 41
238 31
2756 13
748 10
96 46
2522 6
46 66
728 30
2725 48
2007 28
2919 62
898 56
953 51
818 68
191 102
1752 22
1019 82
1705 51
1940 68
2273 64
1437 33
763 0
503 16
2455 6
586 82
2757 73
2682 26
424 28
2058 67
2934 68
2171 49
2649 135
2353 84
1267 15
2908 67
2006 66
2769 84
1475 7
1871 14
540 73
1285 46
946 38
575 3
119 0
787 94
1227 38
2789 55
110 110
2477 10
784 55
1952 110
2578 64
2717 9
1119 14
2258 66
215 18
779 43
1551 28
310 66
1161 29
2533 22
219 49
429 146
2622 9
713 31
2141 9
2284 58
9 48
2906 30
1662 110
1221 18
2179 55
596 15
2857 72
1472 28
2296 54
2226 40
517 11
1588 50
2016 147
2449 36
1663 28
1874 55
1217 55
1806 96
1333 34
675 89
820 3
432 0
2746 7
1069 55
1774 62
314 13
2303 27
2737 72
61 19
1963 33
683 66
1908 140
2766 74
1153 6
890 40
945 28
2057 54
1336 3
1862 9
645 71
1887 70
527 50
507 63
1231 60
2927 68
717 40
2024 37
1842 20
1017 73
1969 42
55 77
50 35
767 8
2475 89
2157 72
810 30
2071 89
377 49
737 70
2580 55
595 26
349 115
94 88
1249 27
2788 87
2883 0
2567 140
2375 38
2509 62
1682 28
2962 28
136 54
2465 86
936 29
1715 37
2988 55
778 38
1135 8
1679 72
1665 35
708 17
561 6
654 24
1271 72
2808 11
418 49
1879 27
987 37
2538 116
131 37
848 51
1150 27
25 69
1805 66
1890 69
1528 30
2204 12
2276 35
1023 68
873 6
1567 11
226 40
2023 24
1470 36
1462 27
1057 48
2432 27
2670 111
2228 30
948 21
1909 35
2059 25
355 66
68 29
1698 26
722 25
146 27
416 29
1531 6
2949 3
172 36
727 33
1896 7
56 138
139 36
2244 14
450 49
1998 49
989 22
970 36
137 135
1897 66
175 17
1966 52
386 71
1725 12
2741 16
445 42
1102 30
2781 16
1828 55
2922 26
1884 30
1290 27
1582 148
90 55
2451 10
1306 61
2101 13
2049 71
2178 25
1030 68
1330 27
40 18
1013 83
944 33
666 6
2327 59
453 11
781 62
2987 89
1149 33
178 74
2185 44
337 102
1919 49
2167 87
2979 24
1557 14
2890 54
1601 72
1642 12
352 149
625 86
2241 62
2519 9
2478 14
1552 49
2184 10
2561 43
2090 68
724 83
699 38
359 32
2868 6
1322 44
1614 55
2980 44
2563 12
1526 55
619 66
466 27
1435 41
2733 56
1420 9
2496 30
1703 49
2128 61
1988 82
492 33
2869 0
1766 43
2474 26
2459 38
1789 128
2938 150
1482 79
2657 32
1136 138
1936 72
2378 151
1581 34
480 48
2266 15
103 48
1479 13
743 109
2775 3
54 66
988 84
2619 48
69 144
718 54
1101 44
334 8
2417 152
1392 34
1240 8
785 63
1174 11
1159 64
1316 48
1138 12
128 153
1584 94
1975 26
1262 28
2695 55
1107 50
951 26
2123 51
1130 87
2898 62
1559 40
462 36
640 49
758 13
2637 154
930 59
231 42
1320 74
556 77
544 55
2547 30
2488 91
2399 51
2486 3
99 72
1431 58
1251 1
1888 10
1900 25
1006 66
1471 46
2061 90
2310 119
295 56
2402 40
2674 0
2790 3
2354 7
160 55
1237 43
651 15
910 59
2816 12
2620 0
1558 155
321 33
15 40
976 45
2456 112
1447 110
463 68
2944 13
1693 79
1720 25
644 31
620 34
652 25
254 86
1882 72
874 30
467 40
754 38
2611 7
942 0
883 72
292 66
234 20
2943 34
1305 33
1767 156
1519 24
2272 99
2841 7
2098 40
2418 13
2026 63
1486 34
1242 72
535 79
526 55
1426 18
1081 20
2685 27
590 54
674 96
2678 2
2155 10
1347 10
1376 77
836 72
252 3
667 43
2210 30
1872 141
391 92
1468 7
2548 54
1363 21
795 10
1985 49
1934 11
2105 55
682 87
1206 43
1078 3
2895 95
2395 157
152 30
1525 43
2771 6
828 19
1255 43
525 30
1266 30
2070 59
406 22
258 6
2838 34
2437 110
186 57
2092 48
474 42
813 71
2389 32
1167 30
365 24
2936 26
1859 26
1351 63
2364 40
330 22
513 138
663 125
346 55
1604 51
833 54
684 73
2629 71
1677 18
2947 40
773 46
67 62
1951 4
2706 55
1716 3
2421 35
235 1
646 33
2466 66
2348 25
1667 56
1823 110
2078 25
1139 49
542 72
1314 79
2896 45
201 158
1964 63
1296 4
2362 74
307 11
1309 54
130 68
396 103
2864 43
1930 89
327 43
192 106
723 10
1855 46
308 60
1065 141
1398 19
496 159
385 91
583 26
398 140
2933 27
1630 54
162 38
1335 25
2724 33
1104 16
937 30
1040 66
1367 54
1275 102
2749 9
1927 40
1950 86
2069 47
570 7
1160 54
1561 39
1592 79
1881 26
2530 36
2082 102
48 9
30 110
1596 34
1926 66
502 11
1847 6
2502 59
2755 59
1186 36
1269 9
2559 59
1857 11
1863 15
1795 24
2648 38
2550 15
433 100
2302 48
997 160
2855 30
2791 6
367 161
1077 50
1079 68
261 73
2347 102
557 16
2067 13
573 25
2912 33
2274 30
600 33
2661 48
2042 22
420 43
2137 43
1303 60
1247 61
1233 34
1449 19
2267 30
2356 100
2205 72
1813 16
2220 46
1467 46
276 20
706 72
2335 13
454 68
114 4
72 44
2029 30
2131 9
2935 143
2064 25
1826 43
2584 48
2290 49
919 15
452 38
2624 3
2453 56
1515 3
2393 6
1566 88
740 43
2413 48
1654 61
105 26
1858 150
2821 26
2887 43
2722 12
242 116
2479 159
1989 52
1570 24
1620 77
97 15
2516 13
1191 71
85 3
1719 10
10 24
879 12
1340 15
774 83
1386 88
277 25
1409 7
1593 48
1373 162
89 38
91 12
281 63
1907 48
1485 4
1824 49
1325 10
1427 157
993 48
366 49
2072 48
677 55
2027 54
999 10
1190 10
2359 20
1760 29
2289 67
1343 26
95 26
1287 86
2147 9
168 20
497 72
1750 118
2324 1
715 69
1540 33
332 66
220 52
2482 26
2937 27
2772 163
2535 14
1538 16
532 37
1865 43
2797 66
2309 68
1981 54
306 74
1650 55
197 158
1165 6
1619 11
1147 9
495 92
111 68
1109 12
1270 9
2562 38
370 28
794 40
927 12
2322 11
1816 16
397 9
1179 29
1216 43
798 70
1299 33
1063 1
419 61
376 61
2512 68
471 70
1542 55
2608 33
2351 83
2631 72
2990 46
1762 86
799 89
2060 34
1487 164
539 29
2676 10
2330 87
984 93
481 27
1480 130
224 6
673 102
1394 20
2985 54
995 6
581 44
1046 46
78 18
2596 65
2996 95
1759 77
827 33
126 54
1253 59
1961 37
2770 12
1597 82
577 128
1576 36
622 35
768 100
1230 66
1341 26
660 49
2853 27
2888 127
1518 165
2758 10
2974 33
2785 138
260 54
283 51
2683 62
1615 33
1185 38
1974 9
2523 74
456 6
2369 32
435 88
300 95
1763 42
2485 14
2865 2
1933 20
439 33
2374 30
2025 55
2452 11
2613 1
1627 113
293 20
1838 59
279 3
656 26
1059 75
733 71
554 54
2143 45
2914 79
1901 43
2294 10
1192 22
1527 63
1996 75
1357 26
1695 10
776 26
427 26
1787 27
1187 49
2198 10
2275 66
866 166
1710 72
1793 87
1246 58
901 66
2748 89
1529 68
602 72
1292 59
218 29
2269 7
214 6
36 54
2443 72
368 25
13 74
477 84
1721 34
2283 25
2744 30
1085 28
2904 167
1633 33
14 26
2112 79
2783 74
1024 127
965 28
608 34
2062 56
436 99
18 9
2813 59
1783 44
1804 6
2397 74
2256 9
1115 40
2390 68
1954 59
345 76
2844 30
2600 38
2647 26
1718 73
33 26
373 30
658 8
2221 37
1087 26
2457 27
2929 13
2249 24
1317 11
861 56
1608 22
45 20
1535 71
2878 42
2971 59
490 57
504 0
2261 90
134 25
2109 132
691 168
2075 71
2149 60
975 66
2999 67
777 27
789 2
2569 6
364 21
2358 10
796 71
1937 38
1629 31
1277 6
2593 27
940 33
1506 94
2490 33
648 26
1004 169
2525 13
2111 64
1173 51
484 4
1811 40
53 78
243 55
2084 4
1986 92
1203 11
739 16
2169 54
1300 26
1020 102
2093 69
837 49
2125 106
1745 66
369 96
268 24
729 51
2493 46
2552 151
1520 2
1034 43
1713 94
2334 91
296 26
1849 67
626 33
278 26
498 33
485 35
1521 28
183 136
971 30
1852 14
2225 170
685 0
1769 47
2976 59
2085 27
1181 55
2051 13
755 16
509 152
2546 10
2357 54
1982 27
1439 33
1446 103
142 76
865 54
2232 16
2323 83
1011 13
849 10
2560 119
2780 71
1995 59
888 30
118 71
2162 26
546 66
1790 11
2214 84
1977 46
2233 36
1984 14
1397 36
275 124
705 1
1025 102
1591 33
1565 69
1743 45
384 54
1430 15
2610 26
2911 43
1830 140
177 25
1360 16
2428 54
2568 69
831 110
2556 10
1643 11
2462 20
1634 43
623 68
2921 11
859 68
642 47
2307 17
835 51
2711 69
1499 62
338 13
2447 69
1448 64
2654 21
1965 37
1685 63
2529 54
1144 26
2966 16
1706 140
2924 48
1739 73
2708 89
790 138
2305 48
969 105
1668 7
1689 94
1899 3
