0 1.9388084411621094
1958 0
2088 1
1395 2
1521 3
1099 4
394 5
29 6
100 7
352 8
2021 9
1353 10
1145 11
2856 12
1226 4
298 13
1786 14
127 15
2758 16
1597 17
2028 18
2997 19
682 20
46 21
1437 22
2748 23
302 7
2649 24
1608 5
637 25
548 19
1266 26
1271 27
679 28
2613 0
2157 29
706 30
1509 12
111 31
2354 32
2178 7
2049 23
283 33
1101 16
561 34
564 35
578 14
1820 36
1951 5
1560 18
300 37
1923 35
1066 38
2039 39
535 11
2924 14
2766 40
2227 20
274 20
395 3
193 41
99 29
1202 39
2631 27
2246 32
1229 5
541 42
2389 15
42 43
956 22
2329 10
2621 11
1136 34
1598 28
206 14
2260 23
4 22
621 44
536 3
2361 45
1491 41
293 29
928 21
2301 43
1661 10
433 46
749 47
608 38
614 10
789 12
1989 2
784 48
1793 19
2030 10
2472 49
797 10
2186 14
1673 49
714 43
2213 16
1966 2
528 50
1637 1
51 40
2816 49
292 21
1431 45
221 4
1824 51
2460 43
1552 51
2161 52
2546 16
2767 32
2964 16
1154 16
814 29
1947 53
1590 52
2699 54
2673 50
2365 19
5 55
726 48
2456 56
1948 57
2681 7
7 38
1105 12
1293 57
2710 35
1630 58
2849 19
526 32
1927 53
912 41
2097 59
1855 12
774 54
590 58
903 17
2600 17
1968 14
2930 7
1684 60
2704 25
1847 34
2583 16
1662 1
307 60
517 10
1614 55
1587 18
3000 52
2572 34
41 2
367 3
1652 61
589 39
11 62
2687 30
1239 2
2337 60
2689 52
2342 46
2338 19
2657 43
1827 35
2947 53
1376 57
2797 43
1219 4
1127 51
1987 2
322 0
2923 63
1407 0
1563 64
397 65
1434 65
2146 22
2191 55
772 53
1242 27
2739 39
2770 64
1146 14
1656 50
1754 26
112 66
1698 41
2668 5
2535 50
2692 67
1525 35
331 26
2697 68
256 51
158 65
319 25
631 69
2207 33
315 53
1826 35
2960 49
1545 70
855 14
2016 31
2398 22
347 19
599 3
856 49
443 19
2333 1
2001 30
2848 71
1534 4
762 0
2012 18
2901 32
1358 67
1638 39
1078 19
1991 72
966 73
2276 67
2195 39
587 73
66 57
937 26
2485 50
731 1
1235 10
1132 14
1472 60
2317 17
757 72
2027 58
2250 20
2515 20
2256 26
2953 45
1594 16
1609 1
2052 71
798 7
1269 30
1774 4
249 41
108 35
2419 16
2750 70
2129 25
1901 4
2891 42
2763 74
1505 18
2318 58
1393 61
228 21
2602 49
2037 21
2684 24
976 3
886 19
2596 21
225 68
917 51
2183 67
2403 10
2625 73
1675 10
2238 72
2046 37
1527 2
2287 46
488 25
2783 18
1733 18
1326 60
1768 0
2778 16
2035 29
2628 10
2804 50
2253 53
559 51
1696 25
2426 33
1653 22
1454 67
2455 34
2677 44
1065 71
2616 32
1261 70
1992 58
871 25
231 42
18 65
2552 55
1574 22
955 12
1072 15
2527 36
305 34
1702 39
791 27
2610 41
1929 30
1256 51
2779 9
665 10
219 51
188 14
2961 51
2990 50
2066 26
1932 25
1538 14
601 28
2617 75
930 42
2210 26
1166 41
2768 29
2357 32
522 31
304 2
2067 76
758 61
2170 5
261 74
2299 50
1952 27
2497 77
368 7
2071 63
1643 10
1679 27
2189 58
988 78
2427 25
1081 30
910 42
1164 33
2033 56
1302 52
383 14
1769 40
611 6
1381 39
2281 1
2107 19
1172 28
2998 3
82 33
152 39
2429 50
962 10
2785 79
202 80
1306 24
672 28
2023 81
55 57
439 19
2438 53
2391 22
1422 41
1537 27
166 3
2502 42
1129 72
1005 50
2839 42
2029 39
914 9
482 41
500 53
1797 41
919 43
1903 41
1194 82
2962 60
2151 3
162 10
2926 33
813 23
1238 21
2733 66
1405 76
76 55
1163 10
2075 83
2794 68
1488 19
2703 28
1398 10
2025 32
1777 32
2288 11
2983 9
1876 71
1834 41
1909 67
2705 30
404 49
232 49
1334 15
2332 25
1042 74
1448 72
2590 41
1914 17
606 56
1249 28
2821 41
2445 28
1143 3
2441 23
2922 41
204 47
785 30
2373 84
14 41
2208 85
2905 32
676 10
2885 10
2603 40
465 16
775 14
1935 71
496 86
803 14
170 29
2449 0
2169 58
959 84
2965 46
446 65
1457 19
2002 60
1423 5
896 64
429 67
2658 43
1735 73
196 51
2556 16
547 87
1828 55
2897 36
1585 84
1567 57
2549 19
2746 22
88 55
633 68
1959 16
583 41
257 58
1090 33
1814 49
1411 50
48 65
1651 2
1530 30
1248 78
1503 5
59 41
2731 21
2683 42
73 4
1811 53
474 15
2577 2
1382 0
124 25
1217 3
881 73
1336 19
2399 33
1148 51
1354 66
336 9
1495 61
2230 5
1917 27
2486 19
181 45
1451 53
2543 35
617 88
121 39
109 35
2790 19
1962 65
1579 34
1704 89
750 10
684 74
1724 32
2545 35
172 0
103 14
2458 25
773 50
2232 1
416 14
491 80
1165 34
1141 67
2769 20
1329 23
1378 55
1399 16
1612 40
1400 19
830 25
1308 90
1352 53
1602 39
2728 66
182 60
1681 33
1688 2
178 40
694 1
2400 40
2678 12
1012 57
1916 64
286 42
899 57
894 5
2086 29
2913 81
1851 42
701 14
1455 0
1404 49
1187 51
2235 51
1224 5
2096 50
2608 25
2083 14
1919 51
2175 18
2915 57
1142 30
2630 26
2966 1
2372 60
276 30
1297 68
2171 51
1562 42
1843 33
1408 27
1645 78
1971 19
1593 14
1370 76
1323 36
1605 42
867 50
946 10
1300 41
980 25
1856 16
222 60
1994 33
922 39
1433 15
1074 33
1895 34
2393 34
138 71
2578 91
1364 36
2831 5
2504 41
1029 62
603 21
2701 92
837 51
1837 21
1001 25
1818 58
2100 21
2184 16
1040 21
440 13
2496 26
95 61
2743 62
2000 24
1179 19
269 67
33 41
200 24
1489 51
229 26
1139 51
1610 93
303 56
1550 76
1938 63
2665 21
135 11
2799 35
809 43
680 23
1957 70
841 3
481 18
2379 65
1708 53
2749 65
2544 67
689 65
1604 83
686 4
1436 94
288 75
703 39
502 10
120 95
365 81
2435 49
558 36
1317 10
562 96
2143 48
1152 2
1556 97
1978 50
2599 98
2229 29
2280 18
2307 99
667 35
2793 55
725 28
574 26
2806 27
1121 58
234 30
907 45
342 28
1189 27
83 33
2777 10
189 40
1672 1
550 5
805 52
2397 40
2553 4
2203 49
2792 67
544 44
478 67
2304 55
817 14
2753 49
398 39
935 1
655 28
2269 89
708 99
1010 21
2018 25
251 72
974 61
1225 58
786 100
281 2
2857 2
1478 3
2974 25
792 100
2346 66
778 10
675 23
1790 10
1218 41
938 74
430 81
1013 54
1654 2
1711 25
556 57
187 49
167 56
995 34
1237 35
477 78
1027 12
1761 32
1808 9
57 33
209 23
2511 81
2380 18
2506 64
1498 2
426 43
2645 7
1559 53
242 19
2757 74
1570 81
570 22
1267 50
2194 50
2247 16
2048 32
2881 70
2532 101
1174 10
2283 28
1557 50
1178 14
2619 14
2654 55
1930 43
651 43
2634 0
1518 63
1017 56
1501 14
1460 18
1231 55
560 24
1409 39
1974 3
738 14
2564 42
1745 43
1295 40
826 42
624 100
220 2
258 34
1282 38
2775 19
926 96
217 54
511 43
2367 41
1588 48
593 56
493 83
332 21
2829 5
2216 19
415 22
2132 71
1045 23
1908 14
645 23
1823 101
1039 42
1508 7
2271 28
639 18
944 25
2615 98
2585 36
195 25
575 19
2362 40
818 80
958 64
2765 26
2711 7
897 0
2772 18
840 71
1396 33
1862 3
636 53
721 43
255 14
2118 33
2005 53
1731 67
192 15
1773 49
1484 2
2989 2
1206 35
1819 40
2951 31
2862 60
1504 66
1420 65
453 10
1418 12
197 102
2918 37
2457 41
534 46
878 25
1037 67
460 23
487 74
1892 29
681 67
2453 66
419 2
1350 51
877 32
1650 3
1900 7
2330 75
1709 31
2105 32
454 31
1414 2
2876 33
580 50
125 28
1898 101
339 15
1416 61
2858 10
90 44
447 31
2106 14
1893 2
1150 18
1925 17
1848 71
1918 15
997 18
734 42
628 17
2609 32
2512 31
1939 17
1240 56
330 102
1428 1
1469 57
2388 14
1578 14
2626 32
545 22
2693 47
2614 17
369 25
2642 57
2802 65
1222 17
2396 42
2991 53
994 44
458 24
2402 53
1337 7
1443 33
737 103
1564 0
2601 80
2061 25
2986 27
736 104
1442 66
933 7
1021 9
1993 1
661 15
1033 18
423 34
2450 49
2805 29
1061 27
1044 63
289 56
471 103
2326 53
2174 69
1088 57
1907 105
1912 37
2877 65
227 0
761 19
577 71
92 0
515 53
2364 53
271 64
518 13
2384 26
2202 58
1046 50
2718 39
2836 45
2914 31
960 84
1388 4
2482 15
769 19
2371 19
2520 87
1860 34
1228 57
985 25
1813 1
1402 46
2295 65
2871 106
847 27
1961 55
2900 67
1160 40
1806 25
469 15
2940 21
969 64
1197 107
1792 32
1967 60
341 3
2298 24
2315 7
900 65
1069 60
1186 0
1343 41
1576 0
693 9
588 86
2254 42
131 55
2423 14
1397 0
554 58
2323 54
656 41
445 42
2650 2
1483 26
94 32
1157 16
768 81
1386 23
2937 28
134 7
2931 35
1051 2
1721 79
2854 16
1566 27
859 80
552 1
1543 3
2376 55
2302 14
1490 92
609 12
349 77
2297 23
1700 39
1622 3
613 32
2488 50
1833 14
1717 34
710 30
573 9
2869 108
744 10
704 25
925 51
183 58
2788 75
243 32
2807 10
371 40
2076 41
441 84
654 81
2709 32
709 15
1383 32
24 35
2141 26
1118 16
934 25
858 14
1227 10
509 107
1003 50
2274 32
2723 79
2300 41
2470 25
2909 53
2999 96
2392 51
2131 3
1782 10
2009 41
2032 33
765 60
1669 49
486 1
237 67
1211 18
2349 43
1071 36
713 75
2461 53
646 25
2932 101
2906 26
1458 72
1692 85
616 19
671 61
2671 35
2791 27
2185 16
901 21
2789 44
986 109
2110 42
1392 66
2969 110
207 72
2313 4
31 20
259 30
1265 25
174 1
1283 19
1292 42
860 25
1170 18
1618 68
444 53
2698 66
808 15
1180 15
1016 60
2774 44
494 14
1195 66
1931 50
1857 10
2410 55
1467 50
1216 4
1309 58
973 78
1766 4
442 10
1659 21
1444 25
690 30
764 60
1272 3
2522 34
2444 24
1133 28
17 24
1232 20
1439 25
1660 58
2069 15
1247 2
1906 14
2257 61
2934 111
1115 53
615 28
2125 40
422 47
1788 53
918 16
586 17
1144 84
2663 61
2745 35
77 112
191 12
1234 26
2165 102
2007 60
1345 2
2167 13
1549 34
2 49
640 51
376 2
1697 7
2479 3
1936 27
2478 50
746 51
2666 60
643 33
190 68
2109 11
2309 31
12 7
354 42
2622 65
2529 58
1360 1
201 113
1611 104
1686 76
2667 10
448 32
2014 61
1934 10
1514 84
1988 13
882 114
1190 16
1059 13
1762 54
2980 16
116 44
1385 0
1926 24
1867 55
407 2
2995 25
1366 27
1028 3
2840 21
2102 10
1945 13
1502 56
2889 26
1625 72
2464 47
2316 44
1933 30
326 43
941 19
1298 115
2643 28
1095 80
2471 67
1805 79
853 41
1920 106
1103 2
779 35
1130 75
2725 50
2569 34
2089 53
141 53
2239 56
1749 99
390 13
821 22
2612 0
698 0
2846 34
1209 57
485 67
1137 68
1736 10
2036 63
1331 14
2985 58
2439 14
2344 116
1606 19
25 7
1356 5
102 60
629 37
1730 73
993 14
2719 16
2407 45
9 14
1067 3
364 58
2887 35
1014 66
401 19
2197 24
2865 12
2054 41
39 35
2112 31
865 58
346 44
2115 72
386 18
2868 34
788 50
208 42
1054 24
2101 61
1737 3
1335 9
49 57
2019 3
670 14
1689 117
2623 53
1829 53
2164 53
294 26
2707 109
895 24
2513 14
2103 25
984 32
1113 7
632 52
1547 68
213 25
2063 118
1781 69
2459 17
2214 40
1676 3
1476 89
2160 104
1832 63
1809 53
1924 78
224 34
2641 34
524 67
230 10
2124 62
2159 53
2744 26
2781 1
1714 45
2251 13
584 34
2547 32
1124 48
829 56
2038 51
2010 14
2982 22
822 78
1250 9
1205 56
1779 21
1727 50
399 92
2140 27
2782 4
892 1
748 16
1464 34
1897 43
38 73
2912 25
1510 64
1849 33
2237 25
1649 33
2566 2
373 39
1162 25
2311 51
2700 30
1738 25
2065 26
2385 19
1288 58
1092 18
1147 26
295 66
1743 109
978 12
260 39
159 20
1153 27
971 32
2796 109
2662 65
1671 53
846 50
2286 33
2819 34
1540 25
2116 71
2837 43
2079 80
2044 14
2163 119
514 34
68 9
538 21
1706 14
1852 56
2917 120
310 21
801 106
2508 80
2911 35
1084 44
2533 1
126 71
69 121
1535 18
1245 71
1760 19
150 12
1755 16
2180 27
2646 8
1387 2
1864 41
921 13
2780 18
2431 61
437 58
2218 47
2568 49
852 33
673 122
61 123
2853 61
265 2
2713 10
1324 36
457 17
597 80
2047 10
983 30
2716 14
210 112
1767 124
2929 61
203 19
348 42
1871 95
1785 9
1085 60
2352 3
1110 41
702 64
1541 16
1838 42
635 33
1449 98
835 33
1674 34
268 81
1858 125
2494 2
2147 65
2640 21
810 26
1123 126
1646 70
2861 31
1207 82
2156 70
982 14
1035 32
2558 21
1771 127
52 74
306 30
1647 96
1555 53
1954 39
1038 83
727 25
370 120
2648 17
1221 100
2413 14
1363 55
105 41
1678 40
1286 81
2452 10
1720 7
1728 128
576 58
1497 24
1996 129
1995 42
2127 34
2375 47
1580 3
1355 16
1685 30
1094 75
1874 41
1158 10
1403 56
1109 45
2987 106
1726 28
1116 44
436 130
1815 76
1499 42
2353 40
2467 43
2495 22
1036 83
211 98
54 21
780 61
2587 12
387 24
2422 1
2992 13
147 45
499 43
620 33
996 7
1795 81
1861 12
794 53
510 131
2137 4
1854 9
168 30
1883 69
1607 61
1866 27
2655 21
1453 25
1759 104
2882 95
759 120
2114 3
2727 128
2057 58
2952 14
2498 58
662 63
2561 5
2605 77
2152 30
2686 128
1294 14
663 132
2523 40
530 37
1273 41
1946 34
60 133
949 7
1648 27
1682 60
282 25
1184 100
2988 44
2606 17
2244 27
2205 27
1536 32
2176 5
2825 32
2822 19
1327 69
1571 71
2484 10
854 60
1904 31
1277 27
1284 67
519 43
1526 10
806 38
2680 70
2637 98
711 41
1722 78
50 29
644 48
1007 44
802 72
2133 24
2055 50
1311 20
1791 22
850 101
425 19
417 41
1 51
1482 31
1410 69
2773 53
1830 0
1270 65
177 7
2404 40
1565 44
513 34
537 61
1287 0
920 51
1463 0
362 71
2243 0
1140 49
1655 16
1658 43
337 17
767 56
1349 72
435 23
1863 43
1055 134
1533 42
2660 53
2720 36
2759 135
408 66
1263 61
2541 107
2872 55
2898 45
1318 100
1330 72
2437 132
381 79
1553 18
2113 19
2580 32
1956 75
2358 16
579 20
479 45
1748 136
2308 94
1783 57
2040 137
420 35
626 19
40 119
1168 9
1481 10
2448 0
1060 31
81 75
947 21
74 10
1126 7
557 5
2041 137
2795 38
1253 42
1725 45
1632 123
1589 61
1596 14
2291 16
542 27
1462 28
508 53
1182 25
2462 30
489 64
1125 47
2242 0
1542 44
389 28
218 25
1018 121
1246 45
2855 39
1629 48
1291 85
463 3
2518 41
2473 28
862 19
527 35
2351 44
1963 25
284 40
2306 40
1471 52
1087 41
873 9
591 128
2382 125
1577 60
65 11
1083 18
2551 10
1280 88
605 24
2737 27
730 48
2006 21
353 67
954 7
1401 26
2627 4
2182 18
1922 138
1380 1
2714 106
35 49
2776 27
1406 41
2240 15
2386 51
20 29
623 84
2592 19
2099 98
2355 83
2314 7
1275 17
1784 123
1082 57
164 16
1703 51
1177 3
2814 10
199 118
1233 14
2928 139
1516 41
1882 136
409 78
143 140
23 16
205 98
1213 43
1365 56
1006 21
642 13
1699 7
2688 78
1344 42
385 50
889 78
2729 32
1086 75
173 30
532 20
2812 18
1340 50
1106 48
400 51
2735 70
641 30
2880 141
720 132
391 29
936 142
2363 49
139 52
1149 25
787 70
1586 96
1119 106
2874 81
2845 18
2374 32
2434 32
1374 40
2490 25
953 33
2638 44
1196 0
2574 27
2436 65
1575 19
2669 12
2754 85
1290 28
129 123
2425 15
2867 60
1332 41
161 33
932 14
1389 78
2888 3
2085 28
1853 26
2335 61
1379 16
421 69
2405 96
2480 36
287 100
2432 61
1865 35
1041 103
133 7
2787 19
1894 143
2565 72
1080 5
2994 41
2111 39
2390 80
136 30
1214 58
2895 3
2721 24
212 35
2296 144
2139 75
275 41
2050 106
89 10
751 55
2293 78
299 98
2950 26
568 18
1627 49
262 29
1729 4
2724 25
316 38
2130 144
104 14
1615 25
2024 36
1070 9
2584 14
927 49
2369 98
2454 5
366 51
2588 30
529 66
45 30
309 74
1506 70
1551 3
449 16
1375 55
572 15
1135 73
1204 31
2263 145
1173 33
1319 74
600 25
2148 42
1960 72
834 75
942 67
63 23
1683 18
987 55
2134 16
333 16
2633 21
2264 47
1896 22
2236 18
1167 22
630 1
1885 36
2539 41
2136 19
2708 64
2272 23
2415 14
824 53
1223 5
2348 7
461 81
1859 41
160 32
740 35
8 4
2162 41
372 21
2696 0
2080 34
84 2
1873 0
2417 80
2907 146
1507 66
2817 27
428 3
290 16
2695 44
1554 56
240 52
1944 16
1198 27
770 43
1624 81
402 17
1664 90
155 53
619 21
2571 42
1091 57
296 41
431 50
280 129
2020 51
582 55
2815 28
2933 14
2331 51
2595 51
2068 41
719 35
1657 40
723 16
2920 25
596 128
970 0
1600 1
699 47
977 147
1104 5
2717 65
1339 60
1817 19
951 41
1212 34
1429 108
1670 39
427 41
2908 146
176 135
80 21
594 53
1348 16
1515 25
1546 88
2847 14
2150 55
492 19
989 5
1447 101
1975 41
755 1
825 2
495 13
800 34
1002 42
1626 70
848 33
2060 14
2074 2
1468 22
1965 20
888 39
2828 99
1712 19
2859 36
1789 71
2321 129
1079 3
2925 71
1886 40
1371 3
140 37
2158 148
2285 0
1665 24
410 65
13 40
2199 26
405 51
2740 21
1098 31
1220 61
2967 25
793 51
2292 10
1842 4
952 40
1910 32
1210 41
2893 0
975 149
475 57
1942 65
216 41
2824 19
501 96
2756 61
2064 7
472 96
1584 94
2732 21
1635 1
539 25
1979 95
1131 21
2492 112
991 61
1305 25
2943 14
1009 95
2894 16
875 52
497 27
312 67
132 2
252 25
1315 27
1519 81
1048 35
2168 41
137 24
1752 5
648 41
595 41
2559 42
2339 150
585 28
811 51
1803 60
2412 19
2090 80
279 19
360 47
30 27
2341 14
2122 17
2463 56
1732 14
1427 105
1264 107
351 57
1430 43
2119 12
2483 33
2108 30
2098 53
28 28
1878 65
148 14
660 51
2509 34
22 34
571 81
2017 10
47 13
752 19
650 50
1887 29
2826 48
869 14
2842 30
891 42
1321 117
2356 46
1052 16
2381 40
828 70
1022 60
2166 66
2598 25
2830 53
1663 60
34 50
1844 46
1512 30
1417 28
2860 32
2209 106
1058 151
1520 12
598 41
1011 61
861 66
1642 45
10 81
91 45
1075 32
1985 51
790 79
263 50
712 25
2305 14
2094 13
2864 35
149 56
2653 19
1244 1
1415 43
2741 1
79 67
2530 0
2212 9
2652 41
2892 71
998 38
36 58
2120 67
1413 45
235 61
350 39
324 19
3 79
1031 50
2368 61
2959 26
1756 34
2903 92
1477 16
1274 7
816 21
1049 19
1241 13
1419 55
939 67
396 112
782 133
2011 152
863 109
1816 1
2430 37
2996 37
504 104
2475 23
2639 76
384 58
1750 94
311 96
1619 153
2241 154
2031 16
1941 49
905 96
521 4
2153 44
1778 21
1691 30
1780 25
2350 77
1230 21
760 43
1812 31
2674 108
1368 41
1734 106
664 61
2607 50
2916 52
743 87
2226 53
2808 10
2501 17
1513 15
27 75
2586 155
1015 32
967 14
1601 27
1973 27
683 43
2579 45
864 41
992 25
915 30
2084 4
2521 27
186 13
1765 34
923 53
75 53
2224 32
2810 14
2752 43
741 14
2334 50
2582 2
1744 21
820 19
2192 64
1117 80
1710 27
157 90
832 31
1359 60
2528 13
503 1
2611 34
2870 27
2984 81
2045 57
1981 58
2378 156
1057 14
1347 22
2958 10
356 58
2360 15
2820 41
724 48
1977 33
245 16
1299 25
2722 49
393 14
1747 12
2624 19
86 16
747 13
1181 55
2228 32
1316 14
2091 141
1102 26
913 19
963 31
555 40
2347 61
2863 84
2834 1
107 60
2008 4
438 25
1801 33
171 43
2656 56
1986 29
1372 50
2123 33
1677 73
1159 42
1128 16
2058 33
2370 25
2059 7
827 25
2416 65
285 2
2712 5
2726 7
2899 30
2591 40
1441 45
2188 34
2319 47
2570 40
2004 55
1251 79
1955 157
2154 12
1257 30
56 79
483 106
44 9
1822 41
1544 77
321 25
1342 6
2135 57
2971 39
1438 43
238 48
1798 10
1810 54
1004 97
2803 108
2514 50
2290 51
1200 90
301 12
943 53
2265 56
1260 42
2294 68
464 57
6 43
842 100
1869 67
327 4
2282 67
2576 35
1465 43
893 21
2062 66
695 115
388 77
604 3
843 31
323 41
1868 58
2879 56
2275 21
2531 158
2468 95
2946 42
1281 19
831 132
1905 69
456 34
308 62
2121 57
2051 61
1303 9
329 77
2977 42
1705 33
1719 24
480 14
2919 42
2510 16
118 23
1972 41
1558 52
2734 60
1030 3
467 53
2440 25
2249 81
2594 25
1970 81
1199 41
1357 41
1902 14
1976 159
777 28
569 9
1787 28
2636 56
2277 92
2941 53
1093 25
1258 96
1999 84
85 19
1666 41
2685 28
756 2
2144 111
2200 15
512 41
2902 42
732 22
2221 152
2320 65
531 80
2345 160
766 25
1480 160
2003 44
1362 19
2491 71
375 13
1634 35
2784 67
1185 47
1715 161
2536 41
2081 25
1794 66
239 42
128 162
355 21
165 81
1511 41
2875 1
1320 40
2477 16
473 16
1998 51
2481 0
2043 67
2408 5
2138 26
2411 19
98 1
1840 21
1024 8
2015 74
2948 50
450 51
551 163
2694 164
277 7
2267 26
179 1
434 83
1341 41
2852 64
1592 141
1644 104
1517 65
742 56
868 51
1770 5
484 5
2022 165
2938 74
2324 29
2359 30
781 68
549 126
1964 2
2833 27
783 92
1890 44
1008 69
2394 55
674 110
2204 49
687 35
876 12
459 26
1990 63
1911 6
1268 26
753 28
122 57
700 13
2811 60
1445 104
1949 81
2233 0
2087 24
32 51
2155 16
1751 3
2072 14
70 57
2838 66
2647 41
1120 41
2813 42
1191 23
1532 25
2851 15
1243 33
266 35
2421 3
1459 11
1913 7
505 166
2325 18
340 7
2604 14
2620 108
2234 94
799 23
931 75
2540 25
745 39
979 71
2424 41
62 72
1776 81
1603 50
2927 106
2955 0
142 60
2786 45
1568 3
194 55
647 58
2082 15
361 16
2747 90
58 46
359 15
2672 4
1569 66
2117 4
2340 28
2095 21
924 16
2042 5
278 17
2201 50
2944 61
2273 39
382 25
2193 109
1452 30
1391 92
1025 167
2442 44
1953 9
67 68
1056 107
1740 63
2077 58
2343 58
114 4
246 81
1440 80
1023 80
981 56
412 63
2262 108
1063 79
117 135
2890 30
2690 37
248 41
666 27
2651 67
93 60
115 42
1377 4
2303 72
119 108
1982 24
2181 41
163 25
264 99
2978 4
1314 9
247 1
2428 31
776 28
553 41
1114 12
2474 41
581 16
845 3
1461 42
2476 25
652 7
1171 14
2942 19
2936 41
1369 50
898 66
2921 118
677 32
15 53
968 41
1107 31
241 71
1255 4
2322 10
1937 47
685 108
169 30
1640 95
1134 25
2420 19
1879 61
1716 19
272 19
1474 168
1254 32
1548 134
215 100
2597 169
345 40
839 18
1616 53
2196 170
1836 5
796 18
413 171
1713 120
343 117
948 55
2222 41
1758 43
378 57
1492 43
739 1
2542 53
53 172
19 173
1310 60
2270 39
2451 16
999 3
1390 44
96 14
1500 25
2310 39
2555 106
180 53
1599 161
717 53
185 10
468 144
904 41
2702 30
72 16
2573 69
1899 19
2554 90
2395 146
2516 61
1208 57
2078 7
2866 96
1064 32
1529 31
2206 3
659 33
2818 1
1839 19
2443 27
1077 120
455 34
1384 65
2383 58
403 12
990 46
1446 121
1473 22
678 160
1617 14
1252 90
1984 95
823 50
964 41
836 27
1034 35
175 99
940 25
692 32
335 14
874 32
2827 84
2056 61
198 15
297 174
2832 54
1531 175
1746 57
123 30
379 55
2581 40
2211 19
2173 69
2053 107
916 68
1872 71
2742 49
612 14
1772 12
2336 0
957 41
1633 25
1888 16
2993 60
2661 14
909 22
507 2
357 34
1424 21
2873 60
2401 62
1155 14
1723 56
2682 41
668 19
887 41
1285 50
334 56
154 3
1421 54
2550 50
1841 7
722 7
374 74
313 88
1850 69
1623 12
43 75
972 30
2972 27
523 41
418 51
763 67
658 56
705 79
733 18
2499 24
2751 56
945 98
2217 22
2801 16
2409 17
1807 78
1019 63
1470 0
908 57
1694 16
273 30
1494 40
520 18
815 19
819 60
735 28
1523 53
1639 25
2910 55
1701 45
1122 50
2177 30
1915 3
1884 39
2593 28
380 14
2252 25
344 50
2149 62
2145 16
2567 0
1943 14
1804 34
2823 55
2537 25
1262 60
2013 4
1425 49
1595 40
233 73
795 16
1707 51
2904 15
1821 7
2563 45
2406 55
2560 39
113 78
1000 30
2266 50
1583 14
2548 58
2970 108
226 53
1043 43
1193 43
1450 12
2446 100
1764 21
1667 66
2589 63
2377 50
849 176
622 24
2142 52
214 34
771 56
338 61
804 12
2261 41
1183 25
1169 41
37 177
106 68
363 40
851 107
1741 110
2414 10
857 53
1466 41
566 25
250 53
2525 61
1475 32
2503 42
318 42
1201 40
1108 13
2279 21
653 31
71 50
1668 22
2659 52
1175 134
1089 67
2957 108
411 15
2883 67
2387 178
1026 53
2092 50
540 74
602 179
1333 14
2843 70
1435 78
2220 14
2466 29
2762 51
838 26
2736 39
1628 84
807 47
883 27
1485 36
638 180
424 60
728 39
1997 0
377 51
525 26
2487 31
2524 42
151 66
1581 14
1950 90
1775 137
627 69
2850 10
1846 1
144 57
718 58
2575 81
2632 1
567 98
1881 41
2489 21
1156 26
2223 96
1432 3
2760 2
2172 44
2187 15
880 27
1076 41
625 90
2935 181
2976 42
1367 58
2231 16
618 2
1325 16
1983 19
691 107
2835 25
2289 96
1690 19
1351 30
2844 22
2507 120
2730 65
1831 50
1687 1
1693 141
466 28
1188 98
1192 5
146 18
2255 78
325 0
2706 3
1763 15
707 56
715 7
1835 10
2884 37
1112 5
2128 2
902 41
688 40
2215 67
1631 136
2278 41
2500 55
1940 182
1825 3
101 57
291 22
2493 50
879 49
1456 60
392 183
87 128
2284 108
2715 43
1276 41
1524 9
476 40
1695 16
1296 36
2093 7
1138 49
2073 28
1236 77
833 52
592 56
2979 81
1621 41
1636 41
110 88
1161 19
223 28
1053 94
1312 15
2771 34
2104 44
2981 24
254 0
1073 9
1620 28
1493 100
2691 184
546 21
2526 137
950 56
1572 101
844 20
64 4
414 46
2433 35
885 128
452 0
1259 18
657 35
1880 25
1582 21
1487 26
1486 66
1328 61
2418 61
2738 16
2268 61
78 73
2070 42
2809 108
870 19
2469 67
2248 14
451 50
1020 60
1561 81
1980 44
697 16
1742 109
812 100
2973 24
911 39
1522 20
1050 99
506 53
406 38
2366 134
184 98
1877 43
1718 134
610 90
2675 2
2034 25
2534 96
2327 42
1969 42
2679 19
21 94
2219 88
1426 36
1591 25
2225 36
328 17
2755 185
2519 140
1875 42
2538 19
2975 186
267 57
1891 187
2664 49
1757 56
2179 32
866 144
2945 90
2886 75
490 13
607 51
2465 90
1739 74
153 16
890 53
2939 61
2328 16
270 81
97 43
2259 12
2618 67
965 60
1800 41
872 24
1573 41
533 92
1068 105
1100 58
2761 41
2126 46
2312 20
716 188
2198 16
2949 19
1539 49
2954 53
470 26
565 26
1799 44
462 0
1278 73
1796 45
1870 18
1394 4
1346 26
696 34
1176 38
1753 10
929 78
1215 23
2635 77
1373 189
244 2
2800 118
1680 53
1313 33
649 14
2644 67
314 61
156 35
1304 48
1151 49
1802 14
1047 28
1641 53
1307 63
1928 14
1496 10
26 42
2245 50
16 11
1322 0
884 71
2670 54
1361 1
1845 19
1613 17
498 19
2841 10
516 66
2968 55
1479 61
1412 102
1096 129
543 75
2505 5
634 16
432 67
2676 16
729 33
1289 67
2258 21
317 1
1921 72
2562 47
1338 52
2878 42
320 50
1032 22
2026 63
2190 76
1111 15
1889 37
1528 12
754 17
2629 18
563 14
2447 6
669 120
253 14
2956 49
2517 190
2963 20
358 80
1279 183
1301 100
1203 10
2557 191
2798 72
130 182
145 35
961 192
2896 109
2764 16
906 60
1097 87
236 33
1062 81
