0 2.0202958583831787
1292 0
596 1
237 2
2825 3
1291 4
1400 5
2517 6
672 7
333 8
2888 9
1436 10
2500 11
1396 12
1029 13
2146 5
231 14
1802 15
2711 16
143 17
2040 18
2945 19
2403 3
2492 20
1764 21
982 22
1012 23
2698 24
1081 25
172 26
558 24
1227 9
2592 5
339 27
2855 28
2320 29
1158 3
650 30
314 31
2732 21
2383 32
550 33
1191 34
632 17
153 35
2129 36
111 37
2938 38
2894 39
730 40
1597 41
1872 42
2399 12
1103 43
1468 5
1410 44
2460 33
108 16
481 31
2902 0
1078 5
1564 9
1480 45
2019 44
2043 2
2672 46
1216 46
1369 47
1406 48
2617 34
1140 11
528 14
2033 14
266 16
2131 49
2300 48
2431 16
2695 11
2992 8
1853 35
348 50
1487 48
832 51
241 18
2692 52
356 6
905 0
521 53
1137 42
1734 46
1573 10
2110 0
2235 54
1738 36
1620 35
2703 55
2706 49
1051 43
64 56
2954 48
737 38
867 29
2633 21
577 18
2665 21
1849 16
1177 44
1314 57
994 11
2137 46
271 4
369 36
99 58
597 59
2537 36
16 60
1115 48
1882 58
2122 41
1333 15
291 61
789 1
2873 13
1888 35
1212 41
2002 62
1569 63
2115 23
957 7
1108 30
557 50
1753 3
2511 43
2494 60
489 64
1326 9
1615 36
1428 61
1448 45
2531 64
144 3
524 2
1026 48
530 30
1112 50
2737 58
219 54
612 22
2823 64
740 16
858 6
2374 46
1129 2
123 65
1807 59
2375 9
1515 36
1203 3
2417 66
281 37
1294 13
2748 67
2754 21
1873 26
2483 12
600 36
817 15
1557 66
2310 35
782 23
2813 0
717 48
1798 3
2578 68
1679 58
2486 5
2485 59
113 59
158 69
495 70
2865 1
682 57
260 43
1249 31
2871 37
1805 71
1720 41
1988 8
2117 46
2401 13
2866 32
1090 2
2675 43
1355 15
929 29
1195 24
2387 52
28 31
2629 58
2721 39
1463 26
2133 29
825 4
1276 7
628 60
69 68
1993 61
1013 0
2606 72
516 73
1981 6
2204 11
1486 24
102 62
1390 11
1495 31
2183 2
2101 31
1306 74
500 48
80 21
1736 3
766 36
1654 4
2526 20
2333 61
2324 23
2767 5
2513 58
1509 72
2539 6
342 7
1443 12
1577 62
2747 28
2845 12
1073 75
1688 37
2830 48
1847 41
159 56
55 35
2831 20
63 67
313 65
959 66
205 44
132 76
2536 72
1984 52
2326 48
337 72
85 5
2465 59
242 36
791 58
1394 22
2026 8
1425 11
1467 29
1497 29
77 33
2851 27
94 67
1709 37
2708 64
138 70
843 37
2872 77
2412 5
2789 29
1821 16
1490 66
1345 4
2739 48
1062 68
1488 5
1860 78
1891 68
2013 22
759 79
1149 36
1578 47
2712 33
73 46
228 21
2440 36
1493 15
2488 80
1007 49
809 28
2506 64
1940 37
130 37
983 25
1102 5
664 7
2505 33
1057 47
2305 47
1354 24
222 62
2149 42
693 32
2162 31
1461 14
586 41
2937 7
956 6
2838 24
745 59
733 58
476 81
2870 58
735 7
5 19
962 3
660 78
2138 5
70 23
1836 50
921 30
2145 35
2859 24
1933 25
2094 82
2005 48
2263 4
49 35
254 59
503 61
2849 7
83 12
734 14
2595 54
61 46
24 16
1634 16
506 48
522 37
827 36
970 26
2329 29
924 16
1269 83
2781 61
2875 61
1600 50
1464 41
2551 3
2192 64
2489 21
1731 2
585 21
1248 59
2166 24
2372 44
477 52
2274 13
799 67
318 0
469 14
402 72
2946 84
1175 54
104 47
512 72
2575 68
1687 61
997 73
1774 53
1482 51
1347 6
1592 26
1689 32
620 2
2393 41
185 3
457 41
1831 29
2613 44
2582 4
1160 85
2051 31
945 21
2939 31
1266 5
103 47
468 86
2278 6
1607 31
1322 39
1781 44
131 77
2063 3
828 60
1496 3
587 8
1806 36
1627 82
2784 2
1692 60
531 81
264 81
2456 60
777 7
1867 11
141 48
552 61
1730 1
1717 10
2191 77
1746 23
787 35
2993 62
763 2
473 8
1920 18
1284 2
2410 77
1662 70
1004 24
2262 18
1209 35
653 51
1614 11
1710 64
785 65
2929 31
2815 7
995 41
2025 11
898 24
1647 32
581 8
1551 9
2281 44
1819 64
2344 22
2953 87
1349 88
1776 22
2630 48
1941 11
538 21
2436 29
96 46
2959 77
464 3
2014 31
1382 26
1156 5
220 43
1747 1
2585 24
2546 35
770 51
2907 65
1828 11
1727 29
2168 72
329 89
2366 54
2037 21
112 24
2529 6
967 22
432 2
2288 20
149 14
908 35
261 22
376 4
2520 18
19 90
2969 37
2988 11
2663 31
1998 54
274 56
2626 11
1128 35
1642 87
2139 34
1432 9
1237 16
2066 51
2125 85
1883 44
269 32
1939 72
1650 9
1611 19
2962 62
1117 14
2000 52
1079 9
364 18
2064 41
1711 36
34 30
1726 31
2173 44
1537 58
1659 65
1305 36
1698 72
1735 83
1417 31
279 36
1795 68
935 61
1572 10
363 81
1961 64
2568 16
1440 37
1424 21
2847 47
2395 37
2099 82
1565 16
708 81
386 57
2229 81
2024 91
2175 58
2400 81
2328 8
2075 85
987 79
1678 81
659 12
1568 44
856 17
2118 40
1991 23
2213 87
2893 59
527 25
1956 34
2077 32
1750 90
1596 15
2837 28
1904 51
287 15
1835 3
268 68
1874 6
2793 64
2425 43
1506 28
1788 67
644 40
647 20
2319 9
2342 14
2577 43
2165 25
2614 72
2768 71
1996 37
1919 54
210 20
1264 16
2930 31
1331 47
622 29
1265 36
2086 1
2116 60
564 16
1966 43
200 29
1437 36
15 48
209 34
2726 41
834 34
1098 32
2337 92
692 11
684 22
2477 35
1119 46
582 64
1721 28
2525 31
120 93
2176 50
2227 56
1606 5
295 24
2258 21
2985 6
2237 36
1449 39
1190 35
9 47
311 0
2370 36
1165 41
478 2
1729 46
1066 1
2382 2
505 94
2141 64
355 21
1256 54
38 83
1704 31
2790 5
2593 7
1748 58
1749 18
1258 0
2574 34
1146 95
2819 41
941 5
2915 3
640 54
1093 36
1070 75
1126 16
656 72
2690 56
2354 46
419 4
1231 11
1143 49
1172 21
2474 47
2224 48
2664 11
2089 48
2228 13
2661 47
2481 26
1719 29
203 5
2679 36
811 54
2981 23
2480 24
2631 34
370 57
195 36
2610 72
502 3
1584 90
2484 3
887 7
1768 26
2688 59
2702 25
298 21
2058 16
2246 13
1107 22
2919 84
2041 20
2874 68
2475 67
233 67
930 84
2918 56
1147 64
2275 21
2567 26
2913 68
2579 87
1167 20
1978 29
2047 44
643 2
2038 54
2911 16
2885 9
736 2
685 67
1591 36
1295 56
1715 91
1670 57
2004 77
2955 26
808 66
1626 35
991 31
985 36
2668 33
361 35
330 33
1778 21
1476 6
598 47
1700 13
2608 36
2496 48
1635 61
2549 5
2603 81
1042 8
2968 11
109 16
2010 47
1544 78
1416 24
1232 56
128 96
2434 13
2186 47
1552 54
1395 25
616 5
2418 31
661 92
365 68
965 62
701 15
2416 7
2509 37
1368 72
591 1
504 35
623 6
1325 35
2844 47
157 59
2773 48
2749 74
2979 68
1005 59
840 42
1399 8
1527 37
1420 74
2612 26
2912 36
7 15
869 22
2119 72
2109 97
602 58
1289 2
2042 33
595 72
1323 24
2571 0
2398 13
892 24
835 12
2364 48
837 54
739 61
1562 0
2462 82
2082 72
2081 5
1862 49
774 28
2744 5
1096 37
630 61
1559 48
1315 58
216 7
1856 87
1556 28
2053 72
292 21
2001 65
1530 50
2681 98
1902 95
227 26
542 58
857 48
2090 37
1633 36
2522 41
217 62
720 42
830 87
1977 99
1638 14
2242 26
174 61
2927 30
1257 25
2135 23
2507 6
1293 3
2933 81
322 26
324 36
270 68
1206 16
2285 26
754 72
1159 14
427 31
4 31
2642 23
2006 21
2501 72
1471 85
565 5
1517 74
357 41
1999 75
955 1
2381 81
1316 47
2421 62
2563 87
1925 72
2350 78
1197 64
474 20
247 50
201 53
2883 2
2752 28
2203 11
181 65
1668 13
350 13
875 67
1273 72
1618 100
847 54
2007 62
1864 31
2479 49
1742 26
1358 84
2069 97
1757 83
345 56
1383 22
1740 41
731 61
2924 47
1763 20
588 38
1380 53
862 36
177 41
455 41
373 46
2564 0
1105 49
2598 36
2148 14
2541 64
961 70
1811 48
2775 5
601 31
317 61
2699 31
783 66
1869 2
1843 12
1268 5
1348 8
593 83
1262 9
2349 28
1344 0
2956 11
2922 31
2039 46
2743 13
915 41
283 12
186 30
453 3
1037 57
2622 74
1501 47
2307 18
1745 28
1477 35
2359 25
2504 72
696 41
1168 55
2766 81
2365 5
849 6
2323 28
1765 41
1936 98
1771 101
548 36
1188 79
2114 7
1817 46
607 54
973 59
2674 67
1820 78
814 81
1733 31
1303 75
796 58
2487 51
1088 24
2247 8
2778 8
511 28
2367 72
2982 5
1640 93
288 34
76 77
1023 96
1661 9
100 16
750 3
2396 0
1353 47
306 81
316 47
1793 34
72 8
309 22
2926 99
2560 14
1032 13
2296 57
1401 64
1313 12
1405 73
2899 25
678 102
826 0
666 58
335 47
124 36
2449 26
1240 83
1267 30
1985 54
366 78
285 4
1381 13
488 51
2787 5
1582 103
1871 93
134 41
2756 31
1460 58
958 64
2197 44
2841 3
2596 21
1967 62
1684 62
1895 41
2742 11
2550 30
2852 4
37 79
954 41
118 34
2452 3
392 14
1301 15
1135 83
2277 104
1124 11
599 43
492 5
615 7
2801 87
918 87
1478 44
788 52
1716 5
1896 46
2439 47
1545 60
1224 30
1913 41
1854 105
756 43
841 49
273 65
572 27
2682 47
1230 21
1357 7
2251 72
167 14
1909 106
1278 24
2691 49
1491 7
2272 34
2111 14
540 22
1824 54
1162 54
1438 28
2084 53
1816 61
1064 13
1550 31
1690 5
1865 16
910 14
1714 78
62 59
800 41
780 10
1414 37
689 74
2314 41
2463 14
2895 49
2521 52
1236 59
2380 12
2905 11
1707 54
1812 51
579 102
778 9
293 25
460 67
35 11
2573 44
543 34
1901 56
998 15
257 107
371 81
81 0
2420 2
497 58
729 12
1022 0
1641 48
446 74
1696 36
2723 47
2659 85
1777 108
517 3
1520 1
2994 7
1009 52
2177 25
433 87
276 25
1047 31
1724 9
282 36
1885 24
1541 8
646 36
1893 37
2161 6
2591 81
2220 22
1178 47
39 16
336 67
1125 9
541 84
943 48
383 47
2384 64
885 1
240 85
2448 26
1675 9
1489 54
1388 22
1929 83
2725 47
2209 52
1163 3
2896 26
1288 14
1377 46
243 48
2361 87
569 55
2190 31
218 36
649 47
1937 9
2222 72
1299 36
2806 58
757 95
146 95
289 83
2760 43
560 29
59 72
1625 59
1930 43
221 46
232 44
926 32
3000 73
147 87
1131 21
2357 37
84 4
2185 8
1671 48
244 37
771 83
1077 49
1255 46
2476 36
1238 65
182 62
795 35
1182 36
1752 50
576 32
1456 22
1458 78
1132 47
1946 72
2635 57
2394 77
2558 21
304 4
1797 47
1261 90
1161 5
2556 35
786 15
1818 6
212 16
1282 37
1973 58
1952 109
2335 31
2502 14
1318 71
1455 26
571 68
465 35
1758 51
2810 58
2616 13
1421 15
2524 0
117 110
461 68
2451 35
621 103
1528 111
2020 54
1270 74
978 1
2221 72
1694 44
712 36
405 54
430 68
1631 112
2694 71
518 8
769 5
2730 74
46 21
1792 13
467 48
1796 113
2347 28
2210 5
1655 87
810 5
690 25
1637 61
758 31
1982 52
1446 95
753 7
2261 47
307 0
482 31
162 111
1254 63
923 48
2917 79
852 12
449 35
2826 40
652 41
1186 26
2248 47
2317 72
1989 60
1075 13
2995 5
1201 81
609 72
2594 36
1309 6
912 47
1581 15
1243 12
1055 88
2975 84
40 15
31 56
2590 72
2297 67
732 13
2052 18
1931 30
2298 39
2250 58
2153 29
388 59
2200 27
1067 44
2532 10
377 54
1673 26
249 72
2325 95
2833 58
2031 35
44 107
1702 46
456 41
2132 4
2719 35
1813 61
2055 30
415 13
2073 7
1979 93
2223 0
115 0
1080 46
1801 40
2255 52
2065 5
1848 32
2343 85
2700 25
2134 35
2750 114
170 71
749 85
2796 94
1441 78
523 72
2605 59
1657 81
713 18
1221 15
917 54
804 1
2011 47
525 20
1965 56
722 41
1866 98
977 115
746 54
1987 37
471 8
338 31
567 44
1855 22
2619 47
1878 74
2280 3
2299 52
1024 82
2127 41
2792 52
626 5
1605 0
53 49
2740 21
2353 81
196 54
645 34
66 23
1810 116
2910 77
424 62
399 102
784 117
1887 70
284 81
2714 118
1360 61
1253 0
2552 41
2618 44
1063 47
1686 31
1769 70
2253 48
2059 41
904 72
2970 67
1142 65
2218 111
2812 7
1452 25
1772 1
1251 47
2680 90
553 47
829 14
198 43
2023 68
2469 2
2036 37
1144 26
2686 1
2478 14
1166 47
1027 1
2249 68
2644 106
603 21
387 13
2799 16
2861 37
1336 5
2653 5
805 57
953 12
493 20
697 119
2032 2
2771 41
2832 120
166 44
2646 51
1370 44
1576 26
485 44
1744 21
2584 47
1423 50
155 48
2358 35
592 83
2142 85
1756 41
379 11
1028 49
2828 18
2339 32
2689 67
67 42
119 18
3 47
1518 44
2239 14
2113 5
2814 3
412 2
2974 36
2252 36
838 5
250 48
2271 31
1505 95
533 66
1976 121
272 5
344 30
278 72
466 7
1330 78
574 48
280 122
368 41
23 35
760 82
2976 84
836 58
86 35
845 49
1903 72
1975 7
2652 72
1538 48
1016 62
2856 47
1141 2
2231 35
1951 46
353 44
2405 96
2923 37
8 22
1522 56
2829 123
1560 31
2120 106
2234 14
2627 46
2717 74
236 99
1651 75
1145 36
2611 91
950 14
2304 77
2056 81
539 36
1069 9
2701 66
2557 63
2497 16
1339 45
1639 36
2906 5
2705 65
2535 52
764 0
1109 87
1247 4
1723 37
202 89
872 29
2404 81
2107 5
1554 14
1222 72
976 44
889 59
952 81
2545 16
1153 58
2898 124
1949 68
633 24
2645 16
2736 0
2746 13
886 36
1099 53
2049 34
142 62
1799 9
816 21
1091 23
82 125
156 16
1041 126
2243 26
2003 49
2450 127
2150 128
2798 59
184 105
611 124
618 37
881 72
2219 96
1229 50
1986 71
319 36
2169 6
161 12
1636 7
362 42
1076 92
1889 95
95 7
2776 58
2921 3
1280 30
334 83
2581 81
459 64
2163 42
2709 9
2095 21
1321 92
509 129
2181 47
448 48
447 30
975 21
779 16
1045 34
2544 106
2931 16
347 5
127 27
2091 57
340 16
2021 75
1089 2
1465 71
1019 41
1470 26
974 130
1039 0
2230 58
2466 71
551 42
1052 35
375 57
1851 14
484 24
888 13
401 5
263 29
2602 11
1783 23
992 36
1773 11
821 46
472 0
2385 5
944 36
451 29
1643 3
2445 9
2632 61
1877 44
2044 15
1312 27
1531 54
1439 36
394 131
2862 7
2881 60
1767 98
676 9
824 132
2977 0
1513 27
2027 32
1508 41
1703 54
302 14
1151 11
2467 28
1630 6
2950 64
480 47
1610 52
561 41
2245 29
1761 13
2848 90
773 29
2363 11
2157 58
1343 7
2621 36
2289 32
842 15
1785 105
2685 7
1297 24
1210 47
2016 95
2731 21
2493 29
2415 47
718 6
41 37
2877 74
2160 10
12 41
663 6
2990 29
1015 13
1959 35
584 41
2454 50
1960 78
2241 24
2199 5
2427 5
359 27
2660 48
1870 39
853 47
105 72
235 100
695 115
194 77
1561 60
617 21
1879 7
1049 5
1056 64
1916 64
1157 35
514 41
1595 81
634 35
385 80
1543 9
2604 47
850 51
2295 24
714 70
1542 49
2718 85
2311 54
1583 47
90 11
2035 81
1837 21
308 13
1311 56
2009 31
1935 85
1171 47
1363 77
743 89
1590 85
922 14
211 89
2916 85
384 6
691 107
709 67
403 72
702 64
2377 133
999 44
2085 7
544 11
1208 23
404 11
2667 9
1083 58
2225 53
1945 70
442 3
1524 75
2991 48
2196 23
2308 95
1934 3
1533 14
559 134
861 24
1134 36
1502 83
2824 5
1947 48
87 1
546 21
2785 24
463 9
2512 37
815 5
854 95
2050 46
2158 14
1665 29
1006 21
234 25
395 9
1603 52
189 81
2070 135
614 9
437 6
164 35
1844 14
1219 22
1200 28
820 5
1547 42
515 48
776 7
1469 24
2045 3
1963 36
487 83
2625 24
793 54
2508 20
583 7
578 22
1412 1
748 35
1850 44
2206 44
1787 7
566 36
2301 51
1838 92
2763 22
580 52
2903 66
1290 7
1593 47
803 22
259 8
458 44
725 31
116 11
2151 44
1104 50
2772 127
1842 22
1298 26
2345 63
547 77
1755 35
2226 48
418 54
47 7
310 136
878 36
721 67
2332 36
1525 16
2447 89
1728 1
947 21
1808 14
2908 73
2901 22
150 1
1213 51
408 24
1340 30
2423 47
2607 30
806 47
1454 2
846 30
625 137
2868 41
1880 36
2600 72
193 31
331 48
122 24
2864 16
1384 74
312 106
1082 24
2184 35
1043 51
741 22
883 58
2390 37
2647 7
1404 11
1858 138
1942 74
2498 6
18 74
354 14
258 41
1263 31
863 26
2468 93
2734 62
1529 37
60 19
1612 81
1994 40
2623 48
1095 52
519 51
422 111
1570 68
860 36
13 56
1829 48
372 71
389 7
2470 36
420 16
1494 81
1712 5
1800 7
2965 87
1567 3
2123 12
2046 28
938 22
494 22
2762 134
2839 0
638 20
428 44
2290 54
1308 137
2820 13
305 42
2428 37
909 43
409 59
716 78
981 14
1442 24
920 54
1307 37
88 64
2533 50
1649 12
513 41
110 139
680 85
2017 3
1725 87
2379 74
1894 82
1827 16
398 13
1274 41
2967 36
2753 11
2172 10
662 2
1185 9
2194 30
797 44
2140 28
2878 14
1695 87
738 15
2729 13
2836 113
1782 3
1462 7
2963 56
1453 36
2461 48
1926 21
679 31
2949 5
1558 73
822 52
1857 3
42 28
2650 37
213 36
772 48
323 7
2336 26
2376 77
931 34
979 60
303 14
1992 6
1260 84
92 133
1044 140
1365 83
1207 44
1622 106
22 41
2889 5
949 41
1106 44
2205 58
2426 51
423 57
2126 87
175 18
1287 26
208 84
499 28
2188 41
71 29
2850 3
635 99
2561 30
2887 16
2782 46
21 133
1685 65
925 54
1038 20
613 13
1310 62
1356 33
45 25
2759 110
2897 91
2707 141
2106 46
1971 5
129 33
2530 26
1427 55
1621 72
239 0
2327 0
2609 11
1604 58
1917 58
1743 44
1097 42
665 3
454 37
2777 3
2330 34
687 16
1020 95
1003 52
1846 61
1516 31
520 58
2392 54
178 81
1918 27
1250 43
204 111
2900 2
1337 41
1366 58
2980 8
1130 34
1713 57
290 8
48 74
160 13
1521 9
2733 24
2651 52
2783 81
933 41
1196 44
1018 68
1924 52
68 142
1387 43
1133 7
2693 9
1059 143
2080 41
1598 111
1415 28
2360 27
2867 62
2464 111
406 96
1304 44
286 14
707 83
946 9
2909 48
1697 41
2096 52
1184 15
2321 122
2794 100
1154 35
2419 5
2313 56
2356 87
667 16
252 5
2195 46
1546 7
2510 35
700 34
1285 29
1693 57
604 55
986 94
2755 100
906 62
1669 11
2947 48
526 13
1194 77
2232 61
2678 1
545 59
1914 41
2957 44
2817 58
1834 72
2279 13
1908 95
2751 14
1653 13
2757 98
706 58
1225 6
673 45
762 26
378 23
2860 13
1852 14
1683 62
1372 80
744 3
1068 144
2802 74
1861 131
2270 13
654 68
2268 31
1826 16
2373 26
868 145
2316 49
848 67
2015 22
2028 31
1092 95
2971 57
2964 35
1444 36
2174 44
139 85
1619 55
326 51
341 49
554 6
1040 21
1183 36
2437 14
2797 28
238 40
2519 46
2528 143
1279 20
1084 11
648 7
1897 28
253 47
1732 47
2935 146
328 72
1434 74
1972 7
1539 11
1000 65
1418 1
2518 72
1164 99
728 5
2932 147
1574 13
2941 48
2999 0
1928 47
183 43
2067 31
1035 13
790 24
358 37
942 2
173 25
2720 31
594 48
470 48
2805 35
2362 81
2840 21
2435 11
1648 63
2722 11
165 68
1485 24
2677 11
251 110
1085 62
2657 82
400 54
802 23
1969 14
2572 42
2553 22
29 124
642 59
927 11
2998 148
1061 149
452 9
1957 143
2334 80
1932 36
1825 49
2414 3
380 47
536 148
1762 7
1575 5
1841 41
352 79
294 0
2391 46
1169 47
1116 49
2346 24
2072 47
2543 35
2458 36
91 87
960 150
1 54
1646 38
683 28
382 36
2637 82
2523 81
1492 51
2178 41
1252 137
627 151
916 136
705 47
2315 41
619 21
1645 59
1510 4
1422 0
320 80
224 41
214 41
573 105
78 105
2892 28
1413 87
440 152
2217 13
343 139
1033 95
2944 31
2676 35
1859 7
491 96
2472 11
2628 3
932 47
1921 59
686 113
2727 1
255 47
2639 67
2207 99
1875 14
2943 15
1223 33
296 47
710 25
2060 47
641 25
1868 6
1334 27
2216 36
1737 44
1839 36
2008 22
2264 111
2312 56
2649 39
1352 48
1511 72
1602 31
190 42
2424 7
1373 4
1296 24
556 35
2713 3
1111 27
1189 34
1892 23
1121 67
698 26
1218 7
1886 70
988 50
327 46
2960 11
1180 27
1708 48
1555 48
2155 35
668 5
874 13
57 125
1054 81
1503 30
2858 3
17 44
1435 59
2254 0
2124 77
135 97
2 11
438 36
2827 66
2459 72
2809 153
2687 25
1346 5
568 58
1192 33
2846 41
1087 30
426 67
1114 1
2804 80
2745 16
1181 11
1466 7
1699 41
1536 13
1008 154
2987 155
1155 15
2978 65
2879 14
2433 16
871 143
1498 43
1138 11
866 19
768 34
1954 0
1205 83
180 48
2835 36
1122 29
1779 44
1962 74
2770 64
864 7
2769 113
1617 47
346 49
2368 31
1275 72
1320 81
51 1
969 79
121 5
1317 136
2914 51
1968 95
1393 27
1217 49
844 56
2284 153
1286 43
1995 100
479 87
2658 67
1571 18
75 48
1211 31
575 5
1457 5
1804 156
1036 58
1790 3
1876 28
964 72
655 7
1021 105
2293 59
1234 157
1204 37
902 7
441 66
984 20
1881 7
206 95
2105 11
1409 46
501 32
2062 24
532 56
742 14
2788 34
2673 29
1335 75
590 6
2286 2
1905 158
1451 48
1174 3
606 14
2882 143
176 110
1214 6
1784 159
1481 9
2340 7
413 30
1391 143
1342 89
2078 41
2890 43
2201 30
2936 72
2446 15
2764 35
349 78
2514 29
2322 3
884 160
2843 90
2891 14
265 60
2786 113
1624 68
2587 1
1179 5
2098 48
2071 161
1563 64
882 84
1431 113
1283 5
2276 106
2034 36
2934 129
2156 90
1389 0
1681 12
2984 68
1549 41
2079 52
11 13
1629 40
439 5
1367 6
972 25
711 7
1483 67
2371 36
670 47
1193 51
126 64
2306 81
2670 150
1927 48
1338 85
2012 62
1060 37
199 85
629 143
410 74
2741 61
1741 52
2443 58
1199 7
2761 7
1202 57
1300 47
2765 5
14 7
2951 51
2620 67
657 16
537 30
968 47
2589 2
1666 7
1663 62
2402 48
2212 75
1136 41
1594 160
1459 57
483 46
1245 52
2583 35
2179 13
2780 31
694 61
2601 125
2074 43
2121 23
2547 46
1540 36
1579 162
2061 143
1472 62
2724 36
2455 41
2257 72
2352 27
1601 58
1534 46
1907 66
2389 27
812 15
1371 49
154 49
1329 67
43 34
1241 89
1419 11
879 11
1950 137
2559 0
1484 37
360 9
56 24
880 58
1319 22
27 34
681 2
1239 4
1514 66
136 43
1535 58
2259 1
1378 77
2989 37
2104 9
1001 36
1863 51
2265 83
1065 42
397 74
2920 36
54 21
2294 16
179 61
508 48
301 1
1553 67
1664 137
2634 163
1002 84
79 93
996 16
727 36
229 5
819 62
1398 44
989 50
30 109
1658 28
562 32
226 48
6 51
1228 164
445 14
33 47
966 83
1682 62
894 33
669 165
2211 5
1359 62
1407 72
2554 137
1397 26
152 46
2669 1
223 7
2490 36
703 77
1667 24
2666 62
1445 89
855 47
1833 47
1587 31
1526 41
114 53
2097 81
2338 115
1101 8
207 59
2534 32
1148 54
1822 7
1411 80
890 48
2972 34
900 74
833 85
1246 113
2983 9
1242 58
1983 5
870 36
1660 67
674 40
2457 7
1375 77
1677 24
2599 82
140 95
490 30
914 75
1616 48
1672 24
2214 81
1899 5
2562 9
813 34
215 15
1944 35
2180 58
315 48
2187 27
417 31
1030 9
2087 39
2102 3
137 140
747 70
1475 13
1123 105
794 48
36 6
26 0
658 83
1403 14
450 54
1402 125
1259 109
2351 49
752 5
1271 58
2958 9
1450 1
2422 16
1053 7
2438 48
245 8
2152 65
277 41
2442 49
2159 48
589 14
2208 141
971 13
1948 23
2570 81
2624 5
2388 47
2378 4
1760 5
2182 95
1324 24
168 25
2273 14
928 37
25 16
807 9
444 48
1780 36
151 63
2791 58
2143 44
755 61
2266 30
2430 78
1048 16
781 42
901 21
865 6
1953 75
2341 22
1198 58
101 3
1050 95
1628 6
2444 29
2538 5
1272 44
1759 41
2684 138
1379 35
767 83
751 11
963 37
2716 22
2291 35
169 25
74 3
2973 140
1884 13
2167 89
1139 54
2569 41
993 47
2054 47
1500 36
2303 78
1906 47
1094 34
1385 26
2432 95
1739 22
2648 72
1504 140
2565 59
1632 44
2103 36
2516 31
267 65
1034 16
1830 26
2586 166
1845 5
2108 25
2641 42
2215 2
145 16
332 21
1974 49
248 10
374 22
381 47
2548 6
321 36
2240 43
637 36
1588 125
1332 6
2842 83
2638 11
2615 39
2283 7
1215 34
431 30
1011 31
192 50
2655 21
1176 47
436 136
2735 90
1691 25
1943 95
1281 5
1900 41
1187 54
1017 14
2233 26
688 81
1566 98
639 31
570 13
934 36
1408 58
1170 38
1361 61
534 67
2996 167
1823 168
2715 51
197 46
2482 72
1803 62
496 49
2640 21
937 5
980 36
2429 29
2076 7
1302 17
1814 11
1656 80
396 20
2369 27
1706 95
148 15
798 98
1751 9
624 15
2287 169
2029 46
1010 21
1519 68
911 14
1623 1
896 64
1474 81
2822 5
1362 5
107 62
351 35
1548 170
651 51
390 30
1473 13
1118 35
555 81
300 167
171 67
1277 58
2355 11
416 89
2966 61
765 62
429 2
187 11
1840 21
1915 37
2318 6
1890 78
631 44
951 72
163 36
414 14
1074 40
2144 171
2147 74
2018 36
1031 30
877 13
818 37
823 29
2256 64
873 172
246 68
230 3
907 87
2057 6
897 26
2236 58
2884 95
1754 64
2925 160
2154 1
792 52
2238 93
1911 124
1328 31
2309 37
2193 26
1652 31
699 111
2491 18
891 0
2643 7
1718 58
2580 13
895 29
1152 43
1447 168
58 146
1980 11
1923 16
1058 173
2331 54
2411 5
2292 3
93 62
1235 44
2386 54
1014 11
1701 87
948 77
1794 92
1110 7
191 72
2088 61
1532 36
1997 26
2683 84
1955 85
724 49
2112 51
2282 2
677 13
106 42
2948 52
1964 37
903 106
2302 47
1433 72
2471 160
775 47
1233 15
859 96
1429 58
2030 29
2128 4
990 87
498 5
2942 5
1608 33
2136 5
1990 41
65 60
2654 77
1815 31
275 109
726 49
1680 48
2597 89
1150 7
2202 6
2662 74
1364 91
411 43
831 42
913 5
2566 37
2093 16
391 70
2269 6
2189 6
1374 81
2406 77
723 35
262 6
899 35
2244 64
2164 48
719 16
2441 174
2068 62
2407 113
2876 99
936 159
2803 175
421 43
2198 35
10 68
1938 140
1120 7
2928 40
535 57
549 143
1585 14
299 44
2171 54
1386 174
2758 35
2863 66
2818 61
1676 9
1392 24
89 9
1644 19
98 63
2100 21
2397 81
510 82
2260 34
704 36
1970 68
2795 47
1046 29
1507 24
940 36
1430 51
1809 48
1912 25
2940 21
608 47
2886 34
2527 24
2540 36
1071 24
2413 47
297 39
50 39
1512 95
225 42
1775 18
1244 61
1922 94
851 35
1786 47
2696 26
1226 3
563 47
2671 16
2853 95
605 13
443 36
2473 167
1599 91
1025 39
2588 43
2816 11
2811 176
2738 8
188 47
407 43
1173 12
2800 3
2961 54
462 26
671 7
2704 36
2834 61
1958 26
715 16
1351 65
425 5
2092 47
2710 16
636 48
529 160
2267 48
1766 56
2869 67
2997 36
2952 47
2904 97
1499 84
610 28
486 61
1479 31
1086 34
2130 111
1705 12
325 26
20 98
2503 0
839 58
2022 97
2807 3
1674 41
1341 47
2083 47
2857 58
1791 46
1613 72
1523 48
801 93
1580 44
97 51
2495 13
475 35
1789 18
367 122
1898 44
1722 59
1910 9
2555 127
761 5
919 51
1426 91
2808 3
393 47
1770 33
507 37
435 174
2697 24
2048 9
1832 37
1586 170
2986 98
133 16
1589 7
2499 29
32 54
2170 24
1376 23
1327 44
1113 41
1350 54
256 54
893 21
2408 46
52 22
876 1
939 2
2821 7
1127 54
1220 31
2728 24
2854 35
125 7
2453 24
2779 105
2880 57
1072 14
2774 11
2636 14
2656 83
434 120
675 67
2409 41
1100 6
2515 56
2348 41
1609 44
2542 48
2576 16
