0 1.8282339572906494
46592 0
24861 1
373542 1
476242 0
136896 2
24723 1
8577 3
124039 0
88834 3
66410 4
313838 0
128068 5
182874 6
444248 4
449648 7
454955 8
66219 9
67102 0
399645 4
473220 10
391598 11
366277 11
2559 4
5042 12
3795 4
39372 13
147919 7
7446 6
1717 6
508330 14
112586 15
117230 0
102145 4
343082 0
405895 10
56332 16
515697 4
82022 4
328805 0
68373 3
14772 12
121567 17
1977 3
529082 10
467106 10
34952 1
180240 6
53296 1
19789 12
56665 17
48801 16
153802 1
387897 4
298974 18
27499 19
40092 7
89059 20
156737 7
96383 21
62742 16
33176 19
82345 12
8885 6
358429 22
501957 4
5555 13
519878 0
91886 1
41484 4
12639 12
4352 22
171706 4
40251 6
500841 19
365925 10
163635 23
22064 6
182640 4
264646 13
443795 20
161981 14
260110 19
50805 19
18277 12
152612 22
105596 0
51786 16
50523 5
66854 10
243413 17
81242 3
460674 7
87384 10
25673 13
335824 24
8037 22
43721 16
75916 16
462051 10
126186 20
113387 6
403933 12
400679 1
439946 24
176098 5
264427 25
418783 5
129972 16
338492 7
483257 8
28132 4
381165 12
36836 3
87130 6
318197 18
79873 4
14670 7
407025 19
39890 4
14930 16
477152 11
333249 26
140233 1
508922 6
345782 16
176151 27
533905 11
3830 16
122595 17
223714 0
482700 3
499633 3
401567 22
60125 6
39755 7
51489 16
528506 5
322185 16
15309 16
29885 10
295891 28
433552 6
81027 6
273850 25
189031 7
57359 6
50183 4
42620 4
32233 19
6748 1
29501 25
105997 28
355363 29
30056 16
23367 0
253241 30
153471 17
444513 12
493392 27
169427 7
152058 4
433157 5
273851 31
356984 16
159367 5
502376 7
300045 13
261713 11
223210 5
967 21
171655 14
72463 8
817 26
33031 6
282739 17
33339 19
29169 21
56216 4
504042 16
59802 29
365708 0
128406 0
35211 27
6805 13
433 11
13880 16
210689 13
10524 16
322090 32
42294 7
277944 4
71740 16
334400 7
370536 7
4039 16
260986 28
472363 17
276985 0
50806 19
102042 6
76452 6
145110 33
240469 18
471785 0
339502 3
339191 22
1101 3
179782 27
32032 12
138120 28
167136 15
152628 28
1809 16
110929 11
491765 28
11588 1
83010 16
346841 32
87439 5
351619 7
68820 22
28430 16
120397 4
11476 6
84697 0
37620 21
67393 16
134655 22
434016 10
490961 34
104593 10
395135 0
75889 12
277308 13
374525 5
26650 6
58067 17
216590 11
38211 1
21858 7
537334 19
293673 32
116503 0
180722 10
283725 16
16764 20
488828 22
180644 0
386325 8
13049 7
89160 13
228674 23
42034 1
182601 6
5449 16
102049 7
91321 0
421719 29
446491 0
6312 16
1214 6
44877 0
198114 4
1062 6
145833 23
281245 15
65295 2
470852 23
12018 2
138134 35
136042 13
21770 29
78382 16
312757 3
70263 7
1978 4
101414 16
239980 10
135874 22
81682 34
5912 16
29152 16
227601 4
308316 17
17160 1
49437 6
64848 3
384013 7
249733 3
11881 16
146342 16
24261 4
32831 5
35314 14
39795 16
2374 12
92977 16
331390 7
9662 19
248792 17
26613 27
330767 6
121442 17
29715 6
91364 7
6799 6
69079 1
51605 18
90721 11
295096 11
67303 7
41576 6
31712 6
244763 28
345488 11
3982 18
16474 3
2509 16
30554 35
480704 7
81588 3
290085 2
27127 2
243522 6
57736 11
91744 34
10565 16
21693 1
25230 10
217163 19
93729 7
114834 11
367599 5
477551 4
165711 25
512458 15
381107 0
375177 7
299458 21
55070 16
68962 4
29994 4
156658 32
316157 36
368672 4
108633 11
348455 16
21279 27
15414 13
391333 10
186380 13
280380 13
86522 1
53632 1
28415 21
3939 6
528360 3
327729 34
298116 11
191820 16
479278 17
20012 31
52949 0
52722 17
103035 1
205083 17
53467 1
130098 16
109656 4
77258 11
59991 2
451754 27
318938 22
433311 0
7975 13
94946 34
14361 16
496165 1
322296 4
33359 6
14695 1
212894 4
16199 1
9006 1
16346 6
61254 6
14288 21
27082 1
216769 37
23786 16
1772 1
24472 6
18172 6
19546 7
241938 34
79614 18
406683 18
377260 19
174014 10
70278 16
100827 22
319557 32
40096 15
66915 17
429183 31
3750 6
9899 4
394580 21
92311 5
50258 1
276150 17
424810 16
24579 1
249718 10
413863 22
288818 34
132172 30
12217 10
327014 34
190018 13
29874 6
23718 17
356859 14
356165 6
245727 16
85684 34
521348 20
111699 24
25423 16
272394 20
691 4
156299 13
532042 1
12851 22
452739 0
373030 13
34603 1
421073 1
347358 16
193781 0
76936 3
39070 22
536364 0
285934 32
202974 11
279554 3
36093 20
25033 16
48346 16
15784 16
426717 13
101241 20
10234 22
421100 2
333812 28
5746 17
32295 3
42615 16
59367 12
207285 13
531698 10
142423 0
360102 6
236937 0
71981 1
28280 6
141679 34
21876 22
3506 1
49864 17
4367 16
7919 34
180558 37
93414 13
9840 4
41575 6
391712 7
311564 0
49715 6
180066 4
240539 16
404891 1
479544 4
314002 12
375342 1
5856 16
66484 4
67435 5
352698 13
264666 22
489621 6
179928 13
10011 4
8838 0
46919 21
2032 24
9830 21
21374 12
526 19
32423 3
9037 4
45213 6
18629 12
33043 7
117686 1
17159 1
55922 19
39980 7
410768 28
10436 16
417490 8
77764 16
37213 22
100843 6
229696 5
65098 7
26259 0
505131 37
11092 7
214006 21
253411 32
77287 3
23639 19
114951 6
223695 11
310176 1
186212 13
90564 37
92551 16
37657 0
418953 22
111905 1
298701 28
428063 14
516745 17
309691 37
454600 13
123592 16
231298 21
11393 16
64694 4
51057 15
252570 10
9031 7
44686 3
175596 2
39086 16
437543 38
203087 13
19254 6
474272 0
163439 4
284959 5
197559 28
145013 0
175152 27
447128 38
8041 15
328231 4
17905 10
162836 13
174567 17
22873 12
463789 7
486307 32
477463 34
419918 2
38 12
471288 4
333741 38
9900 4
396092 34
114669 16
134237 4
36801 11
340344 6
65381 4
36777 34
167907 3
118103 0
47808 13
261957 6
61147 13
199582 5
360851 18
49343 2
143295 7
298111 6
67236 6
161827 0
281287 6
144701 1
130011 38
20169 0
422197 10
163938 7
162078 0
14958 2
110897 1
13430 7
17811 12
133135 31
23814 21
499024 16
185861 21
63207 16
42621 17
123090 0
75955 7
83628 21
5908 1
17942 4
184653 10
182857 3
367398 16
482487 10
132922 3
311141 7
86762 5
424501 16
460777 4
54317 2
42016 16
222125 28
130137 19
16782 1
158918 30
156306 0
6552 12
228919 4
489838 34
140581 3
381703 34
163368 5
10321 1
19200 1
408967 22
277191 0
187145 27
372092 12
121337 21
30696 6
39651 22
175720 34
93413 13
244050 6
407542 10
6001 16
49184 16
414085 13
18759 16
4265 16
56302 17
503489 39
8040 1
173869 5
105306 6
229261 10
172042 34
312582 0
536662 16
213898 7
456765 3
310418 27
30580 2
104108 19
22036 12
71825 19
261417 28
54287 17
510223 23
120668 0
6577 21
25695 6
221900 3
7708 6
64429 16
7530 16
55843 16
426212 13
2438 1
29737 8
5556 13
316394 10
456251 3
320530 18
170110 6
486310 28
478880 22
380815 13
188516 36
297672 25
88399 30
337800 34
4447 34
24793 19
408330 0
433431 8
56215 4
4475 21
113823 29
90513 18
64674 21
470052 21
15733 3
235961 18
12252 6
230643 3
233784 16
195093 40
118283 3
1933 34
30130 16
58035 4
294482 20
284437 6
286019 28
312790 26
402157 22
41625 16
155441 0
181747 25
295282 21
218360 13
25672 13
416536 29
29425 17
7751 3
53868 6
343231 31
189329 12
68515 7
60733 15
168505 11
396075 19
69505 34
92553 36
379520 6
12441 4
433612 10
378300 22
9874 4
296476 29
48103 6
189819 16
80779 21
306463 22
48053 12
40173 16
31406 16
224423 12
536363 16
27331 7
50123 37
2986 22
459322 34
24471 1
30048 19
11521 1
35301 34
8685 1
7522 31
206197 7
48541 1
478186 28
130941 12
247869 28
245279 3
88743 5
27636 34
5913 3
33412 12
5877 15
88660 12
126974 13
47414 3
101696 3
65109 6
145 34
22902 3
20542 1
7753 16
124988 6
40060 3
6438 22
239480 0
157977 21
339260 16
291511 3
19621 12
191163 7
240454 4
34819 39
35679 13
263546 5
133063 0
33156 0
19399 6
23803 4
381854 18
468275 21
34816 6
759 10
7842 22
242875 3
177432 38
170275 31
314803 36
27003 4
28639 12
11392 16
11264 4
11709 1
14927 1
26596 0
107900 12
1810 16
63552 16
265037 12
6480 19
64334 13
152806 10
56331 16
270595 27
191934 21
176263 12
27517 12
173547 1
152593 21
215236 6
81520 19
24204 3
68126 16
387500 7
24296 22
324876 22
69205 24
438932 17
151871 6
358965 3
26054 12
8428 16
22218 0
11091 4
14442 1
26053 12
95193 31
178244 10
395731 32
30971 13
98452 21
17135 7
334070 12
13689 13
109791 15
410236 6
99421 6
15745 1
23147 16
8510 16
242154 3
59435 10
20383 5
66152 16
309423 28
214925 15
355604 20
78586 16
80722 21
21807 1
239402 34
31295 41
231724 16
17651 7
38362 4
470634 24
336171 13
330882 4
10329 1
21713 12
204524 6
124262 11
135028 5
480004 22
145010 29
486011 39
6079 3
51663 21
35894 0
12544 3
10859 1
176268 3
361334 7
366867 11
488996 34
438595 7
14110 16
95273 10
74023 24
118125 4
237983 11
458478 6
29055 4
258009 6
284553 23
185774 16
208934 2
15631 16
472806 22
321207 35
1348 16
12638 12
108002 20
65294 2
80914 1
175518 6
4476 21
35032 1
454993 5
282690 10
6937 3
299197 3
503111 4
75209 5
642 16
458019 7
461220 34
112965 10
50006 19
151533 0
59095 16
18276 12
485637 2
137217 3
494812 8
23310 22
195942 10
121847 10
20472 16
191586 24
165146 5
310373 13
471559 4
18753 13
534668 40
370677 42
78383 19
360166 30
353847 13
146 34
318547 27
207342 11
326315 7
420275 43
178992 17
508890 14
45623 16
67403 6
137496 7
123848 25
26185 12
78819 8
199664 21
246663 32
6727 1
525213 25
60504 1
61559 12
254282 7
140200 0
17456 4
34135 13
18053 16
197387 13
1183 28
391332 31
69864 6
29716 21
62156 43
9172 1
143048 22
20628 22
263283 15
237296 7
118351 4
99326 21
33427 7
130752 44
7707 1
18052 16
498166 23
109436 31
132545 21
69862 16
120042 7
337158 7
276557 1
46902 34
51649 11
67788 10
546 4
213254 0
235235 10
275377 33
111105 4
484722 21
379074 0
407087 6
371608 2
531273 10
47181 16
75917 4
20827 13
3544 16
480893 7
45090 3
33070 17
471929 27
464321 14
10042 35
383803 7
89595 14
13749 16
2322 6
205939 15
408879 1
172432 10
492917 35
86109 16
108442 29
1182 17
467989 22
143273 12
366388 13
55061 7
189702 42
3507 4
93397 1
465692 10
4251 16
334285 7
23148 16
15277 4
418888 1
231403 21
318041 21
310641 12
504192 34
330848 4
95300 7
89546 3
47507 13
458475 5
334398 28
475340 19
62858 21
106677 29
288682 0
331120 21
207471 43
189337 21
217566 16
7976 13
2323 1
42223 4
35123 1
24438 13
36813 27
1750 16
49310 16
532438 27
258509 36
17761 1
222885 17
105595 0
85451 16
358160 4
77350 7
170385 28
148385 17
6614 1
2010 0
91414 16
435450 17
17754 0
312726 27
8801 16
465120 6
467579 33
196098 5
138229 34
109071 19
10311 7
57405 1
414291 34
5718 6
444630 4
92809 5
34839 27
147552 39
97567 4
50535 16
89547 3
16519 1
3829 16
356840 34
94018 38
424203 18
247056 22
246597 13
123128 10
431686 7
423800 34
116461 22
29949 5
152925 10
117143 12
363093 27
215846 34
161207 0
26126 4
64935 19
421387 21
44317 1
5938 7
159067 27
295167 6
326766 14
81385 3
43043 16
520948 5
25066 6
390906 20
66920 5
33833 16
358720 5
4052 1
397468 6
395452 17
41624 3
144599 3
15413 13
7019 18
341650 10
386552 3
325877 0
14696 1
46127 3
47330 17
139798 22
184278 45
13088 8
25023 4
37130 13
324676 5
40229 3
407036 6
24142 34
71446 16
4018 16
287149 12
505417 18
27618 16
359423 22
1885 22
55585 4
1934 34
41597 1
178157 16
65637 34
52284 2
33400 11
25000 11
358637 16
13756 1
43488 3
382258 7
474663 30
169491 5
46731 1
407872 27
232936 4
135299 29
296876 29
148917 0
115207 6
37921 34
282919 22
233314 12
466878 20
61323 8
80301 1
29614 21
82224 0
326823 16
101433 10
450531 2
32837 12
359110 11
262108 23
34937 21
97466 4
299713 21
76432 16
355382 15
18296 12
167940 7
134780 6
67545 12
140857 5
83273 24
362102 1
966 21
13113 34
114209 19
450320 12
120358 4
36620 32
121060 2
102320 6
12259 16
5272 1
82970 6
455052 4
391690 14
49696 4
127241 3
60557 21
14926 6
80454 3
16520 1
253369 13
39445 34
5450 16
20672 22
44331 12
1376 16
7060 6
26856 6
17057 16
28713 6
168575 13
9661 19
38557 4
17171 3
32694 1
2009 0
387562 18
15547 4
29377 4
72576 37
476681 1
215435 27
47413 3
67855 16
14490 16
6749 1
122390 7
463850 46
60503 1
17258 12
104923 7
344960 24
476214 10
334979 13
361364 0
57 4
56078 43
12304 19
322562 46
164703 7
176844 4
77734 16
1842 5
321320 10
263164 19
491986 28
145489 1
83048 5
468755 9
55048 5
5664 16
441289 8
41864 22
5434 31
119370 23
106024 13
297398 6
266130 44
365967 20
167736 42
178158 0
272327 39
9511 19
107811 0
41598 7
236000 4
57489 1
6481 19
11263 6
142602 0
132696 0
288519 0
448309 31
132113 6
12718 22
142825 1
17868 0
46567 7
213248 7
216192 1
227177 16
25422 17
30021 6
480335 28
138230 4
397469 6
164809 5
59096 16
17506 12
463165 17
399900 20
159150 16
70221 16
474323 5
403369 5
18918 21
29993 1
25820 1
318651 21
195943 10
23593 2
11168 16
126808 12
216720 4
430520 36
4351 22
1347 16
2930 21
432027 12
318368 19
80913 1
159734 0
155087 4
77 13
28236 12
178595 18
18419 3
316103 1
21009 34
27 11
35921 6
39387 3
12214 1
57127 41
39225 16
46667 1
226647 34
100941 13
88874 6
3321 6
7800 4
429395 29
115067 37
209789 34
54065 21
1886 22
74097 16
54064 21
293498 29
235090 11
30400 6
118673 17
105251 47
242155 3
328819 5
2581 17
96246 21
254916 10
19487 1
254812 3
125673 22
69356 17
65311 13
55923 19
47968 6
453479 21
8462 1
6069 15
234555 4
52638 6
149383 6
141595 7
229868 23
486718 21
37078 6
447494 28
459649 28
184562 21
286408 20
11343 16
24437 13
78703 34
39332 17
285078 6
260444 6
203329 25
60295 21
29331 12
263212 17
512267 4
424690 12
30047 10
242113 12
3596 7
287657 20
32 3
305640 7
296354 4
415932 28
470245 30
157187 32
217862 9
24203 3
393365 28
5745 17
76078 13
69550 12
169012 22
217650 4
35003 4
124127 25
3061 6
76565 16
399919 44
28174 4
68431 1
67768 1
333813 3
25278 5
19547 17
259973 34
260106 6
2025 3
362009 21
11434 3
498348 34
25933 16
5359 6
306677 15
9171 4
61483 15
71508 16
56321 48
446842 4
416081 30
12852 22
40946 31
25911 1
21634 18
10433 22
55974 17
20128 12
7168 1
339610 11
131177 2
77430 16
121510 1
328149 49
497733 4
382758 4
69278 6
53120 16
392252 20
58173 1
361605 16
427048 34
148400 36
18420 3
382662 7
2566 19
312532 4
140488 3
228382 22
395028 19
343912 29
4818 16
159296 34
359982 20
67852 1
329193 50
475504 1
86097 2
474694 31
178751 3
49440 7
107492 21
61315 21
84698 33
208799 29
525 19
438404 21
69872 1
235492 39
66465 1
371495 21
261395 18
24792 19
4051 1
10322 1
479568 0
11797 21
32924 16
100431 3
169526 51
128534 6
533849 21
48856 10
93901 4
29453 22
267209 19
125452 5
24715 5
14142 17
5724 1
59242 13
527040 20
21492 32
291688 17
213006 34
454316 10
1063 6
344527 10
80153 1
388724 37
145012 33
181897 52
311758 5
167854 34
338414 1
261365 24
206183 39
262969 6
102117 5
20127 13
299143 0
17109 13
67460 11
49414 4
68871 16
398639 17
34208 52
370509 5
469211 28
29987 21
9007 34
410510 29
450453 7
164707 2
26184 12
41016 22
49438 0
14767 19
54267 16
35930 19
311271 29
44474 6
362507 12
192869 8
15596 3
496461 21
57933 1
412281 7
195469 14
127922 3
268447 13
399261 24
411882 44
386682 4
473176 4
348600 6
491809 39
79487 21
24087 4
184297 1
22286 0
20420 28
171822 28
71509 16
13650 17
320035 38
99661 7
8461 1
24473 6
30055 16
456263 38
113162 2
277841 1
5092 38
14362 3
164217 14
359613 6
28722 1
105882 2
90589 16
241311 4
479713 3
6502 34
266164 20
11342 16
498120 6
49732 4
71913 26
195244 10
300537 17
439871 18
32509 3
394027 34
385210 0
225059 6
38315 12
25987 19
96805 16
27906 2
226812 44
405831 13
269000 21
288609 27
41716 34
83500 4
226245 1
36860 17
309186 12
472549 3
240504 9
69074 3
259511 32
153694 21
517656 3
149924 1
244954 34
21712 12
19980 3
401685 29
126970 11
13889 17
30681 1
405648 21
24118 16
171256 21
158845 1
10958 12
42973 4
344026 21
275565 12
6437 22
211842 2
37916 1
191965 5
2985 34
440101 27
137286 17
1646 10
444607 5
245078 27
330065 6
189796 6
62336 3
50265 13
18953 34
107021 6
242863 2
4951 12
445312 4
148251 5
23070 17
121808 29
6313 16
455730 44
21549 16
32957 3
344782 38
66853 7
6274 16
224152 6
27851 34
89123 16
267940 4
13748 16
506935 0
141382 5
489379 1
138910 1
42108 12
6100 4
275889 31
323656 3
92097 7
396310 35
5715 1
46925 1
36152 21
124131 48
118192 29
14071 19
26639 1
341311 16
7016 1
142484 17
276632 18
2921 16
2711 4
474746 27
11796 21
297489 48
34776 6
244927 21
140021 21
5663 16
40046 1
35043 21
269551 39
460039 27
9132 39
52933 6
75768 10
61018 12
45220 0
17110 13
448255 52
389697 13
6800 22
65980 19
383777 27
43700 1
35842 8
93145 3
506673 5
53892 6
16726 32
471006 31
247014 10
24960 3
146730 7
184792 27
4038 4
6551 12
10248 34
111008 7
62335 3
203857 1
165873 3
59385 1
482477 38
208900 21
497810 52
461041 1
89299 22
61999 12
36435 34
19199 1
71816 4
29359 1
221251 10
48241 16
340735 31
121509 7
346310 19
526276 32
461731 0
2026 3
446658 5
15139 21
69258 11
298252 28
317782 53
10957 12
84740 6
28645 5
140190 22
8578 3
343689 10
366772 42
243075 31
234592 3
38502 3
18758 16
111478 4
517038 25
17491 11
315658 24
140309 7
1718 21
69337 49
6275 16
57725 4
61318 0
164720 8
390259 29
32422 3
115459 6
23640 19
300205 54
10371 16
4040 16
183913 38
55735 8
74374 0
105454 52
405974 11
296052 1
176094 7
298328 38
191409 7
237833 18
47020 12
103452 13
80285 22
235089 23
407565 5
147657 4
118873 15
36057 17
253211 2
65116 1
393308 37
17595 1
37 12
70277 3
392368 5
463093 34
1287 1
156491 17
144396 1
234924 53
123507 48
43605 1
17854 12
98263 21
36847 16
314941 12
386248 40
1749 16
51475 38
322668 38
15732 3
85102 12
201049 11
5041 12
300954 1
339018 13
5723 7
18429 4
18001 1
5514 34
10312 42
28885 16
429047 38
297580 7
483690 16
115123 16
197017 21
109607 33
20660 34
80440 21
18711 5
43626 0
59015 52
60700 39
78187 31
235566 5
7312 16
45289 2
74326 17
10562 1
93170 44
66930 7
115793 12
176498 34
378446 3
15766 19
126090 34
70360 0
356643 12
281772 5
93588 44
278219 18
2561 4
5057 0
344489 4
63316 16
39690 13
519858 24
15953 16
502444 21
109124 0
55435 1
334363 3
207801 19
482190 10
334839 27
398413 4
334420 13
268654 19
6938 3
274808 4
364017 12
429999 15
23355 34
318703 0
15183 16
3260 1
4407 12
69108 1
491709 22
110798 6
40724 16
85165 1
10161 24
125972 29
74131 12
26997 0
2656 6
457215 52
129985 39
111212 28
76575 21
403898 34
78084 19
99593 16
407143 22
222720 13
54840 47
97182 2
234219 16
3313 29
61377 16
36120 4
154637 17
190630 39
360637 21
41669 4
21273 3
219729 20
51939 0
355594 5
236710 10
106997 4
425373 16
4037 22
82276 21
95743 15
346269 7
51836 4
43413 3
45091 3
267574 13
288546 5
90178 0
528473 18
344315 16
259740 13
1286 1
28429 16
18066 15
249792 40
116044 0
460160 16
30647 22
167444 42
356365 0
66448 3
463990 27
46237 4
293304 6
329417 13
53243 13
119464 34
205500 7
493781 39
526558 4
34616 14
88971 1
466790 14
29357 4
409136 31
11477 6
164404 0
254402 24
487439 4
353071 34
198910 0
6070 1
506404 13
151828 4
264198 13
174203 16
155826 9
233333 0
148008 1
83195 3
105925 1
124799 34
139755 6
183189 5
40091 1
268145 44
11708 7
260919 4
434502 4
5883 21
114956 38
85811 16
40059 3
159405 34
411665 1
241940 21
444721 19
877 16
51617 22
44269 22
150483 34
15115 6
285276 31
87803 13
20550 21
169806 17
117128 0
2929 21
474271 27
8067 1
129216 4
28721 13
51527 17
332421 6
8154 4
240163 21
413955 0
68558 0
149859 17
73544 13
1375 16
69707 21
5855 17
78693 28
505493 4
27083 1
449745 6
74017 38
153031 3
281055 52
132426 17
5094 16
133426 6
20307 35
440457 16
18954 34
302973 4
3121 16
37340 3
73163 3
24486 34
226732 34
14221 22
14287 21
9873 4
43544 4
69665 4
69277 17
231428 12
184850 10
209298 50
76938 0
24989 4
197922 21
73603 12
8066 1
166160 7
68398 7
2066 3
150162 19
150541 44
443522 1
337035 4
514716 34
27911 3
170194 19
317260 23
146824 27
41760 2
115180 5
37617 3
321175 28
34756 21
10215 42
333006 3
47300 34
176811 4
311255 2
74665 16
82121 6
4264 16
385521 54
156449 29
290887 30
62000 12
457493 4
14999 21
2264 1
426676 2
12442 4
45974 0
405877 6
91844 2
17100 1
181996 0
12191 6
94135 0
372576 10
5058 24
22048 8
218411 1
275782 16
55955 20
1357 12
284989 0
402381 7
10307 5
40238 2
7752 3
108894 27
400286 55
509958 6
221936 35
353380 48
20601 16
266590 34
83629 4
6802 34
52182 4
46047 16
79431 6
259519 43
43132 28
270976 0
182152 7
313091 40
228378 13
216730 37
25318 16
317600 10
210073 5
4950 12
36297 3
22508 16
99507 6
199396 8
350717 11
32317 22
49639 1
55530 35
4416 4
28133 1
143261 2
268897 0
181129 13
136377 5
164702 21
289243 11
306889 0
11877 4
91205 16
67903 17
421086 10
95224 13
444855 14
20826 13
7311 16
201408 52
47194 7
64362 3
24297 4
376825 1
56424 16
322130 4
310711 17
356763 22
399856 2
97562 0
480870 6
10012 4
461713 21
3595 1
421717 34
65784 16
72111 3
106091 3
109744 35
174579 36
64335 13
9827 1
547 1
200258 28
227959 0
3749 6
271428 3
35414 7
163592 28
35933 6
32200 12
87132 3
9849 3
311795 10
273511 27
369018 8
280385 4
204801 40
13690 13
25984 1
425819 6
17812 12
514818 13
69839 21
339057 8
25815 16
537585 21
127166 1
414750 40
77414 4
414345 1
4848 51
77345 0
34554 16
501520 34
145914 6
194015 3
16490 1
420321 44
38984 22
89196 13
11167 16
226927 5
4044 1
2712 4
302975 56
76618 17
496689 5
13216 16
11373 4
32854 34
96028 19
3062 6
63213 22
75894 16
318399 4
294669 10
167858 1
13373 16
400841 28
291549 19
10588 12
56644 10
96787 29
485009 2
14850 16
283864 24
62258 18
102249 24
133591 18
138585 44
24580 1
184303 19
54786 17
7167 4
43745 12
33093 19
482987 19
4017 16
11397 1
445473 12
9848 3
15632 16
17308 4
39774 4
68539 6
452219 23
136860 0
293825 31
390331 19
213325 21
320977 24
70505 3
20126 13
134878 24
383762 1
174191 19
26526 29
285666 19
448032 27
86369 16
8839 0
24734 34
56303 17
212909 7
461513 4
501775 18
489593 7
114998 48
55782 6
24735 1
30340 4
102677 16
43697 27
74745 0
74089 6
17535 1
187610 6
24942 4
26363 4
45157 5
181439 3
372316 10
427115 0
193031 1
230250 38
63073 10
309240 29
23908 1
207541 5
396641 34
439867 16
27004 4
9632 16
181662 16
414584 39
44318 1
377061 7
11435 3
40653 17
497100 9
25231 4
24572 21
5876 1
11396 1
311303 10
47573 27
136663 28
40982 1
327321 6
173312 24
78623 4
202305 16
254281 1
491525 27
296710 28
205806 18
158787 16
9588 6
20607 1
385938 44
20190 16
212350 52
381869 1
47485 12
6080 3
47818 4
23868 22
2580 17
65436 22
48521 7
43784 4
14412 13
144711 22
517839 37
157488 22
64426 21
6721 16
445259 48
454491 1
218188 13
82486 22
524812 33
505727 4
26435 15
263379 5
14297 17
49788 11
66399 57
234882 6
322337 57
43898 6
46881 6
36806 21
105883 21
435012 47
181725 35
56037 28
48082 1
85510 0
102445 16
423886 19
328300 27
63168 3
61027 5
361963 5
446982 18
7918 34
24862 1
9036 4
2375 12
252821 21
50856 12
508539 13
241356 7
82818 32
2067 3
2920 16
31 3
60274 16
108830 27
367361 17
232604 22
132275 52
5375 7
516686 7
55033 2
123316 58
108858 3
531500 38
79182 11
47967 6
37759 21
224541 36
53535 3
532677 52
54749 12
1962 17
368538 5
106002 0
214487 32
374550 29
38296 34
7801 4
3794 4
52876 4
299213 7
64428 16
184310 1
121220 0
396342 24
11882 16
22630 8
97123 3
96474 29
39697 1
51528 3
5909 1
356139 4
346313 25
127016 16
147768 29
65284 0
19500 7
481785 7
42586 4
266108 1
487312 6
367829 21
147756 13
153445 6
83976 50
13778 16
370382 56
74656 4
24523 16
221428 4
12397 13
68870 16
234122 7
532481 16
351244 11
107727 12
3938 1
362592 12
18917 21
93475 1
161265 21
3349 17
20010 1
277847 21
399425 15
123339 0
93519 6
26773 16
43294 15
477290 2
139308 59
441628 19
139754 1
31224 1
535850 16
485928 40
242167 7
1527 31
17490 11
17537 4
22509 16
489211 22
51558 4
27359 21
296461 7
73336 60
99106 7
52345 16
352783 3
35033 1
876 16
209897 52
390651 19
39850 1
63934 17
10523 3
311477 15
5358 4
23717 28
146508 55
169735 4
48242 17
60263 4
75014 16
130795 9
203014 31
191426 1
515651 6
165755 9
61179 13
6806 16
10473 17
81601 11
390419 6
231061 37
136744 22
54190 5
325088 44
24779 28
171971 4
70739 56
137401 61
397712 0
220694 6
423077 37
52948 0
35932 1
91951 17
208313 27
59997 17
370136 24
481169 13
377262 27
98264 6
85683 34
483757 18
388362 12
370065 5
221762 62
121937 0
26104 4
91206 21
410785 44
72620 7
452992 34
141142 34
24390 16
5882 21
6099 1
4550 19
192828 63
12241 19
84243 48
283672 17
399334 11
57440 4
66256 7
339417 52
440799 39
111301 4
278687 28
461944 10
323037 5
207363 1
255764 52
8867 22
337520 38
180857 35
170776 20
76902 20
82222 25
60956 19
71948 16
4914 5
2439 1
15140 21
15954 16
335587 7
29148 29
256399 41
25937 5
100968 14
246772 34
473438 27
6801 34
5656 21
54010 34
127387 10
457660 20
281126 16
77671 7
11804 1
209 2
88556 13
5123 19
26264 0
411799 0
251640 3
49591 0
17711 17
372487 7
447035 6
440909 10
45891 42
34936 21
108004 8
26614 1
66929 1
278711 21
109453 0
107901 12
1039 11
331619 13
4944 3
284256 16
506194 0
378607 59
302477 14
109728 0
4415 22
7148 0
155498 42
37006 22
152779 13
482014 20
247066 36
14129 17
4893 13
95432 9
10249 19
233989 5
4250 16
36296 3
421783 20
511837 57
256931 18
56862 2
229179 13
269286 1
281025 20
1358 12
37175 7
320680 5
107923 14
35931 1
119685 43
93146 3
12303 19
177774 14
80309 4
408881 13
258913 52
133649 12
10472 17
243441 17
137822 5
396879 62
89358 6
161554 16
192400 34
72573 21
52298 22
122241 52
120229 3
20105 22
318621 7
463432 7
87547 6
30030 5
16524 17
48102 6
17259 12
287715 50
493693 4
8353 19
17437 4
34942 22
28559 34
441491 27
47195 4
53434 16
12717 22
261961 4
7529 16
170967 11
271912 61
303774 15
38939 26
217859 10
175350 2
4507 1
66604 27
346892 13
29413 16
215185 6
254892 64
13144 4
372709 65
395344 2
8509 16
6380 4
106087 4
477303 7
123836 35
446933 4
39796 16
71756 16
107700 39
65743 7
489644 21
4446 34
3350 17
284036 12
124717 5
396316 14
16053 21
10796 4
365504 62
114804 4
14111 16
14931 16
24163 4
1215 6
49323 4
529996 1
114783 37
132164 56
514588 10
66 3
8800 16
10359 16
281964 57
68332 14
18091 0
300681 1
231140 10
170676 3
135164 13
100703 1
258354 3
346800 0
155595 4
45561 37
127449 14
88319 6
316417 4
454365 0
182935 13
112492 19
474371 3
7754 16
536744 14
65850 21
69708 21
10495 1
22729 16
62741 16
306418 1
393798 34
130317 18
485287 0
18194 17
278085 4
159596 2
261512 4
114169 1
36835 3
7445 1
184711 18
162765 21
374098 13
419366 27
1961 17
278381 28
60188 12
467044 10
50259 1
72611 34
384266 11
10370 16
10251 21
33069 17
459866 3
54116 16
19329 34
271197 4
22008 16
1100 3
30621 13
377887 17
272861 10
79206 6
204525 1
245580 35
126142 21
143461 0
218851 12
316638 17
386010 7
2508 16
52733 16
215410 4
18355 6
19981 3
286726 2
190330 6
103047 1
390379 42
116978 6
218253 3
504225 2
400627 6
39426 4
193898 9
417647 48
75290 17
142409 7
219753 16
407860 21
25765 13
257314 12
74655 4
126503 4
519743 47
381253 5
205096 2
23975 4
459019 3
2892 16
19842 7
113767 5
32645 4
34522 6
6613 1
26645 20
67767 1
188 33
107152 4
236283 10
288398 8
106451 6
82962 48
4408 12
53167 22
53000 1
20201 4
53870 4
22217 17
332145 22
91007 4
152406 1
453424 48
2567 4
342116 34
242206 2
20096 12
35498 12
445581 11
203596 6
2265 1
53415 19
114861 52
9826 1
6171 22
384311 40
79339 20
19396 16
67597 16
8475 28
468425 1
4368 16
389359 7
26774 16
111722 57
75736 13
10563 7
37698 12
10564 16
409664 22
45126 7
331482 32
17507 12
250573 35
63768 5
30835 13
331289 1
13779 16
52522 19
78670 16
23071 17
11726 29
5122 19
163624 1
420406 10
238437 44
16783 1
138556 16
98357 14
226178 24
16814 17
62873 34
2893 16
7059 6
484291 41
408151 2
318193 0
180592 32
145125 16
31868 12
10437 16
327561 58
376093 7
25032 17
47724 21
152583 11
336255 13
22214 29
43097 19
54444 34
93237 9
49460 21
42970 34
477852 28
375473 7
37037 20
46983 5
218260 16
24260 13
24272 16
42587 4
180521 16
407273 40
233443 6
28736 17
301597 14
121881 1
502394 6
492085 43
78 13
490362 6
504479 57
277501 7
244491 16
178498 1
183670 1
205836 52
197280 63
20342 19
40373 22
643 16
170295 16
406599 16
40230 3
91066 1
521537 36
245761 17
66734 1
88340 2
353242 7
266389 66
123169 67
65326 12
4506 6
420263 4
171713 4
298195 48
39092 11
468186 0
3261 1
81383 17
21548 16
128488 7
397061 1
239977 34
