0 1.7495546340942383
10251 0
1357 1
105997 2
207285 3
395028 4
195469 5
396075 4
11264 6
14930 7
529996 3
426212 3
355363 8
41864 3
27003 6
344527 6
65436 3
54840 9
91066 3
10958 1
201049 10
387500 3
285934 11
199664 12
28721 4
2322 3
102042 6
207801 4
53535 13
89196 14
29715 3
176811 6
403369 15
5663 7
452992 3
492917 13
157977 12
295282 12
270976 2
167940 3
290085 12
82022 6
26614 3
47414 15
70277 13
337800 16
318621 3
230250 6
244763 15
111905 17
16053 12
299213 3
157488 3
1348 7
184310 3
458475 10
491986 18
36860 8
372709 19
389697 3
5909 17
90564 20
395344 3
213254 20
50523 10
474663 21
34942 3
298111 6
379074 20
473220 2
159150 22
8801 7
120397 6
242155 15
29148 8
125673 23
27499 4
158787 7
399900 18
402157 1
18277 1
346892 8
74326 21
27082 17
283725 7
83628 12
6275 7
28885 7
105306 6
113387 3
298974 24
499633 15
267574 21
498120 17
45891 25
348600 0
477290 2
14767 7
43413 13
334285 3
7311 7
29331 18
334070 1
10796 6
244927 5
331289 17
109124 20
489211 3
93397 17
278687 2
245727 7
10563 6
6721 7
97567 26
464321 14
297580 3
218253 2
252821 12
92553 23
83629 21
27331 17
53167 3
118192 26
218188 3
323656 15
480893 0
410236 3
55048 10
40724 7
130098 7
12241 7
471288 6
3321 11
343231 27
11091 6
45220 21
68332 21
137286 21
88340 27
351619 0
198910 2
61377 7
158845 17
51786 13
66854 6
313091 5
91844 12
56302 22
300045 27
11804 3
23070 8
316417 21
14362 13
149383 28
89123 8
356763 3
457660 29
19396 7
311303 20
7148 2
148385 30
72611 0
152612 20
502444 25
228919 21
66256 17
30681 3
293825 10
263379 21
25695 2
286726 27
268897 2
408967 18
156449 8
109744 10
64426 31
155595 6
6438 3
14361 13
20105 3
45561 20
39697 3
8800 7
376825 0
133063 21
311795 2
446982 6
24942 21
92311 10
397469 21
429047 8
6805 22
154637 20
353071 0
75917 6
105596 2
6502 3
107900 18
277847 24
528473 20
418953 0
324876 6
81027 3
244954 6
6069 17
25231 6
95193 10
7167 6
400679 3
14958 12
89358 6
280385 26
531500 9
2930 12
5434 15
91364 0
247056 20
102249 0
62258 8
31712 17
6614 17
12217 2
88660 12
88556 3
59802 8
206197 0
107923 25
449745 31
452739 20
260986 15
21858 0
48053 18
448255 32
42294 0
72463 21
51649 25
20827 3
123090 21
30580 12
370136 11
3260 3
306889 2
385210 6
367398 7
40092 3
13880 7
26054 1
48346 7
470634 2
46983 10
100827 20
39774 26
66929 3
461713 17
17711 8
22286 2
106087 21
108858 21
117143 2
82222 22
105251 9
145012 31
488828 24
24297 26
360166 33
468186 2
58173 3
115123 7
405648 12
34616 21
311255 18
95743 7
318547 8
156299 34
377260 4
233784 7
9031 17
68962 21
474694 11
382258 3
21712 18
9848 13
1842 8
467989 0
1101 13
9661 7
294482 13
399645 6
517839 34
6551 1
24579 3
467106 2
184850 2
35033 17
33833 7
13373 7
20628 3
142484 22
25815 7
81383 7
474746 21
69205 2
288398 8
214006 3
93237 16
159734 4
8066 3
80309 2
37 1
153445 26
27618 7
22729 7
17171 13
176151 11
18419 13
126808 1
6552 1
1215 19
281055 6
75916 7
132172 35
44317 17
381854 20
28415 18
127449 6
446842 6
214925 24
532438 24
268447 3
2375 1
197922 12
512267 21
100843 12
69356 22
146342 20
228378 3
5724 3
197280 4
68871 7
41597 17
4446 3
11373 6
460039 11
49732 6
85683 3
400841 33
92809 25
143048 18
68558 2
361605 21
95273 2
186212 3
493392 8
44686 13
5094 7
182640 21
508890 19
30621 14
57440 21
4507 17
37620 12
53120 7
20672 3
510223 30
12544 13
9006 3
60504 17
51527 1
306463 3
72620 17
43132 8
63073 2
214487 29
137401 24
397061 0
24862 17
281126 13
10859 3
7842 3
173547 3
112492 6
126974 3
171971 26
62873 3
22508 7
288546 11
266108 12
181662 7
21009 3
471785 21
423800 3
461513 6
172432 4
35933 26
299143 2
19500 17
417490 14
88834 13
266590 3
474371 15
359110 6
169012 3
17258 12
9172 17
423886 8
4408 1
26596 2
24472 2
21876 3
168505 25
84740 1
215846 8
39980 13
47300 3
223210 10
24989 6
50806 7
221251 10
46592 20
382758 21
218411 17
35498 1
7019 4
161207 2
18172 2
501775 26
278381 7
40982 17
519743 36
5092 26
123836 12
454365 4
14221 3
272394 33
446933 26
426676 34
34208 18
340344 3
211842 31
69505 17
124262 1
71913 7
39070 3
128406 2
67545 12
296876 9
18954 3
446491 21
189819 7
448309 25
35842 8
130137 7
12303 7
241311 4
141679 8
484291 22
29993 17
496461 18
291549 4
83048 10
463093 12
145110 31
308316 27
298328 8
528360 13
65326 12
51489 13
46047 7
179928 0
59242 3
47181 7
4550 7
12717 3
278219 21
178157 7
291688 2
65784 7
431686 0
496689 10
11588 3
33043 17
63207 7
320977 35
219729 18
456263 8
46881 21
42973 21
111722 15
373030 13
38315 1
15183 25
192400 3
34816 2
480870 6
103452 14
309423 21
6099 3
20201 3
25937 7
270595 8
84698 23
300205 37
237833 2
183189 8
390259 8
367361 1
501520 2
57127 38
375342 3
65850 18
221762 39
56216 26
164404 21
59367 12
124717 10
277501 12
156737 3
145833 25
93901 21
346313 38
316157 22
407273 4
64335 14
75894 7
309691 20
181129 3
109607 15
410510 8
320035 2
236283 31
35414 17
407087 26
15732 13
47330 8
24118 7
247014 7
102049 12
300537 27
222720 3
55530 17
225059 34
46667 27
320680 10
91951 8
456251 27
395452 3
17595 17
152628 31
37698 18
353380 4
72576 20
339260 8
342116 3
399261 11
7918 3
17456 6
387897 2
407872 13
132545 12
113823 8
99326 24
494812 40
159596 11
68539 12
6748 3
104593 7
147919 0
425373 12
114804 6
691 21
140857 10
288609 24
42034 6
63213 3
24142 3
76938 24
85510 2
65295 12
203087 12
12304 7
2986 3
298252 15
140488 13
20010 17
82121 7
62000 18
27636 3
377887 26
445581 27
23355 3
28645 10
414291 6
429395 26
14297 8
457493 6
477303 12
299713 12
255764 27
36296 13
5058 2
57405 17
328805 31
52298 3
156491 22
397468 21
26650 2
32837 1
34937 12
94135 2
77345 2
285078 12
12718 3
503111 21
234882 31
453424 8
195942 20
263546 10
40946 11
94946 17
43488 13
59015 18
35032 17
460777 21
6080 13
11521 17
40173 7
10011 17
69708 12
124988 12
322337 41
53434 7
28133 17
1347 7
79873 6
372316 7
190630 7
182874 3
85684 3
414750 4
339417 8
148008 17
278711 12
112586 17
407025 7
30647 3
268654 4
241938 3
38939 10
16524 22
50258 17
121881 0
59997 8
491525 11
25066 3
106997 6
24087 21
258509 34
391598 25
25820 17
150162 4
244050 24
9588 2
226732 3
500841 4
20420 7
67903 27
45623 7
2580 8
93729 3
120229 2
419366 10
310711 6
226245 0
83273 13
12397 14
171706 6
432027 1
15547 6
42621 23
502394 6
346269 17
5855 22
16783 17
180521 7
126970 31
421717 0
188516 36
260106 1
472549 15
25933 7
463850 11
35043 12
144396 17
265037 1
77430 22
3938 3
356840 13
165711 7
21693 3
322185 12
271912 19
74089 3
187145 24
293498 24
212894 26
14772 18
178244 31
81520 7
173869 10
488996 12
213006 21
249718 3
254281 3
71981 12
421387 12
26526 8
483257 18
42016 7
123316 36
39795 7
68870 7
2508 7
12638 1
125452 10
399856 12
107811 2
140581 13
6613 17
20342 7
482014 18
193898 27
496165 17
222125 2
231061 20
136860 31
47413 15
4037 3
151871 3
278085 6
74745 20
519878 6
399334 24
83010 7
37130 14
38557 21
188 2
10370 7
143295 12
440799 1
47194 26
90721 18
297489 2
102145 10
62742 7
40230 13
107727 1
26774 7
67597 7
489621 28
205836 19
423077 20
141382 10
350717 0
331619 14
79206 14
28722 17
39445 3
381869 3
172042 21
11709 3
378446 13
362102 3
49440 0
31 13
471006 11
36813 21
360102 10
234592 11
30056 7
22509 7
19254 19
86369 7
126142 12
302973 26
227601 6
53632 17
71508 7
375473 11
411665 26
236710 24
1375 7
143261 22
69074 18
91886 14
311564 10
167136 25
130795 36
6274 7
240163 12
10524 13
51528 13
178158 4
241356 17
173312 2
7445 17
153471 7
169491 10
317260 12
88743 10
505727 6
197017 12
197559 27
9037 6
502376 17
36120 26
18711 10
78623 21
441628 42
114998 25
269000 0
309186 1
61999 18
74656 6
50805 7
27359 12
322130 6
236937 20
439946 15
16520 3
128488 3
47808 14
39332 27
446658 2
180722 20
11708 3
24486 14
371495 10
372487 3
428063 12
181897 33
325088 11
353847 3
39426 6
486307 14
91744 39
67303 17
298195 24
346800 21
51836 26
52284 16
37916 3
78 3
14288 12
407860 12
114956 2
1376 7
29737 27
9132 32
74017 8
2929 12
114861 25
377061 17
48541 3
10371 7
89059 33
19487 3
528506 10
111212 12
80285 3
235961 10
55070 7
205806 10
399919 10
130752 41
243413 13
10588 1
87439 10
401685 40
61147 14
10359 7
13778 7
4017 7
28132 6
181996 7
99421 26
406599 32
75736 14
312726 24
421783 23
82224 2
68373 13
52949 2
210073 10
6577 12
47724 12
376093 16
75955 16
207541 10
53243 3
69707 12
7976 14
259973 12
396310 3
26856 19
38 1
66399 15
112965 20
6938 13
444248 21
461944 20
22217 2
64935 4
10311 3
516745 11
330882 26
13430 3
470852 3
20660 3
177432 31
29055 26
5057 2
13690 14
391712 0
76078 14
65381 6
114834 8
248792 23
161554 7
52933 6
60188 1
15954 7
25987 7
242863 15
152583 8
23803 6
10307 8
35211 8
109436 8
213898 14
152806 15
1286 3
11434 13
33093 7
24261 14
16474 13
509958 5
136663 15
27911 13
22630 14
4893 3
74097 7
27 10
2009 20
476242 24
485009 23
115180 10
67767 26
20307 13
331390 17
9007 3
240454 21
516686 17
107700 13
164217 21
108002 31
12018 34
30971 3
26104 2
217862 14
1885 26
105882 12
54444 3
182935 14
8838 2
486011 39
106091 13
364017 7
137217 13
23640 7
26363 26
8578 13
386248 4
46902 3
130941 1
224152 6
139308 35
226927 10
121567 19
284959 10
76432 22
276557 3
491765 26
10957 1
18420 13
26259 2
3544 7
68398 17
14931 7
261512 6
243075 10
17160 17
414345 12
208934 2
116044 2
298701 1
5375 3
203596 11
37617 13
152779 3
3829 7
35679 14
384311 31
493693 6
525 7
87130 17
153031 13
243441 2
105883 12
375177 17
20472 7
15139 12
57489 17
240504 16
65109 17
457215 34
358160 21
356139 26
176498 26
239480 21
118673 8
433612 26
482487 26
123507 18
16519 3
72111 13
7754 7
69079 17
23718 8
491809 27
18296 1
130317 6
40060 13
80779 12
29994 6
107492 12
39690 3
37175 17
10564 7
28429 7
497810 8
96383 18
424810 7
140200 2
159296 0
87384 2
7752 13
331482 13
504192 43
77764 22
505131 11
91206 12
60956 7
458478 12
334398 31
86109 7
227177 2
312532 21
31224 3
433 25
120358 21
119464 3
76902 11
109791 17
21374 1
59385 17
42108 1
25033 22
526 7
59096 7
297398 20
36152 12
51663 12
477551 21
275377 2
49343 12
70360 21
17754 2
73163 8
159405 3
6070 17
51558 12
282739 22
93588 24
6171 3
508330 24
27517 18
29453 3
33069 22
36435 3
332145 0
3982 6
441491 24
118103 2
54065 12
194015 13
5272 17
180644 21
19199 17
48103 6
317782 19
390651 4
8461 3
121509 17
6313 7
483690 11
253369 14
120668 2
408151 3
10321 12
17308 14
66920 10
13113 3
89546 13
5882 12
481785 39
240539 23
356984 12
24437 14
11882 7
24204 13
69665 21
29377 6
189329 1
467579 31
13748 7
408330 21
465120 21
503489 32
123128 2
5856 22
103035 0
536662 21
45974 2
178498 0
5912 13
44877 12
7975 14
36093 9
143273 1
385521 37
4914 10
481169 3
258009 26
55735 40
189796 6
55843 7
454993 10
391332 27
114951 6
468275 3
361364 4
15115 2
8428 7
283864 31
7168 3
369018 30
443795 12
87547 23
4367 7
257314 1
326766 2
55923 7
13049 17
98263 12
152058 21
239402 17
254282 0
70278 13
32295 13
3121 7
218360 17
508539 3
41016 0
192828 38
52876 21
78819 40
95224 14
18053 7
66219 44
47818 6
318193 6
145125 7
966 12
26645 33
52345 7
49437 19
191426 3
462051 12
33176 7
61559 23
85165 17
11393 7
223714 31
9036 6
98264 12
50265 3
96246 1
447035 4
2566 6
392368 10
49184 22
62335 15
78383 2
352783 11
186380 3
439867 12
405831 14
32509 13
67852 17
54786 8
53296 17
472806 15
175152 20
28236 1
184653 20
116503 2
110798 2
114209 4
189702 34
5664 7
282919 12
6800 3
433552 31
20826 14
505417 24
418888 12
471559 21
388724 15
477152 25
4251 7
176098 10
170676 13
29614 12
118283 21
170776 1
284437 6
124039 2
20169 2
192869 30
506404 14
79487 12
12214 3
334979 3
142602 4
536364 24
262108 20
138120 31
30400 2
1646 2
398639 45
69550 1
386552 13
235090 24
433311 21
148917 2
531698 10
216590 25
12191 26
275782 7
642 7
145489 17
316103 3
42586 6
266389 40
145914 3
130011 2
5359 12
68431 17
468755 16
7529 7
245761 22
2438 3
311477 25
497100 45
150483 26
252570 7
170385 13
386010 17
189031 0
533849 12
13779 7
461220 2
9826 17
174567 14
514716 3
63552 22
32317 3
348455 7
330065 6
57736 25
2066 13
29501 12
4264 7
49639 3
217566 22
324676 10
490362 19
284036 12
45126 0
184278 46
47195 26
81242 0
138556 7
164720 21
4848 9
7446 12
51605 24
472363 13
486718 14
155826 0
506935 6
461041 3
454491 17
314803 11
35930 7
67393 7
197387 14
514818 0
14442 16
21770 23
4506 6
68515 29
174191 2
6001 7
56215 26
381253 3
355382 34
92551 7
38502 13
254402 22
263283 22
199396 26
171655 21
24792 7
14287 12
89547 13
40046 3
466878 33
65284 21
77258 8
450453 17
311758 4
379520 12
365504 39
23071 8
361334 16
246772 3
89299 45
22064 3
53870 26
50006 7
56321 47
17651 14
7753 7
71825 7
234555 21
491709 27
404891 0
26773 7
333006 13
49696 6
114783 20
333249 11
185861 39
170275 11
14490 7
514588 21
229868 30
29169 12
36847 7
148400 2
152593 0
82345 1
75768 7
5745 8
140021 12
52522 7
30340 6
184303 25
28639 1
80153 17
22008 7
277944 6
24438 14
98357 14
38296 3
85451 7
7016 17
101241 18
296710 7
18001 0
133649 1
35921 19
293673 48
8154 26
515697 21
43294 7
55435 3
34839 10
233314 5
51617 3
497733 14
473176 21
60733 34
36620 26
295891 15
403933 12
290887 35
11796 12
71740 7
61018 1
82818 31
33427 17
285276 27
234924 49
29413 7
259519 17
394027 12
276985 2
71816 21
17491 15
67788 21
22048 19
210689 17
258913 25
4352 3
463432 17
323037 10
91321 2
26184 18
8067 3
69864 15
401567 3
506673 10
7800 26
102445 7
22873 1
32957 13
62156 17
4950 1
212350 30
414085 3
136896 12
144599 13
356643 1
79431 6
10329 12
90178 2
133591 2
31868 1
182601 4
105595 2
41716 3
41625 13
15953 7
29874 28
175720 2
239980 24
21273 2
372092 12
249792 31
7919 3
132113 1
23367 2
19789 1
365925 26
2559 6
79339 34
92977 7
8475 2
33339 7
75209 10
32423 13
39755 8
133135 21
229179 14
16764 0
40373 3
229696 10
11396 3
334363 24
10436 7
318938 20
115207 7
247869 20
18066 17
7059 19
34819 39
10562 17
23639 7
106451 2
2264 3
31406 7
237983 4
36801 12
249733 13
138134 12
325877 2
3750 19
406683 10
11092 3
213248 16
69277 22
69839 12
56331 7
18753 14
49310 13
535850 7
176844 6
15784 7
8040 17
199582 24
53415 7
43097 7
30696 26
43605 17
346841 0
190330 12
30048 7
196098 10
22218 2
78382 7
193781 2
43745 1
460160 7
183670 17
409136 10
288519 2
108633 10
453479 12
438932 8
420321 13
180592 13
5913 13
34603 12
246663 42
232604 45
6481 7
30554 12
65311 0
32694 3
233989 10
77350 16
17535 3
53467 17
18918 12
132696 2
203014 10
480004 45
27004 26
35314 31
9827 17
419918 31
526558 26
26126 6
93519 12
471929 24
421086 20
56862 12
479568 26
256931 24
46919 12
161827 21
532677 10
236000 6
36057 8
400286 50
273851 27
409664 27
489379 12
24572 12
189337 12
140309 0
117230 20
106677 31
18917 12
217859 20
12441 6
115067 2
44269 3
44474 0
121060 12
134878 24
226647 16
531273 2
56303 22
368672 21
27127 12
231298 12
5123 7
139754 17
334420 30
2581 8
70739 12
2985 3
271428 13
310176 6
504042 7
311141 3
9830 12
18052 7
78187 11
25422 22
48242 22
416536 31
231403 18
99593 7
477463 16
546 6
170967 2
480335 0
135874 0
78693 2
14850 7
195093 50
334400 14
5358 6
346310 12
78703 40
171822 24
136042 14
396342 40
44318 17
33400 30
5723 3
4039 7
455052 4
28736 8
107152 12
2323 3
3507 6
1886 3
534668 31
4250 7
226178 34
14412 3
28430 7
3939 6
370677 25
5908 17
238437 10
245078 21
13749 7
356165 6
362009 12
345488 24
329417 20
97123 13
421719 25
60125 19
23975 26
11168 7
312757 14
267940 8
101433 7
26613 3
49460 12
66 31
63168 13
261961 6
12252 3
358965 13
449648 16
76575 12
174579 15
524812 15
60274 7
7312 7
95300 0
11342 7
487312 2
93413 14
27083 17
46237 6
164809 12
140233 17
28280 26
52182 6
175596 27
24473 17
36835 13
183913 30
391690 38
216730 20
15745 3
34952 12
6480 7
152925 20
60263 6
14110 7
179782 21
440457 7
153802 17
310418 51
184711 20
138229 3
339018 3
536744 21
33156 2
4951 1
195244 20
96787 12
378607 35
43721 7
6749 3
149924 6
39086 7
54064 12
46567 45
61179 14
408881 3
136377 2
5938 17
69278 37
20127 14
70263 3
40238 7
3749 19
358637 7
12442 6
9899 6
260919 6
366867 25
147768 8
66734 12
454955 30
47968 20
131177 12
170194 4
424501 3
13689 3
137496 17
162836 17
1039 23
134655 0
104923 3
264646 3
327729 3
118125 6
20126 3
212909 3
465692 4
417647 2
25423 22
12851 3
40229 13
209897 32
281772 10
26185 1
17854 1
285666 4
15309 7
234219 7
2920 7
504225 12
75290 2
261417 29
26264 21
27906 27
297672 33
19981 13
10312 3
147756 14
474271 10
90589 7
384013 3
125972 24
384266 25
42615 7
156658 29
59435 4
393308 45
37921 3
62858 12
11263 17
440909 2
7060 19
1100 13
65098 3
14670 3
81588 13
759 24
111301 6
169427 16
310373 3
13088 11
85102 0
425819 30
385938 10
208900 12
4040 7
25672 14
420275 39
370536 3
15733 13
333813 13
473438 24
259740 31
59991 23
55585 26
504479 43
4447 3
55061 12
113162 12
64334 14
23593 0
5883 12
405974 8
8885 3
405877 15
15277 6
362592 1
74665 7
3596 17
37657 20
318399 26
52638 12
191820 7
299197 13
75014 7
76452 4
454600 3
3313 51
313838 15
114669 7
18091 2
360851 24
146730 17
266130 29
113767 10
114169 3
68126 7
381703 20
340735 11
111105 6
339057 51
478880 45
48856 2
536363 7
208313 8
32422 13
38984 3
56037 2
83500 6
388362 16
52722 8
318703 31
64694 6
2921 7
240469 7
424690 1
359982 5
1063 19
169806 22
264198 0
485637 12
229261 29
45213 2
4475 12
153694 12
81385 13
245279 15
8577 13
132426 2
14696 17
12639 1
180857 8
182857 6
109656 26
537334 20
3062 19
269286 12
17110 14
55974 6
191586 15
24723 3
138230 21
407036 52
448032 24
251640 15
450531 34
25023 6
123169 23
73544 3
146 3
85811 7
155087 21
208799 8
2892 7
86097 52
61323 40
207342 0
499024 7
261395 21
14927 17
220694 12
247066 32
184562 5
49438 19
482987 12
470245 38
161265 0
110929 31
233443 14
13650 8
65637 3
2439 3
126090 16
254892 51
38362 6
4368 7
29359 3
437543 53
191934 12
14071 7
161981 38
15632 7
405895 20
140190 20
67855 7
135299 51
321320 20
396092 26
489593 12
20190 7
250573 52
7530 7
52948 2
43898 6
11726 8
43697 24
253411 39
316638 11
16199 17
57933 3
40059 13
470052 5
34554 7
456765 15
8041 17
263164 20
10495 17
176094 0
32831 2
242113 1
36777 2
134780 6
411882 39
367829 12
422197 22
9900 6
19980 13
34756 12
7522 32
380815 14
49414 21
23786 7
102117 10
6727 39
32 13
326315 0
365708 21
337520 53
3794 6
7801 26
521348 2
312582 6
51475 31
67768 17
321175 20
361963 6
66410 6
54267 7
377262 4
24960 13
12259 7
123339 26
37759 12
99661 17
327561 43
368538 10
56665 22
276632 24
474272 26
89160 34
111478 6
77734 7
317600 8
226812 18
224423 27
166160 34
71948 7
41624 13
6380 6
1287 3
345782 7
479713 13
420406 30
413955 21
482190 31
65116 17
14926 6
100941 3
253241 33
370509 14
547 3
167444 19
100968 14
16726 29
19399 2
176263 20
32200 1
817 10
387562 20
318368 6
32645 6
260110 4
111008 17
339610 25
2712 6
122241 8
76936 13
9171 6
62741 7
10473 8
24296 3
83976 27
137822 21
133426 12
383762 1
253211 30
434502 6
15631 7
20096 1
96028 8
61318 2
262969 21
256399 38
107021 19
347358 25
215236 54
392252 19
66465 17
533905 31
145010 16
13756 3
37340 13
460674 3
359423 12
22036 50
82962 55
421100 27
5122 7
84243 4
93145 13
3261 3
18276 1
2067 13
17057 7
2032 15
65980 7
32032 1
75889 1
99106 17
151828 6
469211 7
267209 7
49591 20
3795 6
37006 27
167736 34
24861 17
204525 12
309240 21
80454 13
83195 13
289243 12
336171 11
280380 3
8685 17
170295 7
17259 1
433157 52
4052 3
5656 12
286408 18
63768 10
441289 40
330767 20
474323 10
34135 14
10248 3
175350 22
451754 56
34776 5
70505 13
93414 3
318041 4
66484 6
134237 6
228382 3
95432 57
424203 2
141595 8
4415 3
305640 17
11476 3
527040 35
25318 7
5718 2
23868 45
231140 20
343912 51
138585 10
344489 12
9662 7
1933 3
24272 7
232936 6
24735 3
459649 2
300954 0
205500 34
162078 2
8509 7
54116 7
283672 22
71756 7
180066 10
228674 19
39890 6
311271 51
5514 3
84697 2
61027 2
215185 12
532481 7
64429 7
46925 3
37078 3
18953 3
216192 3
8037 3
439871 20
40091 3
383803 3
97182 8
480704 34
108830 8
6312 7
30835 14
33412 1
66604 53
23147 7
334839 26
87803 14
378300 3
29987 10
328231 53
328149 41
69872 3
284553 58
337035 21
9511 53
58035 21
296476 8
69108 3
21634 8
302477 11
73336 57
43784 6
202974 25
39225 7
7707 17
21492 29
30130 13
19546 8
101414 7
281287 6
40653 34
39850 3
322562 43
4351 3
288818 12
463990 10
106002 26
28713 19
50856 1
26639 3
35003 6
408879 3
68820 7
69862 7
102677 7
57725 21
242875 25
4051 3
165873 13
279554 13
106024 15
427115 6
312790 10
261957 3
24715 10
60557 12
18194 8
163439 6
74655 6
21807 3
5877 17
426717 3
415932 27
16814 34
427048 3
382662 27
395135 21
5042 1
445473 1
77 14
191409 17
282690 31
365967 41
16346 17
274808 21
202305 7
1961 8
14111 7
400627 2
39651 3
26053 1
53868 3
344315 7
359613 3
9840 6
396316 8
14142 8
146824 26
360637 12
93475 3
118351 10
390419 12
48521 16
17942 6
21548 7
1214 19
205096 52
393798 14
159067 12
135028 21
20601 7
25911 3
372576 20
235089 11
22214 8
80914 3
147657 6
117128 6
115459 17
10234 3
10215 3
207471 27
103047 3
25673 14
42970 3
475340 2
24203 13
1717 12
1183 8
277308 3
81682 14
167907 13
17135 17
145013 20
13144 26
397712 20
1750 7
96474 23
506194 6
17109 14
215410 21
10472 8
19200 17
56424 12
322090 39
515651 4
54749 1
117686 3
281245 42
444607 10
327321 2
7708 17
275889 20
57359 17
109071 7
163635 38
319557 33
56078 42
16782 17
264427 2
58067 22
17490 15
390331 2
115793 18
234122 12
520948 10
339502 13
64362 13
344960 13
287715 12
5746 8
175518 1
358429 20
6079 13
322668 31
337158 15
67460 8
17437 6
55033 45
444855 17
293304 17
6100 26
445259 22
203329 33
204801 50
118873 59
150541 11
356365 10
332421 12
287149 4
198114 11
263212 23
268145 35
2025 13
91007 6
88319 6
81601 12
66930 3
62336 13
344026 12
310641 1
49864 22
176268 13
3350 22
205083 26
127166 3
136744 3
178992 8
10042 12
314002 1
185774 7
41576 19
1062 19
294669 4
316394 4
271197 6
80301 17
517656 15
4476 12
468425 3
366388 3
143461 2
505493 21
181725 60
43700 17
41575 2
54287 8
525213 39
355604 33
221936 33
49788 15
217163 13
23908 3
139798 20
329193 34
98452 12
20012 27
169526 9
55955 20
336255 14
5556 14
174203 7
478186 25
26997 2
144711 27
119685 15
148251 10
26435 53
402381 0
165755 3
73603 50
174014 20
482477 31
213325 61
121808 8
155498 34
221428 6
8462 3
42223 25
19547 8
170110 57
15766 7
438404 12
51939 2
107901 18
54190 10
483757 21
277841 3
139755 17
4044 17
11797 12
124131 41
17761 3
67403 3
82276 12
315658 29
10012 6
19842 3
435450 3
60295 3
463165 6
155441 8
145 3
370065 10
393365 53
23717 8
8353 7
61483 34
11435 13
485287 2
4038 26
78586 7
19621 1
276150 25
79614 52
17905 20
21549 7
129216 6
475504 3
11167 7
64848 13
18429 8
146508 50
13216 7
35932 17
178751 42
47507 14
17812 1
86522 17
204524 17
167858 17
219753 7
57 26
97562 2
82970 19
3061 19
120042 3
158918 33
277191 2
344782 28
218260 7
127016 7
320530 26
4265 7
242206 34
41598 17
242167 18
31295 19
111699 3
27851 3
352698 3
159367 10
55782 12
15140 12
116461 45
10161 12
5876 17
15413 14
532042 17
74374 2
235235 7
447494 31
36297 13
216720 6
10565 7
3349 22
467044 45
386682 11
79182 25
180240 8
171256 12
163368 10
1962 8
126503 21
40251 15
399425 27
216769 10
23148 7
34522 19
32924 7
235492 6
459322 16
477852 23
239977 12
30030 20
24523 7
14999 12
184792 30
407143 45
105925 17
371608 16
20128 1
24580 3
45289 12
394580 13
32854 3
4407 1
41760 23
14695 17
48102 8
19329 3
967 12
25765 14
35894 20
76618 22
445312 8
195943 20
303774 51
5449 7
200258 8
314941 1
164707 22
230643 24
1978 6
526276 42
66853 26
246597 3
284256 7
254916 31
362507 1
35301 3
493781 32
163624 17
391333 27
231724 13
54010 3
327014 0
396641 0
511837 62
157187 33
93170 8
1358 1
209298 27
46127 13
9849 13
5041 1
38211 3
209789 12
30055 7
141142 6
306418 0
2893 7
9632 8
476214 31
421073 6
11397 3
50259 17
10437 7
339191 0
333812 52
326823 7
1182 8
1934 3
39387 13
333741 53
163592 27
264666 3
489644 14
17868 2
184297 14
91205 7
242154 13
12852 3
151533 2
390906 50
9874 6
17159 17
53892 1
56644 4
452219 1
17537 6
53000 17
14129 22
168575 14
498166 3
182152 34
235566 10
61254 19
355594 24
537585 1
39092 8
121937 10
191163 34
74131 20
92097 3
206183 32
108004 63
36836 13
17507 1
492085 0
482700 2
489838 3
261365 15
90513 15
69258 12
30021 6
93146 13
300681 17
28174 6
66152 22
233333 2
121220 31
48082 17
330848 6
15414 14
108894 26
25000 31
138910 17
381165 1
50183 18
272861 20
41669 6
2561 26
25032 22
63934 8
374525 10
61315 12
18355 6
356859 38
241940 14
29425 14
412281 39
82486 20
162765 12
164702 12
37037 41
877 7
77671 0
63316 7
24779 8
129972 13
128534 12
6937 13
49715 3
65294 12
65743 3
1527 20
273850 38
72573 12
177774 14
363093 53
169735 8
338414 0
6806 22
3506 17
23814 12
286019 14
147552 39
25278 8
108442 36
876 7
135164 3
171713 26
91414 7
28559 3
413863 45
127922 13
67102 6
335587 12
24471 17
132275 49
56332 7
318197 41
41484 6
275565 41
123592 7
508922 26
7751 13
2374 1
433431 63
36806 12
121442 2
407565 10
35123 3
64674 12
258354 13
33070 22
152406 14
37213 31
16490 3
420263 6
80722 12
17100 17
18758 7
430520 43
403898 3
86762 8
273511 53
25230 6
20607 17
6437 3
44331 1
17506 1
298116 30
281025 31
190018 23
5715 17
11392 7
9873 6
221900 13
116978 17
25984 3
18759 7
55922 7
30047 26
99507 51
71509 7
123848 33
102320 40
444721 56
343082 31
373542 3
60503 17
223695 14
512458 29
124127 27
396879 56
335824 31
383777 24
24734 3
287657 18
1772 17
71446 11
142409 16
201408 25
1977 6
341311 7
328300 24
5555 14
105454 41
501957 21
331120 12
217650 14
416081 33
259511 9
13889 8
407542 53
101696 6
121510 17
386325 14
77414 6
429999 48
18629 1
43544 6
39372 1
295167 40
33031 6
281964 4
50123 15
8839 2
218851 1
434016 20
10249 7
11343 7
458019 57
296461 17
3830 7
410785 20
104108 27
29949 21
2026 13
207363 17
643 7
269551 32
97466 6
187610 12
15596 13
78670 7
338492 0
459019 31
165146 27
322296 26
78084 7
353242 0
261713 25
24260 14
29716 12
69337 64
479278 27
87132 13
20383 10
479544 6
498348 6
42620 6
244491 7
77287 13
129985 32
389359 3
64428 7
459866 13
343689 20
178595 10
366277 25
10523 13
1718 12
11881 7
302975 54
96805 12
66915 22
429183 3
43626 26
191965 52
484722 12
3595 17
122390 3
10433 3
374098 3
109453 2
156306 6
2509 7
438595 57
47967 19
149859 22
54317 16
8510 7
443522 0
4944 6
132164 3
288682 53
67236 12
88399 52
47573 4
109728 2
181747 27
59095 7
22902 15
390379 34
76565 22
490961 39
4018 7
476681 57
20550 5
39796 7
418783 10
2567 6
301597 52
70221 8
381107 2
215435 63
52733 7
237296 3
486310 27
450320 1
32233 7
209 34
45091 13
11877 26
410768 23
4818 7
306677 41
463789 17
519858 65
24793 7
110897 13
119370 56
2656 19
299458 18
366772 45
49323 6
33359 3
66448 13
89595 38
205939 19
42587 6
318651 31
435012 29
124799 45
260444 12
48241 22
45090 13
2265 3
128068 53
444630 6
47485 1
88874 19
180558 53
40096 24
529082 24
35931 17
351244 31
74023 2
370382 14
296354 26
47020 1
1810 7
8867 31
181439 20
45157 10
21279 51
321207 12
245580 66
521537 11
80913 3
46731 17
414584 52
50535 7
121847 31
231428 12
10322 17
1749 7
144701 12
1809 7
291511 41
23310 45
440101 24
24163 6
127241 13
284989 10
203857 12
461731 51
29885 20
17811 1
121337 5
34936 12
94018 29
142825 3
193031 14
24390 7
266164 18
122595 19
328819 10
167854 3
5450 7
6801 6
224541 12
227959 6
6799 26
341650 20
4416 26
100703 17
60700 6
296052 14
163938 12
164703 16
243522 23
11477 12
222885 30
67435 10
21713 1
454316 7
374550 51
48801 20
100431 13
367599 26
2711 6
51057 17
272327 57
80440 12
2010 2
132922 13
411799 21
254812 13
88971 17
455730 16
517038 43
29152 7
127387 21
444513 29
142423 2
29357 6
295096 5
447128 53
126186 18
43043 7
6802 8
466790 5
20542 3
395731 49
485928 4
487439 26
398413 6
358720 10
