0 1.7329738140106201
529082 0
39372 1
483257 2
11726 0
90178 3
5913 4
8685 5
76078 5
70505 4
406683 0
248792 2
61018 6
293673 7
2656 8
25820 5
110897 9
138134 10
132164 11
16053 5
387562 12
21279 13
39697 9
3121 14
76938 0
72611 5
53467 5
337035 0
459019 15
15414 16
69707 6
266108 9
200258 0
32422 12
112492 12
421086 17
71948 14
260986 18
318621 9
322337 19
138585 13
133591 12
10359 14
5876 17
9827 5
42034 8
14110 14
112965 17
43294 12
60733 6
258354 20
501957 0
26650 8
87439 13
47967 9
298195 3
210073 13
414291 12
11588 9
7312 14
25423 4
6721 14
4476 6
38939 21
244050 15
2559 12
25033 4
221428 12
52722 4
37 6
460039 0
479568 12
23908 9
32831 12
1750 14
490961 22
153471 23
7168 9
10248 5
508330 0
298701 21
7754 14
46127 20
339018 1
391712 9
91206 17
386552 4
52733 14
93413 16
53167 9
447035 17
4264 14
60188 6
97466 3
46925 16
146730 5
421387 6
505417 13
546 12
300537 2
63213 9
8801 14
66219 24
17942 12
435012 18
31 20
445259 20
8461 9
152779 16
491986 18
26526 13
120358 0
484291 2
449745 15
260110 17
32 20
6938 20
101433 3
33400 13
89059 25
322090 26
6577 16
126808 6
29716 6
423886 2
391333 12
360102 12
83010 14
1376 27
167136 20
296354 12
203014 3
512267 0
37759 16
136744 9
186380 16
116461 16
311477 28
331619 16
54749 6
3830 14
417647 16
159067 12
147919 1
108002 29
180558 2
370136 26
169526 18
218411 5
52345 14
7752 20
501775 13
159367 13
483690 13
336171 16
189337 17
24390 14
383777 3
35301 9
2025 4
261957 16
82276 6
298252 15
404891 6
407872 0
10161 30
309240 0
299197 15
123339 12
374550 3
137822 3
140233 5
254812 4
468755 24
6274 14
233314 16
277191 15
293304 16
8353 12
347358 20
344527 17
215846 0
2921 14
79182 8
377260 17
396316 12
43488 15
108442 31
444721 28
528360 20
501520 15
265037 6
258913 20
283725 0
147768 3
12851 9
60700 0
2711 12
14361 4
92977 14
25230 12
97182 20
105925 5
100968 16
322562 11
284959 13
27851 5
400286 32
102145 12
249733 20
23640 12
24118 14
66448 4
206197 9
471006 11
26126 12
121808 12
1287 9
10042 16
424501 6
181897 33
411665 8
5909 5
102049 6
57 12
204801 18
521348 2
88834 20
348455 14
6806 4
155595 12
67303 5
407542 0
13748 14
402381 1
96246 6
54065 6
233989 16
114209 17
395731 34
116978 8
69505 5
139798 12
487439 12
184653 17
28559 5
85683 5
43132 3
418888 12
36860 4
326315 9
398639 10
337800 16
130317 12
358429 35
33156 8
152593 6
86762 3
135028 0
9661 12
346841 1
298328 2
17868 0
102445 14
10329 10
107700 2
4818 14
642 14
247056 12
285934 7
34952 5
275377 13
223695 16
208900 10
278085 12
67102 12
2009 12
316638 26
444248 0
45220 0
24087 0
330882 12
195093 25
37078 5
426717 16
164720 13
60125 22
424810 0
182857 12
224423 21
327729 5
73603 18
167736 30
23717 4
114951 12
536662 27
485637 20
16346 5
65436 9
19981 15
45126 6
359423 10
36120 12
29357 12
486310 21
55585 12
176098 13
22286 3
121881 1
17754 12
285078 10
444513 18
65637 9
91844 6
48241 23
444630 12
217859 17
42973 26
441289 2
133649 6
48541 9
473220 13
2580 4
52876 0
6001 14
494812 23
408151 16
41597 5
5856 4
84243 3
47818 12
454316 3
4550 12
170385 15
385521 1
71816 0
22008 14
444855 16
183670 5
109744 21
343689 12
40653 30
531273 17
53535 20
105883 6
13756 9
120397 12
147552 22
59096 14
138556 14
132113 27
27 21
34208 6
401567 5
79873 12
433157 17
41625 4
127016 14
23814 6
6552 6
66 20
26184 6
62258 2
11264 12
514818 9
306889 3
88319 12
526276 13
318041 17
205500 6
183189 4
450453 5
481169 17
14362 4
47413 20
370536 17
335587 5
32924 14
49437 8
31712 5
103035 5
6801 12
101241 29
99661 5
480870 17
46567 24
191426 9
242863 30
24523 14
356984 2
43697 16
213898 1
5057 3
6070 8
236283 15
6727 16
9031 5
348600 6
146508 32
454365 17
87384 13
179928 5
386682 0
475340 6
111478 12
414345 9
210689 35
3939 12
121509 5
87803 16
366867 20
14772 6
88340 4
472806 16
276632 0
7708 5
376825 6
411799 0
409136 17
1347 14
429183 6
10588 25
67855 14
40982 5
16726 34
143461 8
493781 9
433612 17
6481 12
346269 1
212894 12
55843 14
2026 4
171822 12
169735 12
43721 14
69550 6
509958 16
8475 18
13880 14
85102 6
96383 29
207471 21
480893 1
89299 16
41484 12
17100 5
147657 0
57127 36
63552 23
178498 16
20127 16
291549 17
61323 23
54317 9
425819 31
293498 34
79431 12
8885 12
136896 6
115067 26
60263 12
80779 6
6805 35
25278 0
447494 15
52948 8
71740 14
36813 17
5094 21
408879 21
48103 22
273851 10
281964 26
1101 20
114861 20
74656 12
132545 21
35842 23
16474 20
20601 14
19789 6
199396 7
157488 16
74374 8
474746 12
59385 5
91364 21
49310 4
110929 19
64426 15
16520 9
444607 13
424203 17
2985 9
1214 22
81520 12
234882 21
9840 3
148251 13
503111 0
65381 12
20010 5
334398 15
62156 26
89196 16
181662 14
141595 30
93519 12
327561 33
16490 5
64429 14
52298 9
8154 12
146824 12
170110 6
60295 9
151871 5
156658 34
195469 16
71508 14
259740 16
9511 13
296476 23
455730 8
24437 16
287149 12
123090 20
15632 14
5556 16
410510 3
368538 13
102042 22
311141 9
9900 12
11881 14
82970 22
140857 13
226245 9
199582 3
12638 6
55735 3
261417 15
162765 16
267574 15
76432 23
49414 0
271912 7
127241 15
68539 12
109607 20
460777 0
472363 15
39070 9
420263 12
508890 8
60956 12
236000 12
443522 16
489621 22
111212 9
128534 16
459649 15
261395 0
378607 28
379520 12
90721 2
461220 15
29331 6
34756 6
468425 17
3506 9
378446 20
69205 30
59435 17
5723 9
104108 20
17506 6
12018 6
281126 30
58173 9
156449 3
498348 0
385210 12
82224 12
27003 12
92551 14
394027 35
26774 27
334400 9
145 5
44877 5
22902 20
285666 17
10473 4
39890 12
74089 16
229179 16
401685 13
309423 8
17437 12
38315 6
219753 14
24142 5
49343 6
64848 20
17537 12
35314 8
264198 9
87130 16
156306 12
244927 36
4051 5
254402 8
24579 9
3596 5
286408 6
18420 4
372709 22
52638 16
288818 12
231061 35
237983 12
65109 5
161265 6
8037 9
426212 9
29055 12
41598 5
59997 30
23355 5
68870 14
469211 12
29715 6
205096 6
47507 16
306418 9
341311 14
362102 5
171706 12
216769 13
309691 5
252570 3
406599 11
3794 12
72576 6
39086 14
28639 6
118103 17
30130 4
60274 14
30047 12
48053 6
7707 5
100843 6
126090 16
11342 14
459322 24
82022 12
24792 12
390379 18
280380 5
439946 34
533849 10
14412 16
156491 23
285276 22
30681 9
3313 13
75014 14
56216 12
1717 6
459866 20
64335 16
24471 5
190018 30
24861 5
56331 14
41624 4
5912 4
7148 8
284989 12
130941 6
514588 23
60503 5
228382 12
72111 20
6802 12
42970 5
101414 14
4040 14
98263 6
7167 12
88556 16
270595 2
43784 12
18758 14
17160 5
123836 10
46881 32
30621 16
56215 12
526558 12
131177 31
26639 9
65295 6
3321 8
118673 37
467106 12
274808 0
21807 9
144599 20
381869 16
17711 4
166160 16
440909 15
24779 4
27911 20
360851 13
516745 2
296052 16
246663 25
433552 27
327321 30
272861 2
293825 2
109791 9
497100 30
353242 9
390651 17
36806 6
17905 15
114783 6
164702 6
99421 12
331390 5
28133 5
19199 5
506194 12
300681 38
68126 14
114956 15
75736 20
126970 6
11434 20
127922 4
12303 12
147756 16
36093 29
377061 24
6313 14
227601 12
13430 9
470852 17
108894 12
55070 14
89547 20
93146 20
473176 0
378300 9
124039 30
29614 16
31406 14
317600 12
32317 9
1527 30
18753 16
77350 24
148400 38
63316 14
43745 6
50183 18
141679 8
50258 5
10215 9
99106 6
9873 12
9007 5
366388 9
91066 16
71509 14
408881 5
4037 9
41864 9
350717 16
47020 6
260919 17
40091 9
247014 3
214925 13
493392 13
63934 4
196098 13
277841 36
463165 23
51528 16
340344 6
505493 0
34603 5
191163 16
74745 30
4017 14
533905 21
72573 6
93729 24
126503 0
65294 6
9899 12
28132 12
69079 5
15745 9
21492 1
67403 12
127387 15
53434 14
367599 20
11392 14
192400 6
82486 28
254892 39
360166 40
96474 20
2439 9
240504 9
484722 21
4951 6
29152 14
266164 25
5663 14
213006 0
68820 14
14850 14
23639 12
499024 14
433 22
87132 4
269000 16
262108 22
405895 2
72620 5
69356 4
6069 5
470245 38
261961 12
15183 12
136663 21
3938 5
137286 23
183913 2
327014 6
1842 37
33043 16
56665 23
263164 17
99326 1
10563 5
169491 2
100941 9
7800 12
114834 20
362009 2
93397 9
149924 12
49788 2
321320 6
448255 39
7311 14
90564 20
174203 23
26435 17
243522 24
5855 4
23593 21
16199 5
1183 4
95193 3
39795 14
84697 3
109656 12
21273 20
75889 6
4052 9
4475 6
5272 5
7529 14
100827 35
339610 20
10311 9
155498 35
381107 23
140309 9
30056 14
5450 14
10796 12
45213 8
24473 5
107727 6
245727 14
254282 5
297398 17
20383 13
39796 14
480335 6
340735 11
393798 16
305640 5
70360 0
177774 36
70278 4
310641 6
278219 3
68962 0
204524 10
144396 5
170776 23
445312 2
477463 16
133063 3
11708 9
124717 21
135299 20
171971 12
266590 9
53120 14
215435 41
21548 14
61999 6
218360 5
164217 2
9171 12
110798 4
232936 12
10565 14
259519 5
98264 12
56862 6
365504 30
214006 6
51836 12
57725 0
35933 12
134655 21
218260 12
62741 14
376093 9
69708 6
167858 5
318703 17
344026 6
24297 12
9830 6
14111 14
4944 23
80309 0
67767 8
36801 15
14767 12
377887 8
517038 1
77671 5
643 14
21876 9
416536 34
359982 19
410785 37
318547 2
62335 20
64362 20
175152 27
322185 2
245279 20
85811 14
517839 29
352698 9
84740 6
33412 6
283672 23
45157 21
65116 5
4018 14
73544 16
5122 12
56424 8
6171 9
23310 30
29994 12
286019 31
145013 12
547 9
115207 17
2323 9
486307 1
5724 9
94135 12
35123 9
129972 4
23070 4
176811 12
7059 22
29359 9
57440 0
140200 12
125673 9
759 3
7522 22
82962 37
161981 3
29148 20
111105 3
78703 8
466878 25
80722 6
12259 14
46731 8
105997 3
10234 9
399919 13
32233 12
12191 12
536363 14
31224 9
460674 9
22048 26
467579 20
169012 9
42016 14
88874 22
366772 35
141142 31
17308 9
50259 12
311255 21
54267 14
499633 20
47573 17
291688 8
15413 16
365708 0
53296 5
6749 9
691 0
1375 14
203329 26
10251 16
7060 22
6937 20
180722 27
38211 9
207801 17
25933 14
4351 9
35921 22
295096 36
25672 16
105596 3
116503 8
388362 8
382758 0
82222 38
34942 9
352783 20
38 6
181439 12
13749 14
390259 3
111008 5
18053 14
4352 9
264666 9
302973 12
333741 15
8041 5
69862 14
249718 5
180592 26
163368 13
325088 20
323037 13
235566 13
174014 17
150541 11
218253 20
8578 20
111722 19
11263 5
399261 37
46902 5
8066 9
4506 12
431686 35
415932 2
145012 20
43544 12
81682 16
113823 8
24486 36
156299 35
452219 6
263212 5
165873 4
6080 20
12717 17
380815 16
372487 16
207541 13
174191 27
68431 5
31295 37
15547 12
69108 9
188 30
396879 30
106677 12
10312 9
181996 21
65326 6
490362 23
27359 6
34816 26
81242 16
370677 32
10562 5
448309 4
97123 4
315658 42
24942 0
6100 12
36296 4
10495 5
175350 29
489593 22
54064 6
355594 13
208313 2
26596 21
45090 15
392368 13
396092 6
71825 12
151828 12
394580 16
245078 2
312757 16
132426 30
317782 35
411882 30
176263 17
127449 12
76936 4
35032 5
5938 1
71446 20
37921 5
29949 0
311795 2
231298 6
221251 13
1348 14
2264 9
20190 14
73163 30
53000 5
85684 5
24472 8
333249 21
263546 21
121442 8
22218 8
519878 3
19546 30
163439 12
161207 8
23071 19
105306 22
12217 17
21770 20
425373 2
477303 6
121567 17
211842 21
429395 41
9849 4
208799 4
2930 6
41576 8
168505 20
14129 23
118283 16
191965 21
5058 42
6800 9
20201 12
251640 34
121510 5
30696 12
240454 12
45561 30
168575 36
21374 6
218851 25
10437 14
93475 9
55048 21
75894 14
212909 1
224152 20
17110 16
35003 12
102249 30
29987 21
515651 16
268447 16
213254 27
49864 23
397061 5
393308 30
65098 9
96805 2
93414 16
207342 6
1977 12
452739 17
206183 38
13144 12
100431 20
47414 20
175596 10
64694 12
299143 3
172432 17
427115 17
477852 8
88399 26
165711 26
117230 27
163938 9
70221 27
470052 23
8509 14
90513 34
61377 14
55922 12
242875 20
362507 6
79206 36
400841 21
375177 1
243075 17
44269 9
144711 21
137217 20
67393 14
42621 8
173869 2
20660 9
83500 12
140190 27
39651 9
359613 16
83048 21
29501 6
266130 37
450531 10
62742 14
440457 14
68558 12
96028 21
12718 9
399334 13
300954 16
331289 8
299713 13
15277 12
129985 41
407860 6
3829 14
135874 24
30400 4
498120 24
536364 30
193781 27
282739 23
318368 12
120229 20
14297 4
233443 30
4367 14
8800 14
3260 9
4950 6
163624 5
235090 17
479544 12
66920 13
118125 12
117686 5
59015 20
119685 24
288609 5
456251 20
268145 28
453479 16
318938 12
18052 14
34554 14
67545 6
171713 12
420406 18
61559 6
12442 12
17811 6
152925 37
502394 12
15631 14
405877 21
3350 23
25231 12
19842 5
20012 10
511837 43
13689 16
70263 9
407143 30
311758 12
456765 34
371495 13
44317 5
336255 1
27499 12
27083 5
486718 5
277501 5
85165 5
6380 12
228378 16
49323 0
6079 20
202974 21
93170 29
7842 5
97567 12
432027 6
33833 14
151533 0
6748 9
232604 30
519743 44
112586 5
18277 6
115180 13
161827 3
204525 10
482477 15
18629 6
1886 9
312532 0
536744 0
407036 19
255764 2
40230 15
440101 13
37698 6
26264 0
343231 30
281025 29
338414 5
95224 16
14695 5
527040 18
263283 35
81385 20
356365 3
2322 9
93145 20
123128 17
53243 1
80440 6
161554 14
272394 40
463990 3
400627 12
146 5
11167 14
16524 23
121937 2
275782 14
209 5
396342 30
5123 12
407087 8
235089 13
182935 0
446982 3
454955 45
29377 12
105251 46
159596 30
22214 3
189031 6
356763 9
121337 36
353071 12
123169 29
61254 22
353380 41
157977 6
35894 30
463432 5
445473 6
300205 47
134237 12
18355 12
261713 13
521537 29
514716 37
132696 20
94018 48
25673 16
4039 14
11435 20
57489 5
67460 17
38502 20
230643 37
399900 6
253369 16
55974 30
24862 5
475504 9
221762 31
253241 30
48102 20
76565 4
278687 15
491765 0
1358 6
373030 33
423800 9
130011 15
374525 21
48856 27
489644 16
275889 2
21712 6
259973 5
439871 37
99507 13
321207 49
297672 26
114669 14
448032 20
531698 3
246597 9
68515 31
148385 23
18917 6
231140 27
51786 4
446658 3
408330 0
42615 14
14696 5
267209 18
97562 17
86109 14
23786 14
65784 14
400679 24
302975 43
180857 31
395135 0
28645 13
207285 16
123592 14
48801 13
117128 17
25066 9
358965 20
395452 5
152406 1
46592 17
62858 6
55782 6
264646 9
314803 30
23868 16
62336 20
122595 10
11877 12
7918 5
6551 6
83195 20
324876 12
284437 12
346310 12
203857 6
99593 14
74023 42
20128 6
11476 12
63073 37
458475 21
222125 21
492085 21
87547 2
78 16
69864 14
407273 17
362592 6
41575 8
269286 6
5883 6
418953 41
32423 20
175720 15
159150 23
78819 23
178751 50
39774 12
91205 14
124262 29
100703 5
370065 13
32509 20
421719 41
368672 0
2032 45
86097 21
162836 5
474271 2
74017 15
405648 16
212350 32
258009 21
184303 21
83976 11
233333 8
276150 2
185861 22
201408 20
225059 18
53870 12
16519 9
80914 9
195942 17
329417 5
190330 24
201049 16
111301 12
13779 14
54786 4
52949 8
319557 25
477551 16
314002 6
107492 6
47968 12
17159 5
10011 5
12241 12
500841 12
20550 16
284036 27
318399 21
92097 9
222885 6
91951 4
390906 32
22509 14
339057 7
78586 14
24204 20
205836 26
11091 12
42108 6
236710 3
170967 12
81588 20
33069 23
40059 20
467044 10
452992 9
91007 12
395028 17
63168 20
145010 33
89595 3
37916 9
55530 10
303774 33
216730 35
217566 23
205083 26
505727 12
74655 12
25984 9
140581 20
32837 6
42294 9
78084 12
5908 5
361605 20
229696 20
33359 9
313091 19
111905 5
317260 2
55435 9
105882 6
35211 20
403933 6
157187 35
519858 22
52284 44
324676 20
23718 30
16764 6
379074 27
330848 0
101696 2
1749 14
20342 12
403369 20
316157 26
37213 24
457215 25
390419 9
163635 42
17854 6
46237 12
17535 17
109124 8
170275 11
185774 14
207363 5
438595 9
191934 6
252821 6
55061 5
10958 6
277944 5
26054 6
137496 5
153694 6
524812 20
170295 14
382662 24
258509 18
130752 38
48242 23
22873 6
381703 13
50535 14
17057 14
10472 30
155826 35
1039 2
12639 6
80454 4
356859 51
23147 14
142423 27
53632 5
64428 14
3595 5
471929 3
2712 12
9848 4
47300 5
164703 9
62000 6
20420 15
51649 12
316417 3
71981 6
178595 27
242206 5
14287 6
381165 6
57933 9
94946 5
296876 41
451754 28
320530 12
152612 30
96787 6
14927 5
339260 20
134780 12
25000 21
33339 12
18953 5
332421 16
529996 9
226178 33
402157 6
4914 21
184297 9
10433 9
34839 41
241938 16
17595 5
537585 6
243441 23
29874 22
11477 9
476242 17
191820 14
74131 30
12214 9
504192 12
203596 8
504225 16
10012 12
109071 12
356139 12
528473 37
7975 16
10307 0
219729 32
24260 16
449648 5
109728 8
242154 20
277308 16
8510 14
480004 35
60557 6
474371 20
1718 6
397468 0
165755 24
52933 22
121847 15
9006 9
68332 0
181129 16
40173 14
246772 1
17259 6
135164 17
44474 10
4893 9
318651 6
1810 14
2892 14
25987 12
342116 35
426676 32
11393 14
40251 20
3544 14
106091 20
167907 20
532438 33
2265 9
124131 25
66256 5
9132 11
121060 21
12304 12
2067 20
367398 14
413955 3
35414 5
1646 8
14930 14
334070 6
69872 9
226927 13
123848 26
12397 16
39445 5
227177 4
21858 9
165146 8
468186 8
5375 35
489379 30
30554 10
6312 14
485928 17
8428 14
532481 14
43898 12
11804 9
51617 9
93237 44
14670 30
119370 22
176094 9
10321 5
502444 2
311303 17
496461 6
418783 13
89160 16
333813 16
7530 14
158787 14
506673 13
51663 6
184792 45
326823 14
29993 5
337158 24
20672 9
79614 19
22064 9
24735 9
297489 8
41716 5
30835 16
2561 12
80153 5
443795 25
27636 5
5092 41
130795 35
217650 38
146342 17
43626 0
66915 23
216590 8
10523 4
61483 24
1357 6
11373 12
143048 15
24734 9
5359 12
61179 16
290887 21
17491 30
396310 35
20607 5
323656 20
269551 51
188516 52
7445 5
170194 27
57359 5
6614 5
65980 12
235961 41
457660 31
312582 12
93901 12
372092 15
26363 12
13216 14
328300 17
296710 14
2893 14
81027 5
20105 9
15139 6
21549 14
463850 39
32200 6
66604 13
478186 21
184310 9
266389 53
43097 12
234555 0
310373 9
28415 6
193031 9
102117 13
6099 9
343082 27
281287 2
42223 41
23148 14
76575 6
178158 16
174579 52
1062 22
1100 20
226647 16
13049 5
174567 7
2986 5
88971 5
454600 16
6480 12
259511 34
136377 38
32957 20
328819 21
36057 4
222720 35
106451 8
142825 9
27906 6
11709 9
267940 12
17109 16
20307 12
25937 21
78382 14
491525 7
167940 6
187145 13
29413 14
192869 45
120668 3
199664 6
35043 6
367361 2
108830 2
77764 4
244763 18
39332 2
37175 5
26185 6
48346 14
7801 12
172042 0
132275 54
421073 8
463093 5
32854 5
69665 0
20096 6
47194 9
483757 16
491709 9
44686 20
30647 9
363093 37
34616 51
86369 27
65850 6
139755 5
35932 5
333812 34
92553 5
358160 0
262969 23
247066 38
104593 17
2374 6
301597 0
38557 0
228919 0
261365 34
55033 24
107900 6
150483 12
91414 14
1215 22
399856 12
8577 20
189796 22
37657 12
358637 14
5449 14
295282 6
49639 9
223714 27
37130 16
138910 5
1772 9
18066 13
337520 0
15784 14
18711 21
19500 10
28429 14
182640 0
29737 45
30580 6
221936 2
84698 42
164809 21
410768 29
375342 9
479713 20
159405 9
331120 6
331482 34
21693 9
25032 23
23975 12
320977 16
109453 8
4415 9
2566 12
22630 6
3261 9
43605 5
55923 12
81383 23
446842 8
209897 38
59242 9
171655 3
463789 5
242113 6
294669 17
129216 12
220694 16
217163 15
18001 9
180066 13
40060 20
19329 5
36620 32
228674 6
139754 5
47808 16
240163 6
49696 12
5715 5
118351 13
446491 27
17651 6
195244 37
312726 38
76452 17
105595 3
310176 12
438404 6
51939 27
132922 20
876 14
25695 8
316103 9
90589 14
493693 12
476214 15
65743 9
6613 5
67903 2
383803 1
28736 4
320680 13
57405 5
122241 2
134878 26
477152 20
128406 12
6275 14
28885 14
189702 30
356840 20
241940 16
209789 6
309186 6
14931 14
24438 16
123507 27
66399 52
107811 12
113387 16
20628 9
104923 9
455052 17
44318 5
40238 14
227959 27
88743 13
32694 16
17761 9
482700 16
12441 12
51489 4
213325 33
143273 6
25318 14
83273 16
14142 30
30048 12
61147 16
384311 17
176498 16
13778 14
75955 6
33176 12
115459 5
190630 11
391332 26
236937 12
234219 14
63768 13
126974 5
361334 35
52182 12
95273 17
103452 16
278381 14
496165 5
74326 23
158918 6
253211 6
197922 6
82818 26
176151 0
198114 0
391690 51
89358 12
396641 5
25815 14
214487 34
314941 6
83628 6
36777 3
59991 9
8839 8
375473 6
66853 9
441491 26
49591 17
6799 12
241311 12
54010 5
85451 14
4407 6
16814 30
414750 17
78623 0
325877 12
13373 14
77287 20
12852 9
64674 6
192828 50
288682 3
40096 50
7751 20
328149 55
279554 20
334979 9
33070 23
126186 25
79339 6
482190 15
385938 37
399425 20
173312 30
63207 14
150162 16
328805 17
4848 46
4446 5
125452 13
74097 14
467989 24
203087 16
152806 8
119464 16
433311 0
191586 20
387897 0
231724 14
260106 25
454491 1
50123 19
373542 16
69074 31
4044 5
98452 6
4251 14
235235 14
488996 5
48082 5
58067 23
91886 24
32645 12
35679 16
133426 12
408967 30
330065 12
35498 6
122390 9
344960 15
473438 3
28280 12
19621 6
526 12
393365 15
229261 17
485287 16
189819 14
86522 5
46919 6
528506 13
39850 9
434016 8
358720 13
213248 16
51057 9
215410 0
334420 16
5664 14
66410 12
115123 14
240469 14
334839 8
282690 13
419366 0
351619 1
384013 5
510223 29
412281 5
244491 14
281245 6
170676 20
5358 12
26997 0
62873 16
461944 13
145110 49
65311 36
231428 6
278711 6
27004 12
226732 16
51475 6
54444 5
215236 55
56037 15
125972 16
24580 9
508539 9
294482 29
381253 12
78383 6
476681 9
80301 5
261512 12
234592 23
75768 14
4408 6
27517 6
184711 12
447128 15
364017 12
22036 32
11521 9
40946 38
502376 24
66929 9
355604 25
532677 21
10957 6
298116 38
282919 35
60504 5
389697 16
28236 6
257314 26
492917 4
17258 6
69278 47
88660 6
395344 5
239980 0
508922 12
287657 29
8040 5
197280 50
359110 2
18091 3
421717 16
470634 30
141382 37
429999 11
49438 20
254281 5
77345 3
3795 12
58035 0
92809 19
48521 5
82121 21
50806 12
496689 13
148008 5
50523 21
272327 56
281055 21
416081 25
59095 14
430520 16
386010 5
817 21
458019 24
76618 23
176844 12
239402 16
284256 14
8867 24
4038 12
43043 14
24163 12
217862 44
137401 57
181747 38
197559 32
19200 5
19399 22
341650 37
53415 12
291511 20
230250 58
107923 21
421783 8
11397 9
149859 23
296461 5
388724 27
19487 6
273511 14
5042 6
503489 10
1962 4
280385 0
38362 12
2010 8
10436 14
322296 7
512458 19
80285 9
966 6
40229 4
67768 5
124799 35
111699 36
414085 9
37037 59
45289 31
21713 6
106002 0
413863 35
95432 44
75916 14
153445 8
75290 12
2509 14
286726 30
26614 9
295167 27
488828 21
405831 16
242155 20
441628 26
329193 6
276557 5
34937 6
471559 0
3750 8
231403 36
181725 60
295891 15
4507 5
1063 22
450320 25
27618 14
169806 23
21634 3
20472 14
71913 9
95300 24
143261 6
472549 20
31868 6
322668 15
47330 30
2581 30
17456 12
423077 35
77430 23
72463 23
5555 16
56303 23
474663 0
410236 9
92311 20
56078 48
247869 17
49732 17
440799 56
52522 12
115793 18
61027 3
209298 6
5718 8
335824 30
506935 17
264427 53
42587 12
254916 27
339191 24
26773 23
504042 14
91744 30
46667 36
138120 18
15140 6
18759 14
156737 24
13690 16
64334 16
14490 14
7019 37
47195 12
15115 22
390331 12
124988 16
28174 12
33093 12
253411 26
13889 4
79487 6
93588 59
182152 9
333006 20
318193 17
34819 22
6437 9
9172 5
191409 5
489211 9
50805 12
504479 51
36835 20
35930 12
5877 9
372316 27
446933 12
7016 10
159734 12
240539 25
9036 12
136042 16
338492 24
234122 16
298111 17
14221 9
40373 9
10249 12
85510 8
54287 4
9588 8
27082 5
481785 9
287715 6
332145 16
16783 5
9874 12
177432 15
11168 14
39690 9
271428 20
139308 28
5745 4
275565 29
462051 13
433431 45
14999 6
479278 8
39426 12
1809 14
235492 16
345488 41
132172 59
22217 8
16782 5
250573 25
5514 5
77414 12
3982 12
454993 13
345782 14
343912 0
67597 14
398413 12
9826 5
178157 15
155087 0
370509 0
283864 20
4250 14
5434 42
18954 5
498166 39
263379 8
167854 5
26053 6
205939 31
268897 8
10859 9
21009 5
7446 6
391598 31
15954 14
491809 21
239977 6
344782 28
346313 53
108004 45
28430 14
17490 30
429047 15
525 12
384266 48
310418 41
15732 4
67236 6
328231 48
271197 12
5882 6
14288 6
281772 13
290085 6
3507 12
15596 4
145125 14
407565 13
1286 9
360637 6
344489 12
46983 13
221900 20
24203 20
38296 5
17507 6
3062 22
2567 12
140488 20
24261 16
50856 6
106024 9
234924 54
197387 16
45091 4
77258 21
420321 59
39980 9
149383 22
7753 14
334363 6
120042 30
237833 0
49440 6
1933 5
299213 6
30971 5
56302 23
461041 6
424690 6
40724 14
126142 6
218188 6
223210 13
339417 2
4447 5
4416 12
9037 12
145833 59
118192 13
397469 0
77 16
91321 12
68398 5
28713 22
106997 12
321175 12
11396 9
19547 4
468275 16
26104 0
34776 36
145914 5
66152 23
40092 9
153802 17
318197 19
15766 12
66930 9
216720 12
148917 3
3749 22
24989 12
25765 16
24272 14
22729 14
67435 21
226812 59
22508 14
311271 41
386248 17
466790 36
89123 21
69277 23
69839 1
47181 14
326766 15
26259 8
169427 36
14071 12
12252 5
18429 30
18419 4
29885 15
67788 13
57736 20
386325 43
344315 14
505131 27
403898 16
56644 17
453424 7
34135 16
229868 29
140021 6
288398 9
381854 37
310711 4
29425 16
103047 9
300045 21
464321 11
205806 37
382258 9
117143 0
78187 37
45623 14
11882 14
482487 0
245580 10
95743 31
114998 31
366277 34
152583 2
6438 9
66465 5
9632 20
78693 59
121220 17
51605 14
17812 6
15309 14
176268 4
164707 6
520948 21
28721 16
242167 6
525213 29
534668 61
47724 6
114804 12
56321 62
54116 14
89546 4
245761 23
145489 5
26645 20
24296 9
66484 12
1885 12
11343 14
59367 6
24793 12
316394 17
474323 13
19254 8
427048 36
138229 5
36847 14
445581 21
41760 18
144701 6
37620 6
49184 23
130098 14
77734 14
18172 8
24723 9
128488 9
159296 60
12544 20
11092 5
474272 0
42620 12
322130 12
6502 36
158845 5
370382 6
37617 20
10370 14
83629 0
175518 53
102677 14
76902 59
535850 21
420275 56
29169 6
356643 30
39387 20
5041 6
2920 14
37006 16
15733 20
2066 20
37340 4
33031 12
20826 16
42586 12
64935 16
361364 17
30055 14
439867 2
54190 13
306677 58
9662 12
138230 3
437543 58
198910 3
24572 6
51527 63
288519 21
2438 9
397712 17
186212 16
130137 12
506404 16
456263 41
180644 0
313838 27
371608 44
11797 6
39755 30
20126 16
256399 19
98357 16
81601 15
515697 0
23367 8
482014 25
180240 30
107152 12
53868 16
256931 58
153031 4
351244 21
193898 35
311564 21
32295 20
173547 9
306463 9
361963 58
30340 12
7976 16
18194 4
194015 4
142602 61
10322 5
477290 59
346800 0
19980 20
35931 5
152628 15
102320 3
66854 12
187610 16
17135 5
877 14
69258 21
152058 0
471785 3
355363 20
184850 17
330767 12
1182 4
27331 5
409664 9
107901 6
189329 6
8838 8
26613 9
372576 37
273850 53
244954 17
356165 12
17171 20
114169 5
73336 64
389359 5
202305 14
20169 17
239480 0
3349 23
50006 12
136860 17
184562 25
75209 13
74665 14
45974 8
4265 14
1978 12
438932 30
65284 12
155441 0
268654 17
2375 6
20827 16
45891 32
399645 12
116044 20
49460 6
59802 37
33427 5
164404 18
25911 9
43413 4
44331 6
365967 18
36152 6
5656 6
195943 17
43700 5
465692 27
485009 7
346892 2
531500 43
124127 6
123316 65
260444 16
167444 30
71756 14
487312 26
312790 21
171256 6
14442 5
50265 16
460160 14
4368 14
70739 55
105454 35
40046 9
428063 11
8462 9
53892 18
56332 14
497733 12
1934 9
68871 14
367829 6
308316 60
7919 9
108633 21
142409 9
80913 9
154637 35
118873 66
532042 5
482987 12
289243 38
407025 12
25023 12
365925 2
224541 35
180521 14
238437 37
107021 22
377262 17
383762 6
480704 16
163592 21
67852 16
36836 20
474694 30
182874 9
353847 16
55955 27
1961 4
387500 9
237296 9
34522 22
26856 22
461713 55
39092 2
70277 4
36297 4
288546 21
320035 48
10524 4
34936 6
435450 16
184278 42
2508 14
13088 19
8067 9
298974 58
82345 6
14926 12
20542 9
517656 27
537334 17
284553 42
113162 30
374098 6
38984 9
392252 38
334285 5
32032 6
197017 6
182601 17
47485 6
208934 30
41016 24
27127 6
106087 0
24715 37
68373 20
61315 6
471288 3
75917 12
41669 12
465120 2
302477 0
13113 5
128068 58
69337 67
109436 3
36435 5
355382 5
270976 8
15953 14
422197 38
18918 6
54840 68
458478 6
497810 20
405974 21
421100 20
417490 55
967 6
419918 21
297580 30
461513 0
5746 4
127166 10
49715 9
489838 9
461731 3
78670 14
516686 5
14958 6
178244 15
414584 51
179782 0
28722 5
18296 6
142484 23
25422 23
46047 14
215185 12
10564 14
143295 6
457493 17
10371 14
216192 5
30030 3
178992 30
113767 21
162078 3
23803 12
108858 12
29453 16
39225 14
133135 12
369018 45
241356 5
277847 33
299458 6
66734 5
3061 22
61318 8
243413 4
396075 17
478880 35
18276 6
434502 12
486011 22
19396 14
276985 21
249792 61
35033 5
30021 12
2929 6
51558 0
339502 4
24960 20
13650 30
11796 6
233784 14
