0 2.2569515705108643
1958 0
2088 1
1395 2
1521 3
1099 4
394 5
29 1
100 6
352 5
2021 7
1353 8
1145 9
2856 10
1226 11
298 4
1786 12
127 13
2758 9
1597 5
2028 2
2997 14
682 15
46 14
1437 16
2748 17
302 15
2649 18
1608 19
637 20
548 21
1266 22
1271 23
679 24
2613 0
2157 16
706 2
1509 5
111 5
2354 25
2178 26
2049 17
283 27
1101 21
561 28
564 29
578 17
1820 30
1951 31
1560 32
300 3
1923 33
1066 3
2039 15
535 34
2924 35
2766 36
2227 21
274 5
395 2
193 21
99 37
1202 4
2631 38
2246 29
1229 18
541 31
2389 25
42 13
956 5
2329 18
2621 39
1136 4
1598 22
206 5
2260 10
4 20
621 39
536 20
2361 20
1491 32
293 32
928 7
2301 7
1661 31
433 6
749 40
608 31
614 1
789 25
1989 22
784 40
1793 20
2030 33
2472 16
797 15
2186 41
1673 42
714 1
2213 16
1966 13
528 43
1637 44
51 44
2816 36
292 14
1431 14
221 3
1824 45
2460 22
1552 46
2161 2
2546 32
2767 31
2964 33
1154 12
814 32
1947 6
1590 40
2699 17
2673 16
2365 31
5 6
726 0
2456 12
1948 47
2681 11
7 12
1105 48
1293 29
2710 3
1630 49
2849 16
526 5
1927 45
912 11
2097 12
1855 6
774 23
590 36
903 16
2600 23
1968 33
2930 47
1684 28
2704 11
1847 10
2583 33
1662 49
307 22
517 36
1614 1
1587 35
3000 15
2572 19
41 45
367 46
1652 5
589 14
11 43
2687 49
1239 41
2337 42
2689 36
2342 28
2338 31
2657 49
1827 11
2947 27
1376 6
2797 48
1219 48
1127 36
1987 50
322 23
2923 44
1407 46
1563 44
397 4
1434 15
2146 14
2191 51
772 9
1242 41
2739 32
2770 48
1146 28
1656 11
1754 36
112 14
1698 8
2668 19
2535 27
2692 29
1525 0
331 17
2697 52
256 39
158 5
319 53
631 52
2207 7
315 6
1826 14
2960 20
1545 11
855 36
2016 7
2398 21
347 25
599 12
856 53
443 36
2333 11
2001 28
2848 25
1534 6
762 22
2012 7
2901 11
1358 29
1638 49
1078 50
1991 11
966 10
2276 54
2195 28
587 48
66 4
937 55
2485 28
731 29
1235 31
1132 52
1472 50
2317 24
757 31
2027 56
2250 31
2515 40
2256 44
2953 44
1594 20
1609 50
2052 31
798 9
1269 56
1774 54
249 28
108 35
2419 32
2750 1
2129 36
1901 35
2891 22
2763 15
1505 8
2318 56
1393 49
228 4
2602 33
2037 57
2684 20
976 48
886 6
2596 36
225 56
917 14
2183 11
2403 51
2625 36
1675 9
2238 46
2046 3
1527 58
2287 11
488 36
2783 33
1733 5
1326 20
1768 11
2778 9
2035 36
2628 28
2804 40
2253 6
559 11
1696 5
2426 23
1653 31
1454 36
2455 29
2677 47
1065 41
2616 0
1261 53
1992 0
871 16
231 5
18 38
2552 14
1574 11
955 30
1072 40
2527 24
305 30
1702 5
791 31
2610 0
1929 2
1256 11
2779 14
665 22
219 11
188 29
2961 6
2990 21
2066 14
1932 40
1538 9
601 13
2617 22
930 51
2210 42
1166 46
2768 22
2357 16
522 38
304 40
2067 59
758 40
2170 37
261 30
2299 15
1952 17
2497 28
368 57
2071 57
1643 23
1679 8
2189 43
988 17
2427 32
1081 0
910 5
1164 36
2033 9
1302 43
383 56
1769 44
611 12
1381 16
2281 18
2107 60
1172 5
2998 44
82 14
152 7
2429 9
962 7
2785 5
202 1
1306 5
672 17
2023 33
55 61
439 53
2438 6
2391 62
1422 58
1537 40
166 7
2502 44
1129 9
1005 63
2839 52
2029 51
914 7
482 0
500 58
1797 64
919 31
1903 13
1194 14
2962 4
2151 58
162 2
2926 5
813 5
1238 2
2733 29
1405 29
76 30
1163 6
2075 31
2794 27
1488 14
2703 28
1398 17
2025 46
1777 45
2288 57
2983 58
1876 65
1834 26
1909 48
2705 28
404 36
232 62
1334 22
2332 20
1042 29
1448 10
2590 11
1914 6
606 6
1249 14
2821 55
2445 44
1143 5
2441 0
2922 29
204 62
785 14
2373 24
14 24
2208 49
2905 18
676 28
2885 43
2603 49
465 8
775 63
1935 16
496 22
803 14
170 3
2449 18
2169 58
959 14
2965 49
446 46
1457 23
2002 32
1423 36
896 66
429 67
2658 49
1735 28
196 42
2556 36
547 7
1828 26
2897 11
1585 31
1567 55
2549 8
2746 68
88 32
633 66
1959 14
583 59
257 47
1090 43
1814 29
1411 41
48 16
1651 7
1530 0
1248 69
1503 26
59 21
2731 3
2683 23
73 11
1811 56
474 36
2577 15
1382 0
124 6
1217 16
881 14
1336 58
2399 25
1148 31
1354 2
336 38
1495 68
2230 29
1917 40
2486 44
181 64
1451 31
2543 61
617 13
121 36
109 22
2790 38
1962 6
1579 29
1704 14
750 7
684 47
1724 64
2545 5
172 44
103 49
2458 14
773 11
2232 27
416 22
491 14
1165 24
1141 39
2769 51
1329 41
1378 70
1399 2
1612 9
1400 28
830 22
1308 57
1352 11
1602 62
2728 0
182 53
1681 7
1688 12
178 48
694 47
2400 5
2678 2
1012 21
1916 45
286 7
899 0
894 6
2086 64
2913 60
1851 49
701 18
1455 48
1404 54
1187 16
2235 27
1224 53
2096 6
2608 63
2083 22
1919 43
2175 31
2915 33
1142 31
2630 20
2966 55
2372 20
276 30
1297 34
2171 57
1562 15
1843 23
1408 66
1645 16
1971 34
1593 36
1370 22
1323 49
1605 63
867 1
946 48
1300 12
980 41
1856 0
222 14
1994 48
922 6
1433 62
1074 51
1895 9
2393 31
138 36
2578 71
1364 16
2831 50
2504 68
1029 39
603 55
2701 11
837 62
1837 48
1001 7
1818 7
2100 64
2184 46
1040 31
440 48
2496 62
95 69
2743 5
2000 7
1179 57
269 9
33 20
200 12
1489 30
229 20
1139 2
1610 36
303 44
1550 36
1938 5
2665 36
135 50
2799 29
809 22
680 23
1957 0
841 21
481 62
2379 51
1708 64
2749 9
2544 72
689 31
1604 10
686 48
1436 7
288 6
703 39
502 28
120 36
365 54
2435 18
558 11
1317 50
562 9
2143 36
1152 67
1556 22
1978 68
2599 29
2229 3
2280 73
2307 11
667 18
2793 74
725 32
574 50
2806 75
1121 44
234 0
907 40
342 6
1189 1
83 22
2777 48
189 5
1672 9
550 48
805 22
2397 11
2553 63
2203 6
2792 10
544 27
478 12
2304 57
817 32
2753 10
398 39
935 12
655 0
2269 14
708 36
1010 40
2018 50
251 19
974 62
1225 14
786 67
281 6
2857 41
1478 56
2974 31
792 6
2346 5
778 17
675 23
1790 44
1218 28
938 58
430 14
1013 57
1654 44
1711 24
556 5
187 54
167 13
995 4
1237 49
477 5
1027 72
1761 35
1808 5
57 22
209 14
2511 2
2380 28
2506 31
1498 33
426 17
2645 51
1559 57
242 5
2757 17
1570 22
570 59
1267 11
2194 48
2247 22
2048 10
2881 43
2532 62
1174 31
2283 29
1557 7
1178 46
2619 51
2654 54
1930 25
651 28
2634 48
1518 64
1017 5
1501 39
1460 36
1231 9
560 11
1409 33
1974 50
738 51
2564 41
1745 61
1295 40
826 40
624 5
220 73
258 12
1282 44
2775 55
926 18
217 67
511 5
2367 11
1588 14
593 0
493 24
332 48
2829 22
2216 18
415 58
2132 28
1045 46
1908 30
645 6
1823 25
1039 5
1508 28
2271 60
639 53
944 7
2615 36
2585 48
195 7
575 41
2362 60
818 14
958 58
2765 27
2711 57
897 75
2772 76
840 29
1396 46
1862 11
636 4
721 43
255 49
2118 75
2005 33
1731 49
192 48
1773 11
1484 5
2989 6
1206 1
1819 52
2951 27
2862 39
1504 36
1420 31
453 19
1418 8
197 30
2918 62
2457 32
534 3
878 6
1037 61
460 41
487 28
1892 74
681 10
2453 14
419 68
1350 6
877 28
1650 10
1900 36
2330 5
1709 27
2105 14
454 4
1414 30
2876 7
580 51
125 36
1898 53
339 44
1416 11
2858 48
90 7
447 24
2106 70
1893 49
1150 27
1925 31
1848 58
1918 31
997 20
734 10
628 21
2609 19
2512 58
1939 29
1240 20
330 38
1428 27
1469 11
2388 43
1578 36
2626 16
545 36
2693 31
2614 31
369 49
2642 5
2802 28
1222 45
2396 44
2991 62
994 22
458 22
2402 21
1337 59
1443 27
737 5
1564 73
2601 40
2061 14
2986 49
736 48
1442 4
933 7
1021 6
1993 23
661 55
1033 53
423 5
2450 14
2805 31
1061 36
1044 5
289 7
471 5
2326 77
2174 5
1088 5
1907 25
1912 6
2877 75
227 42
761 17
577 21
92 72
515 36
2364 5
271 24
518 28
2384 20
2202 22
1046 3
2718 14
2836 14
2914 5
960 11
1388 46
2482 67
769 51
2371 36
2520 32
1860 5
1228 44
985 11
1813 3
1402 23
2295 25
2871 64
847 33
1961 57
2900 10
1160 40
1806 62
469 48
2940 5
969 46
1197 7
1792 77
1967 55
341 50
2298 7
2315 20
900 49
1069 56
1186 61
1343 33
1576 5
693 11
588 33
2254 5
131 9
2423 36
1397 17
554 31
2323 56
656 0
445 14
2650 21
1483 24
94 18
1157 49
768 7
1386 47
2937 40
134 6
2931 14
1051 74
1721 59
2854 14
1566 73
859 7
552 22
1543 27
2376 49
2302 32
1490 71
609 11
349 55
2297 48
1700 29
1622 28
613 68
2488 36
1833 10
1717 5
710 49
573 45
2869 48
744 18
704 75
925 2
183 78
2788 34
243 6
2807 40
371 29
2076 27
441 26
654 33
2709 73
709 40
1383 35
24 79
2141 35
1118 13
934 20
858 23
1227 10
509 44
1003 39
2274 29
2723 62
2300 66
2470 80
2909 6
2999 31
2392 81
2131 35
1782 78
2009 7
2032 58
765 24
1669 33
486 33
237 32
1211 5
2349 20
1071 7
713 54
2461 20
646 9
2932 43
2906 5
1458 62
1692 5
616 20
671 2
2671 56
2791 5
2185 27
901 47
2789 7
986 69
2110 59
1392 14
2969 5
207 37
2313 36
31 53
259 7
1265 43
174 58
1283 24
1292 6
860 29
1170 40
1618 58
444 41
2698 4
808 29
1180 61
1016 49
2774 5
494 46
1195 59
1931 61
1857 69
2410 22
1467 48
1216 63
1309 6
973 29
1766 77
442 73
1659 82
1444 36
690 48
764 48
1272 27
2522 2
2444 11
1133 5
17 71
1232 14
1439 36
1660 23
2069 21
1247 6
1906 16
2257 20
2934 61
1115 41
615 64
2125 77
422 49
1788 51
918 75
586 73
1144 5
2663 14
2745 15
77 3
191 4
1234 49
2165 43
2007 71
1345 16
2167 69
1549 45
2 37
640 35
376 69
1697 40
2479 16
1936 22
2478 21
746 40
2666 5
643 53
190 63
2109 29
2309 53
12 4
354 23
2622 53
2529 83
1360 73
201 78
1611 82
1686 60
2667 84
448 36
2014 36
1934 7
1514 54
1988 43
882 40
1190 40
1059 42
1762 36
2980 12
116 55
1385 20
1926 14
1867 71
407 5
2995 9
1366 14
1028 31
2840 6
2102 66
1945 32
1502 20
2889 2
1625 34
2464 20
2316 39
1933 19
326 8
941 29
1298 56
2643 39
1095 3
2471 63
1805 10
853 60
1920 1
1103 4
779 51
1130 5
2725 29
2569 83
2089 36
141 41
2239 44
1749 21
390 48
821 45
2612 79
698 36
2846 51
1209 5
485 48
1137 8
1736 7
2036 16
1331 54
2985 12
2439 80
2344 33
1606 28
25 34
1356 9
102 36
629 7
1730 31
993 29
2719 31
2407 25
9 47
1067 31
364 2
2887 21
1014 0
401 7
2197 24
2865 16
2054 47
39 14
2112 55
865 49
346 48
2115 55
386 44
2868 49
788 85
208 5
1054 58
2101 22
1737 36
1335 82
49 73
2019 57
670 75
1689 57
2623 5
1829 24
2164 5
294 21
2707 79
895 40
2513 22
2103 86
984 87
1113 18
632 17
1547 5
213 45
2063 45
1781 8
2459 41
2214 17
1676 25
1476 29
2160 55
1832 82
1809 87
1924 17
224 36
2641 47
524 7
230 33
2124 14
2159 33
2744 22
2781 57
1714 5
2251 28
584 41
2547 88
1124 51
829 58
2038 2
2010 16
2982 89
822 35
1250 61
1205 48
1779 90
1727 28
399 11
2140 43
2782 49
892 48
748 74
1464 40
1897 6
38 86
2912 5
1510 24
1849 61
2237 44
1649 79
2566 33
373 5
1162 7
2311 5
2700 2
1738 6
2065 48
2385 53
1288 77
1092 22
1147 33
295 41
1743 9
978 63
260 44
159 35
1153 4
971 11
2796 2
2662 6
1671 33
846 18
2286 36
2819 10
1540 23
2116 49
2837 82
2079 38
2044 91
2163 5
514 66
68 90
538 48
1706 5
1852 24
2917 91
310 6
801 91
2508 7
2911 5
1084 33
2533 36
126 59
69 12
1535 5
1245 5
1760 32
150 24
1755 1
2180 63
2646 46
1387 21
1864 27
921 48
2780 69
2431 11
437 21
2218 67
2568 49
852 78
673 18
61 40
2853 90
265 5
2713 12
1324 57
457 33
597 19
2047 5
983 17
2716 49
210 5
1767 40
2929 38
203 74
348 5
1871 29
1785 5
1085 16
2352 27
1110 12
702 7
1541 43
1838 83
635 7
1449 14
835 11
1674 22
268 5
1858 48
2494 20
2147 16
2640 48
810 7
1123 41
1646 32
2861 83
1207 6
2156 49
982 87
1035 23
2558 71
1771 91
52 14
306 11
1647 14
1555 72
1954 4
1038 22
727 31
370 92
2648 25
1221 44
2413 39
1363 20
105 45
1678 1
1286 62
2452 36
1720 63
1728 60
576 67
1497 93
1996 73
1995 44
2127 5
2375 94
1580 95
1355 15
1685 53
1094 36
1874 57
1158 21
1403 52
1109 0
2987 40
1726 28
1116 11
436 54
1815 6
1499 46
2353 28
2467 46
2495 92
1036 36
211 40
54 16
780 43
2587 79
387 7
2422 91
2992 21
147 22
499 27
620 0
996 5
1795 7
1861 39
794 32
510 70
2137 40
1854 59
168 5
1883 11
1607 28
1866 58
2655 22
1453 49
1759 5
2882 43
759 22
2114 47
2727 57
2057 80
2952 21
2498 17
662 36
2561 73
2605 38
2152 5
2686 68
1294 5
663 49
2523 36
530 10
1273 73
1946 56
60 6
949 3
1648 31
1682 29
282 16
1184 72
2988 39
2606 49
2244 6
2205 16
1536 11
2176 29
2825 21
2822 40
1327 31
1571 92
2484 46
854 23
1904 96
1277 8
1284 23
519 36
1526 61
806 25
2680 29
2637 97
711 20
1722 22
50 0
644 5
1007 52
802 83
2133 5
2055 26
1311 5
1791 64
850 27
425 97
417 66
1 3
1482 20
1410 39
2773 75
1830 14
1270 36
177 5
2404 67
1565 37
513 1
537 90
1287 41
920 76
1463 6
362 32
2243 5
1140 9
1655 34
1658 72
337 11
767 5
1349 40
435 31
1863 33
1055 29
1533 36
2660 63
2720 87
2759 98
408 28
1263 80
2541 22
2872 28
2898 78
1318 5
1330 2
2437 12
381 33
1553 14
2113 52
2580 86
1956 48
2358 18
579 29
479 36
1748 96
2308 9
1783 46
2040 36
420 5
626 23
40 99
1168 81
1481 7
2448 65
1060 5
81 41
947 5
74 36
1126 21
557 6
2041 21
2795 29
1253 0
1725 20
1632 21
1589 28
1596 12
2291 17
542 22
1462 78
508 75
1182 25
2462 47
489 28
1125 58
2242 46
1542 86
389 41
218 22
1018 43
1246 38
2855 53
1629 22
1291 8
463 43
2518 56
2473 5
862 16
527 58
2351 36
1963 5
284 56
2306 28
1471 25
1087 75
873 5
591 96
2382 17
1577 36
65 22
1083 41
2551 50
1280 94
605 77
2737 100
730 0
2006 42
353 41
954 11
1401 78
2627 20
2182 30
1922 15
1380 80
2714 32
35 29
2776 56
1406 101
2240 21
2386 7
20 93
623 36
2592 11
2099 96
2355 7
2314 93
1275 63
1784 37
1082 69
164 46
1703 3
1177 97
2814 94
199 7
1233 94
2928 45
1516 30
1882 36
409 65
143 23
23 30
205 14
1213 31
1365 26
1006 11
642 40
1699 99
2688 36
1344 15
385 19
889 73
2729 54
1086 42
173 86
532 9
2812 31
1340 12
1106 36
400 14
2735 100
641 22
2880 63
720 36
391 51
936 31
2363 5
139 67
1149 53
787 48
1586 47
1119 45
2874 47
2845 20
2374 31
2434 0
1374 22
2490 3
953 5
2638 38
1196 5
2574 22
2436 7
1575 87
2669 22
2754 95
1290 1
129 91
2425 71
2867 73
1332 21
161 78
932 53
1389 14
2888 48
2085 6
1853 53
2335 30
1379 102
421 5
2405 16
2480 103
287 11
2432 97
1865 28
1041 5
133 77
2787 11
1894 67
2565 48
1080 26
2994 0
2111 46
2390 86
136 11
1214 9
2895 2
2721 46
212 14
2296 14
2139 36
275 8
2050 9
89 47
751 79
2293 3
299 7
2950 36
568 29
1627 40
262 89
1729 11
2724 96
316 104
2130 56
104 51
1615 32
2024 78
1070 36
2584 33
927 36
2369 36
2454 60
366 31
2588 6
529 10
45 36
309 36
1506 16
1551 82
449 9
1375 7
572 9
1135 5
1204 25
2263 11
1173 59
1319 23
600 2
2148 5
1960 51
834 90
942 14
63 6
1683 4
987 15
2134 77
333 5
2633 72
2264 48
1896 79
2236 61
1167 51
630 14
1885 21
2539 6
2136 23
2708 105
2272 71
2415 14
824 81
1223 0
2348 65
461 22
1859 16
160 16
740 34
8 87
2162 58
372 11
2696 18
2080 17
84 70
1873 5
2417 8
2907 45
1507 0
2817 104
428 21
290 28
2695 31
1554 106
240 38
1944 53
1198 7
770 5
1624 37
402 3
1664 31
155 5
619 49
2571 77
1091 51
296 62
431 36
280 9
2020 107
582 5
2815 87
2933 26
2331 22
2595 1
2068 31
719 28
1657 69
723 45
2920 48
596 77
970 11
1600 108
699 13
977 7
1104 49
2717 55
1339 31
1817 23
951 11
1212 0
1429 36
1670 44
427 22
2908 92
176 38
80 108
594 32
1348 38
1515 17
1546 49
2847 14
2150 14
492 46
989 109
1447 4
1975 43
755 6
825 49
495 92
800 66
1002 94
1626 83
848 92
2060 46
2074 103
1468 18
1965 18
888 77
2828 77
1712 20
2859 0
1789 3
2321 41
1079 96
2925 77
1886 22
1371 13
140 36
2158 49
2285 29
1665 0
410 7
13 39
2199 11
405 7
2740 61
1098 79
1220 18
2967 73
793 6
2292 0
1842 40
952 5
1910 32
1210 28
2893 110
975 22
475 9
1942 31
216 111
2824 17
501 5
2756 28
2064 12
472 107
1584 79
2732 108
1635 36
539 46
1979 104
1131 30
2492 68
991 112
1305 67
2943 44
1009 43
2894 5
875 45
497 64
312 0
132 36
252 74
1315 49
1519 3
1048 90
2168 46
137 34
1752 49
648 28
595 61
2559 104
2339 111
585 113
811 104
1803 23
2412 45
2090 9
279 75
360 67
30 29
2341 46
2122 8
2463 79
1732 27
1427 58
1264 114
351 5
1430 47
2119 6
2483 31
2108 7
2098 10
28 102
1878 54
148 32
660 36
2509 7
22 1
571 2
2017 44
47 102
752 78
650 49
1887 13
2826 115
869 15
2842 116
891 86
1321 117
2356 118
1052 21
2381 87
828 11
1022 64
2166 36
2598 34
2830 22
1663 33
34 78
1844 42
1512 7
1417 12
2860 76
2209 62
1058 27
1520 6
598 6
1011 119
861 21
1642 40
10 6
91 113
1075 99
1985 15
790 5
263 14
712 94
2305 36
2094 44
2864 103
149 9
2653 99
1244 69
1415 93
2741 93
79 87
2530 81
2212 7
2652 79
2892 60
998 29
36 77
2120 27
1413 74
235 38
350 53
324 20
3 120
1031 121
2368 29
2959 51
1756 53
2903 98
1477 29
1274 15
816 122
1049 23
1241 123
1419 21
939 23
396 44
782 2
2011 14
863 23
1816 109
2430 21
2996 77
504 108
2475 42
2639 101
384 92
1750 96
311 118
1619 92
2241 62
2031 63
1941 40
905 6
521 21
2153 0
1778 43
1691 7
1780 74
2350 5
1230 70
760 53
1812 22
2674 51
1368 60
1734 97
664 11
2607 32
2916 33
743 27
2226 46
2808 22
2501 36
1513 119
27 32
2586 24
1015 51
967 105
1601 79
1973 0
683 35
2579 5
864 124
992 75
915 75
2084 8
2521 6
186 6
1765 21
923 31
75 48
2224 13
2810 107
2752 6
741 62
2334 11
2582 69
1744 10
820 74
2192 21
1117 46
1710 125
157 5
832 41
1359 40
2528 84
503 111
2611 5
2870 14
2984 5
2045 64
1981 26
2378 19
1057 51
1347 14
2958 60
356 16
2360 20
2820 112
724 54
1977 81
245 14
1299 29
2722 31
393 126
1747 11
2624 10
86 8
747 14
1181 28
2228 21
1316 49
2091 127
1102 5
913 22
963 49
555 14
2347 87
2863 71
2834 6
107 16
2008 5
438 88
1801 12
171 20
2656 14
1986 128
1372 22
2123 44
1677 108
1159 106
1128 12
2058 115
2370 111
2059 62
827 97
2416 36
285 46
2712 14
2726 11
2899 32
2591 104
1441 95
2188 53
2319 27
2570 53
2004 21
1251 6
1955 98
2154 10
1257 60
56 31
483 4
44 2
1822 5
1544 33
321 39
1342 73
2135 17
2971 40
1438 1
238 102
1798 36
1810 14
1004 36
2803 102
2514 27
2290 80
1200 7
301 5
943 41
2265 17
1260 23
2294 23
464 38
6 31
842 40
1869 58
327 13
2282 16
2576 20
1465 59
893 109
2062 29
695 22
388 6
604 39
843 6
323 22
1868 4
2879 14
2275 115
2531 6
2468 6
2946 77
1281 74
831 14
1905 11
456 114
308 35
2121 125
2051 1
1303 14
329 65
2977 31
1705 114
1719 7
480 5
2919 36
2510 26
118 43
1972 93
1558 39
2734 5
1030 15
467 14
2440 103
2249 14
2594 2
1970 103
1199 3
1357 75
1902 27
1976 25
777 8
569 50
1787 21
2636 103
2277 73
2941 5
1093 31
1258 79
1999 69
85 38
1666 43
2685 21
756 7
2144 29
2200 111
512 10
2902 33
732 57
2221 96
2320 54
531 56
2345 33
766 129
1480 36
2003 67
1362 39
2491 83
375 44
1634 14
2784 49
1185 60
1715 5
2536 49
2081 28
1794 4
239 6
128 21
355 5
165 5
1511 12
2875 20
1320 130
2477 31
473 30
1998 36
2481 26
2043 38
2408 16
2138 38
2411 56
98 107
1840 14
1024 32
2015 56
2948 20
450 6
551 21
2694 22
277 114
2267 21
179 81
434 14
1341 41
2852 104
1592 5
1644 79
1517 56
742 6
868 40
1770 12
484 36
2022 6
2938 79
2324 16
2359 34
781 97
549 45
1964 70
2833 7
783 108
1890 79
1008 119
2394 11
674 113
2204 131
687 48
876 29
459 81
1990 108
1911 74
1268 132
753 29
122 28
700 29
2811 130
1445 79
1949 96
2233 113
2087 25
32 20
2155 133
1751 28
2072 36
70 85
2838 5
2647 128
1120 36
2813 21
1191 13
1532 36
2851 95
1243 90
266 92
2421 25
1459 101
1913 40
505 45
2325 134
340 33
2604 31
2620 33
2234 91
799 93
931 51
2540 113
745 16
979 37
2424 25
62 17
1776 28
1603 21
2927 37
2955 11
142 58
2786 7
1568 48
194 22
647 97
2082 33
361 15
2747 135
58 36
359 64
2672 89
1569 14
2117 12
2340 22
2095 5
924 14
2042 57
278 48
2201 6
2944 104
2273 21
382 57
2193 96
1452 29
1391 14
1025 105
2442 22
1953 24
67 19
1056 101
1740 14
2077 20
2343 14
114 136
246 18
1440 36
1023 48
981 104
412 6
2262 10
1063 49
117 21
2890 0
2690 25
248 113
666 8
2651 46
93 51
115 40
1377 76
2303 102
119 34
1982 5
2181 2
163 96
264 20
2978 34
1314 14
247 73
2428 108
776 32
553 0
1114 108
2474 29
581 36
845 66
1461 102
2476 109
652 14
1171 20
2942 114
2936 20
1369 6
898 59
2921 13
677 111
15 14
968 40
1107 21
241 40
1255 30
2322 89
1937 28
685 82
169 79
1640 24
1134 120
2420 90
1879 41
1716 7
272 35
1474 36
1254 21
1548 57
215 70
2597 79
345 36
839 39
1616 137
2196 44
1836 7
796 6
413 12
1713 0
343 29
948 45
2222 6
1758 98
378 38
1492 71
739 32
2542 103
53 79
19 3
1310 16
2270 138
2451 21
999 57
1390 19
96 40
1500 5
2310 138
2555 31
180 72
1599 0
717 43
185 52
468 39
904 11
2702 104
72 65
2573 9
1899 36
2554 69
2395 120
2516 1
1208 63
2078 139
2866 27
1064 33
1529 137
2206 65
659 36
2818 9
1839 65
2443 5
1077 29
455 92
1384 140
2383 111
403 48
990 12
1446 14
1473 40
678 141
1617 93
1252 117
1984 35
823 142
964 19
836 5
1034 71
175 29
940 84
692 103
335 63
874 39
2827 136
2056 89
198 5
297 47
2832 5
1531 2
1746 12
123 49
379 51
2581 134
2211 53
2173 29
2053 77
916 29
1872 39
2742 54
612 5
1772 15
2336 14
957 21
1633 32
1888 31
2993 143
2661 115
909 93
507 7
357 36
1424 115
2873 38
2401 114
1155 10
1723 5
2682 29
668 94
887 5
1285 137
334 21
154 79
1421 43
2550 14
1841 128
722 57
374 19
313 55
1850 8
1623 108
43 119
972 50
2972 64
523 0
418 121
763 35
658 41
705 36
733 14
2499 78
2751 32
945 11
2217 46
2801 136
2409 27
1807 71
1019 22
1470 36
908 113
1694 31
273 93
1494 33
520 14
815 38
819 31
735 20
1523 6
1639 54
2910 24
1701 29
1122 65
2177 43
1915 11
1884 7
2593 6
380 5
2252 36
344 25
2149 104
2145 2
2567 5
1943 5
1804 0
2823 46
2537 42
1262 6
2013 21
1425 136
1595 27
233 63
795 41
1707 14
2904 93
1821 6
2563 39
2406 28
2560 8
113 7
1000 41
2266 29
1583 83
2548 6
2970 75
226 6
1043 15
1193 1
1450 65
2446 4
1764 48
1667 60
2589 49
2377 85
849 74
622 37
2142 2
214 48
771 22
338 7
804 136
2261 36
1183 13
1169 57
37 32
106 98
363 51
851 31
1741 5
2414 144
857 21
1466 51
566 4
250 21
2525 34
1475 5
2503 14
318 72
1201 5
1108 2
2279 23
653 72
71 40
1668 106
2659 113
1175 83
1089 115
2957 7
411 90
2883 91
2387 13
1026 73
2092 39
540 86
602 7
1333 25
2843 23
1435 5
2220 6
2466 30
2762 46
838 29
2736 40
1628 101
807 145
883 22
1485 60
638 94
424 146
728 60
1997 18
377 80
525 31
2487 108
2524 36
151 119
1581 29
1950 48
1775 147
627 92
2850 21
1846 36
144 91
718 148
2575 36
2632 109
567 101
1881 103
2489 52
1156 58
2223 6
1432 2
2760 11
2172 50
2187 53
880 5
1076 29
625 8
2935 121
2976 89
1367 84
2231 39
618 104
1325 40
1983 24
691 46
2835 40
2289 137
1690 149
1351 0
2844 62
2507 77
2730 32
1831 104
1687 17
1693 68
466 42
1188 147
1192 29
146 146
2255 72
325 8
2706 86
1763 5
707 148
715 86
1835 107
2884 5
1112 111
2128 33
902 4
688 31
2215 14
1631 84
2278 8
2500 150
1940 14
1825 87
101 15
291 24
2493 12
879 75
1456 63
392 4
87 6
2284 90
2715 22
1276 51
1524 3
476 49
1695 6
1296 25
2093 97
1138 51
2073 8
1236 31
833 151
592 3
2979 36
1621 21
1636 152
110 21
1161 44
223 97
1053 14
1312 0
2771 14
2104 32
2981 14
254 14
1073 41
1620 40
1493 85
2691 89
546 22
2526 150
950 22
1572 29
844 145
64 27
414 34
2433 69
885 29
452 22
1259 107
657 75
1880 54
1582 112
1487 53
1486 90
1328 21
2418 6
2738 31
2268 48
78 60
2070 113
2809 14
870 28
2469 22
2248 11
451 73
1020 118
1561 14
1980 93
697 86
1742 29
812 153
2973 149
911 109
1522 33
1050 16
506 127
406 39
2366 40
184 117
1877 11
1718 119
610 134
2675 148
2034 49
2534 68
2327 115
1969 18
2679 138
21 34
2219 5
1426 20
1591 10
2225 106
328 44
2755 60
2519 64
1875 16
2538 79
2975 139
267 51
1891 11
2664 53
1757 46
2179 95
866 15
2945 7
2886 50
490 5
607 9
2465 49
1739 137
153 11
890 14
2939 154
2328 136
270 11
97 97
2259 86
2618 147
965 65
1800 29
872 101
1573 29
533 21
1068 6
1100 46
2761 147
2126 8
2312 94
716 51
2198 130
2949 20
1539 7
2954 155
470 5
565 73
1799 69
462 22
1278 28
1796 111
1870 61
1394 10
1346 74
696 41
1176 90
1753 119
929 33
1215 74
2635 14
1373 12
244 41
2800 77
1680 113
1313 21
649 114
2644 48
314 56
156 54
1304 11
1151 40
1802 147
1047 86
1641 69
1307 133
1928 28
1496 40
26 22
2245 0
16 25
1322 63
884 48
2670 14
1361 14
1845 17
1613 7
498 14
2841 41
516 22
2968 29
1479 91
1412 92
1096 115
543 0
2505 63
634 79
432 83
2676 65
729 80
1289 5
2258 18
317 30
1921 14
2562 148
1338 114
2878 111
320 58
1032 156
2026 110
2190 43
1111 21
1889 43
1528 6
754 157
2629 11
563 111
2447 31
669 121
253 36
2956 77
2517 92
2963 92
358 23
1279 32
1301 74
1203 113
2557 42
2798 35
130 36
145 14
961 67
2896 59
2764 81
906 29
1097 8
236 23
1062 14
