0 2.1919822692871094
1292 0
596 1
237 2
2825 0
1291 3
1400 4
2517 5
672 6
333 2
2888 7
1436 3
2500 8
1396 9
1029 10
2146 11
231 2
1802 12
2711 13
143 14
2040 15
2945 11
2403 16
2492 17
1764 10
982 18
1012 19
2698 12
1081 5
172 10
558 4
1227 20
2592 21
339 22
2855 23
2320 6
1158 0
650 19
314 24
2732 0
2383 24
550 25
1191 2
632 26
153 11
2129 21
111 4
2938 11
2894 2
730 26
1597 2
1872 10
2399 9
1103 7
1468 22
1410 10
2460 26
108 27
481 28
2902 26
1078 1
1564 13
1480 4
2019 24
2043 29
2672 30
1216 31
1369 9
1406 32
2617 5
1140 21
528 33
2033 11
266 25
2131 29
2300 34
2431 31
2695 18
2992 9
1853 23
348 11
1487 12
832 19
241 35
2692 3
356 21
905 36
521 0
1137 17
1734 37
1573 2
2110 32
2235 38
1738 15
1620 35
2703 11
2706 4
1051 39
64 16
2954 33
737 11
867 37
2633 12
577 31
2665 26
1849 38
1177 18
1314 36
994 26
2137 37
271 9
369 15
99 40
597 37
2537 15
16 19
1115 9
1882 11
2122 17
1333 6
291 41
789 6
2873 13
1888 2
1212 42
2002 20
1569 36
2115 34
957 23
1108 36
557 15
1753 16
2511 29
2494 28
489 41
1326 21
1615 43
1428 44
1448 27
2531 15
144 6
524 45
1026 46
530 27
1112 20
2737 47
219 46
612 2
2823 43
740 48
858 45
2374 28
1129 40
123 19
1807 49
2375 50
1515 45
1203 39
2417 35
281 33
1294 2
2748 49
2754 44
1873 45
2483 26
600 6
817 51
1557 4
2310 13
782 46
2813 26
717 18
1798 36
2578 52
1679 35
2486 24
2485 11
113 14
158 36
495 49
2865 11
682 49
260 22
1249 4
2871 48
1805 24
1720 18
1988 53
2117 23
2401 19
2866 36
1090 33
2675 24
1355 9
929 36
1195 7
2387 43
28 38
2629 4
2721 49
1463 15
2133 21
825 46
1276 47
628 54
69 18
1993 55
1013 0
2606 4
516 19
1981 34
2204 56
1486 32
102 36
1390 57
1495 47
2183 46
2101 19
1306 3
500 58
80 55
1736 2
766 7
1654 54
2526 52
2333 18
2324 36
2767 11
2513 3
1509 2
2539 0
342 45
1443 55
1577 11
2747 58
2845 13
1073 9
1688 59
2830 26
1847 40
159 32
55 16
2831 38
63 15
313 34
959 2
205 0
132 2
2536 2
1984 2
2326 1
337 11
85 10
2465 60
242 0
791 2
1394 17
2026 49
1425 61
1467 10
1497 23
77 26
2851 44
94 37
1709 1
2708 59
138 26
843 62
2872 36
2412 50
2789 2
1821 0
1490 53
1345 53
2739 43
1062 33
1488 2
1860 0
1891 4
2013 36
759 26
1149 3
1578 50
2712 50
73 4
228 63
2440 61
1493 64
2488 50
1007 20
809 26
2506 55
1940 61
130 11
983 25
1102 2
664 4
2505 26
1057 14
2305 26
1354 14
222 26
2149 2
693 31
2162 12
1461 22
586 21
2937 65
956 11
2838 15
745 3
733 15
476 9
2870 2
735 13
5 45
962 2
660 35
2138 44
70 20
1836 45
921 66
2145 25
2859 13
1933 53
2094 54
2005 2
2263 45
49 9
254 11
503 5
2849 20
83 26
734 10
2595 2
61 55
24 67
1634 11
506 0
522 44
827 50
970 45
2329 15
924 2
1269 25
2781 65
2875 35
1600 58
1464 48
2551 37
2192 2
2489 20
1731 62
585 68
1248 69
2166 21
2372 35
477 0
2274 62
799 23
318 29
469 6
402 54
2946 17
1175 16
104 24
512 53
2575 44
1687 55
997 26
1774 18
1482 13
1347 61
1592 36
1689 69
620 10
2393 66
185 70
457 33
1831 18
2613 4
2582 4
1160 26
2051 37
945 46
2939 63
1266 48
103 44
468 33
2278 26
1607 6
1322 32
1781 55
131 38
2063 21
828 45
1496 17
587 60
1806 28
1627 37
2784 50
1692 2
531 13
264 35
2456 54
777 3
1867 53
141 51
552 26
1730 11
1717 21
2191 16
1746 59
787 36
2993 51
763 36
473 6
1920 26
1284 55
2410 54
1662 32
1004 3
2262 10
1209 61
653 14
1614 60
1710 71
785 36
2929 72
2815 69
995 34
2025 19
898 29
1647 11
581 26
1551 50
2281 42
1819 46
2344 0
2953 72
1349 14
1776 62
2630 13
1941 44
538 26
2436 21
96 9
2959 21
464 48
2014 26
1382 40
1156 26
220 73
1747 11
2585 19
2546 5
770 2
2907 31
1828 38
1727 11
2168 28
329 10
2366 24
2037 69
112 11
2529 74
967 24
432 40
2288 21
149 14
908 28
261 33
376 46
2520 5
19 8
2969 14
2988 33
2663 50
1998 30
274 2
2626 68
1128 13
1642 30
2139 21
1432 11
1237 44
2066 4
2125 17
1883 62
269 38
1939 3
1650 52
1611 22
2962 73
1117 19
2000 2
1079 62
364 25
2064 42
1711 41
34 63
1726 2
2173 36
1537 28
1659 69
1305 1
1698 30
1735 62
1417 59
279 5
1795 45
935 24
1572 2
363 55
1961 65
2568 19
1440 44
1424 48
2847 26
2395 22
2099 61
1565 71
708 29
386 50
2229 50
2024 65
2175 62
2400 23
2328 1
2075 4
987 59
1678 29
659 44
1568 55
856 38
2118 41
1991 1
2213 62
2893 73
527 71
1956 23
2077 21
1750 36
1596 59
2837 67
1904 68
287 75
1835 28
268 2
1874 9
2793 39
2425 10
1506 74
1788 34
644 2
647 37
2319 4
2342 62
2577 20
2165 3
2614 71
2768 19
1996 0
1919 41
210 37
1264 19
2930 8
1331 49
622 66
1265 76
2086 35
2116 46
564 61
1966 48
200 72
1437 68
15 61
209 35
2726 15
834 34
1098 2
2337 26
692 69
684 44
2477 55
1119 58
582 2
1721 32
2525 48
120 36
2176 11
2227 2
1606 62
295 25
2258 59
2985 46
2237 11
1449 2
1190 15
9 75
311 12
2370 24
1165 48
478 59
1729 11
1066 37
2382 22
505 66
2141 45
355 2
1256 24
38 39
1704 23
2790 29
2593 11
1748 56
1749 14
1258 45
2574 26
1146 11
2819 4
941 21
2915 13
640 43
1093 62
1070 21
1126 4
656 65
2690 9
2354 26
419 22
1231 11
1143 45
1172 11
2474 35
2224 59
2664 3
2089 21
2228 0
2661 6
2481 52
1719 35
203 49
2679 53
811 33
2981 15
2480 31
2631 77
370 25
195 2
2610 27
502 19
1584 36
2484 18
887 15
1768 75
2688 17
2702 2
298 7
2058 41
2246 17
1107 54
2919 50
2041 55
2874 40
2475 37
233 56
930 33
2918 46
1147 75
2275 41
2567 15
2913 78
2579 2
1167 16
1978 12
2047 35
643 20
2038 25
2911 36
2885 41
736 55
685 63
1591 24
1295 35
1715 0
1670 60
2004 11
2955 62
808 79
1626 24
991 61
985 26
2668 80
361 15
330 43
1778 78
1476 4
598 2
1700 41
2608 50
2496 46
1635 11
2549 55
2603 66
1042 11
2968 66
109 26
2010 66
1544 2
1416 23
1232 45
128 19
2434 26
2186 18
1552 63
1395 4
616 65
2418 61
661 34
365 70
965 31
701 59
2416 15
2509 66
1368 50
591 66
504 1
623 45
1325 9
2844 50
157 0
2773 59
2749 11
2979 14
1005 75
840 66
1399 3
1527 39
1420 36
2612 48
2912 61
7 52
869 11
2119 16
2109 3
602 9
1289 3
2042 13
595 46
1323 66
2571 37
2398 54
892 26
835 46
2364 31
837 67
739 20
1562 45
2462 62
2082 50
2081 62
1862 62
774 55
2744 26
1096 81
630 23
1559 29
1315 50
216 47
1856 66
1556 26
2053 17
292 78
2001 14
1530 8
2681 13
1902 27
227 78
542 69
857 26
2090 13
1633 2
2522 82
217 77
720 66
830 55
1977 82
1638 66
2242 9
174 8
2927 63
1257 70
2135 6
2507 13
1293 28
2933 57
322 15
324 55
270 19
1206 60
2285 3
754 67
1159 40
427 54
4 17
2642 45
2006 10
2501 63
1471 19
565 67
1517 52
357 11
1999 46
955 37
2381 15
1316 50
2421 21
2563 55
1925 38
2350 2
1197 62
474 61
247 43
201 83
2883 25
2752 0
2203 2
181 84
1668 40
350 36
875 9
1273 28
1618 66
847 4
2007 53
1864 68
2479 83
1742 36
1358 12
2069 54
1757 19
345 50
1383 6
1740 11
731 17
2924 85
1763 1
588 62
1380 7
862 53
177 0
455 5
373 72
2564 44
1105 44
2598 17
2148 2
2541 4
961 5
1811 74
2775 46
601 43
317 37
2699 25
783 35
1869 23
1843 77
1268 16
1348 44
593 18
1262 45
2349 13
1344 3
2956 1
2922 86
2039 6
2743 62
915 35
283 3
186 45
453 5
1037 28
2622 78
1501 5
2307 6
1745 25
1477 14
2359 21
2504 86
696 13
1168 78
2766 50
2365 2
849 45
2323 15
1765 0
1936 26
1771 75
548 35
1188 30
2114 8
1817 55
607 68
973 15
2674 32
1820 77
814 43
1733 2
1303 15
796 45
2487 29
1088 45
2247 26
2778 68
511 52
2367 62
2982 25
1640 68
288 15
76 38
1023 55
1661 66
100 36
750 15
2396 46
1353 23
306 62
316 42
1793 55
72 62
309 50
2926 28
2560 59
1032 25
2296 4
1401 24
1313 21
1405 36
2899 7
678 87
826 65
666 35
335 63
124 36
2449 60
1240 13
1267 66
1985 60
366 3
285 36
1381 21
488 21
2787 40
1582 88
1871 6
134 1
2756 11
1460 25
958 66
2197 41
2841 31
2596 50
1967 34
1684 75
1895 21
2742 70
2550 36
2852 43
37 26
954 53
118 53
2452 36
392 44
1301 32
1135 45
2277 15
1124 55
599 24
492 9
615 28
2801 37
918 57
1478 50
788 76
1716 2
1896 19
2439 39
1545 28
1224 57
1913 38
1854 81
756 4
841 50
273 78
572 14
2682 54
1230 72
1357 87
2251 5
167 43
1909 34
1278 6
2691 56
1491 11
2272 82
2111 43
540 31
1824 58
1162 14
1438 37
2084 65
1816 41
1064 36
1550 19
1690 10
1865 11
910 0
1714 40
62 20
800 24
780 55
1414 0
689 15
2314 72
2463 44
2895 10
2521 0
1236 4
2380 69
2905 42
1707 26
1812 26
579 15
778 82
293 38
460 39
35 2
2573 15
543 21
1901 45
998 3
257 18
371 40
81 51
2420 69
497 28
729 75
1022 69
1641 46
446 9
1696 2
2723 9
2659 83
1777 89
517 36
1520 61
2994 45
1009 15
2177 21
433 36
276 60
1047 15
1724 62
282 83
1885 26
1541 21
646 15
1893 9
2161 19
2591 70
2220 15
1178 71
39 65
336 29
1125 82
541 35
943 44
383 1
2384 35
885 11
240 29
2448 33
1675 4
1489 37
1388 26
1929 70
2725 2
2209 46
1163 87
2896 90
1288 49
1377 48
243 36
2361 13
569 78
2190 3
218 26
649 77
1937 4
2222 36
1299 3
2806 52
757 3
146 25
289 36
2760 46
560 68
59 20
1625 21
1930 19
221 28
232 28
926 87
3000 29
147 5
1131 71
2357 15
84 72
2185 53
1671 31
244 13
771 6
1077 11
1255 37
2476 69
1238 26
182 45
795 9
1182 2
1752 50
576 60
1456 11
1458 65
1132 70
1946 24
2635 35
2394 15
2558 53
304 28
1797 84
1261 63
1161 67
2556 36
786 1
1818 15
212 36
1282 52
1973 26
1952 83
2335 27
2502 8
1318 2
1455 26
571 25
465 35
1758 91
2810 82
2616 39
1421 18
2524 45
117 55
461 26
2451 0
621 58
1528 35
2020 74
1270 21
978 72
2221 14
1694 4
712 64
405 45
430 2
1631 90
2694 26
518 62
769 16
2730 84
46 37
1792 13
467 40
1796 73
2347 51
2210 72
1655 71
810 35
690 10
1637 72
758 55
1982 45
1446 2
753 45
2261 66
307 26
482 23
162 82
1254 4
923 26
2917 92
852 71
449 11
2826 42
652 2
1186 16
2248 35
2317 66
1989 26
1075 20
2995 11
1201 36
609 10
2594 36
1309 11
912 46
1581 36
1243 22
1055 2
2975 72
40 9
31 32
2590 11
2297 68
732 17
2052 66
1931 87
2298 36
2250 11
2153 30
388 36
2200 20
1067 26
2532 46
377 8
1673 78
249 62
2325 22
2833 0
2031 87
44 26
1702 2
456 75
2132 36
2719 62
1813 53
2055 89
415 42
2073 23
1979 93
2223 36
115 35
1080 24
1801 42
2255 43
2065 26
1848 30
2343 36
2700 25
2134 17
2750 50
170 44
749 91
2796 25
1441 74
523 4
2605 48
1657 9
713 84
1221 72
917 2
804 61
2011 2
525 66
1965 89
722 37
1866 38
977 2
746 66
1987 21
471 3
338 15
567 12
1855 0
2619 20
1878 40
2280 39
2299 91
1024 43
2127 61
2792 46
626 36
1605 69
53 75
2740 38
2353 36
196 23
645 2
66 63
1810 2
2910 41
424 8
399 75
784 42
1887 11
284 50
2714 2
1360 24
1253 14
2552 61
2618 30
1063 1
1686 94
1769 50
2253 0
2059 72
904 17
2970 35
1142 62
2218 1
2812 4
1452 45
1772 21
1251 21
2680 2
553 23
829 42
198 36
2023 21
2469 55
2036 36
1144 1
2686 17
2478 54
1166 90
1027 95
2249 4
2644 10
603 72
387 2
2799 11
2861 96
1336 7
2653 97
805 6
953 11
493 41
697 9
2032 68
2771 15
2832 2
166 45
2646 16
1370 26
1576 2
485 10
1744 59
2584 15
1423 36
155 2
2358 63
592 42
2142 25
1756 36
379 9
1028 2
2828 1
2339 24
2689 47
67 98
119 48
3 90
1518 16
2239 27
2113 81
2814 44
412 36
2974 45
2252 4
838 2
250 14
2271 23
1505 33
533 54
1976 59
272 0
344 82
278 54
466 78
1330 9
574 25
280 14
368 71
23 21
760 1
2976 50
836 36
86 35
845 21
1903 43
1975 41
2652 75
1538 2
1016 40
2856 1
1141 76
2231 10
1951 66
353 2
2405 11
2923 72
8 26
1522 71
2829 57
1560 20
2120 7
2234 4
2627 4
2717 34
236 25
1651 40
1145 45
2611 2
950 54
2304 59
2056 69
539 60
1069 24
2701 68
2557 59
2497 68
1339 3
1639 70
2906 36
2705 62
2535 23
764 10
1109 65
1247 40
1723 45
202 52
872 65
2404 34
2107 94
1554 99
1222 52
976 1
889 73
952 61
2545 2
1153 16
2898 25
1949 35
633 17
2645 58
2736 37
2746 22
886 21
1099 27
2049 24
142 62
1799 34
816 100
1091 18
82 26
156 44
1041 66
2243 62
2003 1
2450 26
2150 26
2798 53
184 101
611 79
618 2
881 40
2219 11
1229 99
1986 102
319 38
2169 68
161 71
1636 79
362 20
1076 0
1889 4
95 82
2776 94
2921 27
1280 50
334 21
2581 22
459 4
2163 36
2709 103
2095 2
1321 11
509 60
2181 86
448 29
447 25
975 26
779 18
1045 40
2544 95
2931 15
347 35
127 43
2091 19
340 3
2021 36
1089 83
1465 92
1019 26
1470 11
974 44
1039 45
2230 66
2466 29
551 36
1052 3
375 24
1851 32
484 21
888 101
401 45
263 45
2602 20
1783 13
992 5
1773 65
821 12
472 103
2385 3
944 36
451 95
1643 28
2445 31
2632 35
1877 15
2044 76
1312 15
1531 50
1439 36
394 11
2862 75
2881 67
1767 28
676 2
824 44
2977 20
1513 39
2027 94
1508 36
1703 15
302 13
1151 28
2467 49
1630 60
2950 43
480 2
1610 21
561 101
2245 63
1761 83
2848 29
773 75
2363 21
2157 62
1343 21
2621 1
2289 50
842 41
1785 11
2685 0
1297 104
1210 61
2016 0
2731 18
2493 44
2415 26
718 82
41 30
2877 35
2160 30
12 16
663 26
2990 14
1015 17
1959 2
584 13
2454 46
1960 101
2241 77
2199 40
2427 43
359 77
2660 6
1870 94
853 15
105 69
235 49
695 26
194 26
1561 61
617 65
1879 19
1049 55
1056 105
1916 89
1157 4
514 73
1595 35
634 17
385 2
1543 87
2604 55
850 17
2295 4
714 52
1542 106
2718 17
2311 14
1583 1
90 15
2035 1
1837 26
308 2
1311 30
2009 14
1935 90
1171 35
1363 35
743 107
1590 54
922 0
211 55
2916 58
384 49
691 44
709 29
403 10
702 14
2377 67
999 11
2085 2
544 35
1208 25
404 50
2667 103
1083 2
2225 15
1945 2
442 73
1524 49
2991 9
2196 60
2308 15
1934 45
1533 0
559 75
861 0
1134 106
1502 13
2824 16
1947 15
87 2
546 94
2785 45
463 13
2512 13
815 65
854 55
2050 61
2158 6
1665 40
1006 75
234 4
395 27
1603 19
189 2
2070 66
614 98
437 55
164 19
1844 72
1219 10
1200 45
820 20
1547 4
515 66
776 49
1469 15
2045 49
1963 2
487 41
2625 29
793 0
2508 62
583 90
578 25
1412 104
748 104
1850 80
2206 60
1787 26
566 7
2301 15
1838 24
2763 7
580 16
2903 107
1290 37
1593 21
803 55
259 45
458 54
725 20
116 23
2151 68
1104 3
2772 81
1842 37
1298 13
2345 70
547 2
1755 43
2226 82
418 36
47 57
310 0
878 100
721 76
2332 21
1525 5
2447 61
1728 12
947 36
1808 66
2908 89
2901 18
150 55
1213 61
408 50
1340 39
2423 96
2607 84
806 36
1454 26
846 37
625 35
2868 26
1880 84
2600 1
193 57
331 84
122 14
2864 26
1384 72
312 40
1082 30
2184 9
1043 14
741 35
883 19
2390 65
2647 51
1404 65
1858 35
1942 11
2498 80
18 91
354 15
258 30
1263 59
863 49
2468 36
2734 0
1529 57
60 66
1612 43
1994 46
2623 45
1095 32
519 0
422 11
1570 26
860 30
13 8
1829 41
372 0
389 13
2470 39
420 2
1494 13
1712 13
1800 66
2965 4
1567 86
2123 72
2046 53
938 12
494 40
2762 10
2839 8
638 21
428 18
2290 9
1308 17
2820 86
305 68
2428 43
909 108
409 66
716 58
981 44
1442 24
920 109
1307 110
88 43
2533 2
1649 45
513 30
110 0
680 35
2017 59
1725 13
2379 89
1894 43
1827 30
398 10
1274 65
2967 51
2753 111
2172 12
662 14
1185 14
2194 68
797 10
2140 82
2878 12
1695 36
738 4
2729 70
2836 15
1782 77
1462 24
2963 38
1453 60
2461 107
1926 40
679 91
2949 35
1558 10
822 6
1857 111
42 45
2650 0
213 58
772 40
323 54
2336 61
2376 10
931 33
979 71
303 7
1992 23
1260 28
92 54
1044 0
1365 89
1207 2
1622 75
22 32
2889 82
949 62
1106 14
2205 93
2426 14
423 2
2126 26
175 3
1287 44
208 3
499 17
2188 93
71 78
2850 0
635 15
2561 2
2887 17
2782 1
21 48
1685 23
925 27
1038 26
613 100
1310 69
1356 11
45 0
2759 77
2897 23
2707 20
2106 112
1971 103
129 76
2530 60
1427 23
1621 55
239 11
2327 113
2609 37
1604 27
1917 63
1743 62
1097 18
665 54
454 27
2777 10
2330 61
687 60
1020 8
1003 10
1846 62
1516 26
520 33
2392 114
178 10
1918 38
1250 69
204 61
2900 66
1337 29
1366 33
2980 22
1130 36
1713 53
290 19
48 21
160 42
1521 18
2733 22
2651 49
2783 54
933 40
1196 11
1018 107
1924 13
68 69
1387 0
1133 2
2693 38
1059 17
2080 60
1598 26
1415 31
2360 13
2867 88
2464 27
406 50
1304 86
286 88
707 24
946 22
2909 37
1697 103
2096 2
1184 88
2321 24
2794 80
1154 12
2419 76
2313 14
2356 8
667 78
252 44
2195 62
1546 26
2510 23
700 11
1285 29
1693 78
604 58
986 17
2755 101
906 58
1669 18
2947 27
526 0
1194 26
2232 55
2678 36
545 26
1914 0
2957 4
2817 97
1834 29
2279 54
1908 25
2751 62
1653 0
2757 87
706 46
1225 61
673 115
762 26
378 28
2860 74
1852 7
1683 7
1372 26
744 99
1068 35
2802 62
1861 71
2270 25
654 4
2268 82
1826 40
2373 3
868 40
2316 10
848 5
2015 24
2028 31
1092 55
2971 54
2964 9
1444 50
2174 2
139 5
1619 94
326 35
341 78
554 14
1040 45
1183 98
2437 59
2797 3
238 38
2519 17
2528 96
1279 43
1084 82
648 62
1897 66
253 50
1732 70
2935 93
328 17
1434 63
1972 12
1539 26
1000 9
1418 55
2518 94
1164 8
728 82
2932 67
1574 2
2941 15
2999 66
1928 15
183 23
2067 110
1035 14
790 0
358 0
942 36
173 33
2720 13
594 56
470 66
2805 3
2362 94
2840 9
2435 63
1648 14
2722 93
165 11
1485 14
2677 55
251 27
1085 62
2657 98
400 15
802 116
1969 115
2572 92
2553 36
29 32
642 48
927 50
2998 72
1061 19
452 26
1957 66
2334 15
1932 37
1825 14
2414 12
380 78
536 35
1762 26
1575 60
1841 110
352 15
294 55
2391 46
1169 96
1116 62
2346 2
2072 6
2543 16
2458 2
91 50
960 66
1 62
1646 84
683 45
382 65
2637 65
2523 16
1492 107
2178 89
1252 96
627 104
916 61
705 69
2315 28
619 62
1645 42
1510 9
1422 12
320 45
224 1
214 26
573 58
78 35
2892 15
1413 36
440 10
2217 25
343 40
1033 50
2944 5
2676 45
1859 58
491 26
2472 101
2628 75
932 3
1921 36
686 10
2727 43
255 57
2639 32
2207 93
1875 14
2943 107
1223 40
296 84
710 26
2060 19
641 26
1868 51
1334 26
2216 7
1737 10
1839 40
2008 45
2264 93
2312 84
2649 33
1352 86
1511 6
1602 92
190 56
2424 76
1373 93
1296 117
556 45
2713 46
1111 21
1189 30
1892 62
1121 27
698 36
1218 62
1886 9
988 60
327 27
2960 37
1180 17
1708 6
1555 14
2155 103
668 47
874 10
57 62
1054 108
1503 82
2858 57
17 117
1435 11
2254 0
2124 40
135 35
2 43
438 19
2827 96
2459 102
2809 2
2687 66
1346 104
568 3
1192 36
2846 16
1087 24
426 9
1114 6
2804 51
2745 13
1181 13
1466 21
1699 17
1536 75
1008 115
2987 15
1155 94
2978 48
2879 2
2433 46
871 53
1498 68
1138 73
866 15
768 15
1954 63
1205 26
180 78
2835 31
1122 23
1779 24
1962 13
2770 16
864 113
2769 32
1617 41
346 115
2368 17
1275 69
1320 112
51 24
969 90
121 21
1317 107
2914 66
1968 0
1393 26
1217 69
844 60
2284 57
1286 33
1995 31
479 15
2658 30
1571 94
75 89
1211 0
575 25
1457 28
1804 65
1036 26
1790 41
1876 85
964 6
655 37
1021 26
2293 0
1234 46
1204 15
902 102
441 84
984 26
1881 12
206 2
2105 78
1409 3
501 11
2062 2
532 19
742 2
2788 90
2673 78
1335 118
590 50
2286 11
1905 119
1451 5
1174 115
606 28
2882 67
176 29
1214 4
1784 98
1481 15
2340 26
413 42
1391 33
1342 112
2078 105
2890 107
2201 0
2936 55
2446 63
2764 120
349 108
2514 27
2322 41
884 10
2843 55
2891 26
265 36
2786 2
1624 115
2587 11
1179 17
2098 53
2071 59
1563 30
882 29
1431 61
1283 81
2276 70
2034 5
2934 73
2156 4
1389 40
1681 15
2984 2
1549 58
2079 23
11 67
1629 55
439 38
1367 90
972 94
711 35
1483 41
2371 50
670 32
1193 98
126 31
2306 36
2670 21
1927 111
1338 73
2012 45
1060 2
199 15
629 2
410 15
2741 31
1741 0
2443 11
1199 53
2761 71
1202 52
1300 44
2765 19
14 59
2951 54
2620 118
657 115
537 57
968 55
2589 0
1666 28
1663 53
2402 19
2212 11
1136 68
1594 2
1459 105
483 52
1245 2
2583 70
2179 113
2780 12
694 46
2601 26
2074 121
2121 88
2547 67
1540 55
1579 101
2061 26
1472 122
2724 62
2455 78
2257 76
2352 87
1601 37
1534 21
1907 108
2389 23
812 87
1371 43
154 53
1329 13
43 42
1241 119
1419 27
879 93
1950 10
2559 87
1484 45
360 5
56 66
880 45
1319 14
27 13
681 10
1239 18
1514 70
136 5
1535 62
2259 61
1378 72
2989 92
2104 12
1001 36
1863 21
2265 49
1065 13
397 3
2920 50
54 83
2294 24
179 33
508 68
301 36
1553 61
1664 2
2634 26
1002 115
79 69
996 0
727 36
229 14
819 2
1398 82
989 22
30 66
1658 84
562 1
226 35
6 37
1228 115
445 30
33 35
966 111
1682 2
894 36
669 68
2211 93
1359 35
1407 90
2554 6
1397 123
152 36
2669 26
223 32
2490 33
703 10
1667 17
2666 0
1445 101
855 26
1833 37
1587 83
1526 57
114 114
2097 32
2338 107
1101 35
207 60
2534 104
1148 4
1822 2
1411 31
890 0
2972 120
900 50
833 124
1246 29
2983 62
1242 2
1983 41
870 17
1660 2
674 125
2457 14
1375 36
1677 58
2599 66
140 14
490 21
914 45
1616 126
1672 4
2214 65
1899 14
2562 63
813 14
215 127
1944 3
2180 124
315 61
2187 93
417 124
1030 33
2087 60
2102 67
137 104
747 45
1475 2
1123 12
794 128
36 75
26 26
658 18
1403 129
450 0
1402 55
1259 55
2351 26
752 5
1271 14
2958 14
1450 23
2422 52
1053 36
2438 2
245 15
2152 62
277 125
2442 54
2159 4
589 61
2208 103
971 3
1948 116
2570 20
2624 99
2388 4
2378 27
1760 110
2182 45
1324 29
168 2
2273 54
928 35
25 130
807 131
444 31
1780 65
151 114
2791 0
2143 45
755 36
2266 3
2430 21
1048 93
781 95
901 26
865 93
1953 48
2341 109
1198 2
101 32
1050 62
1628 10
2444 19
2538 66
1272 107
1759 15
2684 21
1379 132
767 11
751 45
963 47
2716 61
2291 36
169 36
74 4
2973 132
1884 66
2167 35
1139 46
2569 133
993 9
2054 83
1500 62
2303 134
1906 4
1094 50
1385 98
2432 86
1739 6
2648 65
1504 44
2565 35
1632 26
2103 104
2516 51
267 16
1034 107
1830 3
2586 17
1845 83
2108 35
2641 50
2215 36
145 4
332 10
1974 83
248 101
374 84
381 95
2548 36
321 10
2240 35
637 35
1588 15
1332 125
2842 38
2638 29
2615 4
2283 15
1215 104
431 68
1011 98
192 18
2655 75
1176 28
436 44
2735 47
1691 1
1943 21
1281 91
1900 10
1187 66
1017 66
2233 135
688 62
1566 132
639 31
570 136
934 35
1408 133
1170 26
1361 45
534 62
2996 137
1823 6
2715 26
197 138
2482 76
1803 25
496 55
2640 50
937 139
980 53
2429 17
2076 44
1302 83
1814 53
1656 75
396 22
2369 33
1706 0
148 2
798 35
1751 36
624 36
2287 40
2029 109
1010 22
1519 60
911 24
1623 35
896 106
1474 21
2822 48
1362 34
107 62
351 61
1548 69
651 50
390 10
1473 139
1118 65
555 40
300 140
171 55
1277 17
2355 14
416 54
2966 119
765 64
429 141
187 44
1840 11
1915 0
2318 93
1890 53
631 20
951 31
163 13
414 48
1074 109
2144 66
2147 48
2018 53
1031 115
877 26
818 2
823 142
2256 46
873 17
246 79
230 27
907 71
2057 110
897 35
2236 142
2884 66
1754 50
2925 143
2154 43
792 11
2238 40
1911 112
1328 15
2309 3
2193 93
1652 40
699 65
2491 119
891 106
2643 90
1718 144
2580 144
895 72
1152 43
1447 38
58 0
1980 13
1923 61
1058 32
2331 26
2411 10
2292 16
93 69
1235 58
2386 40
1014 40
1701 4
948 30
1794 63
1110 44
191 7
2088 29
1532 61
1997 142
2683 104
1955 19
724 84
2112 38
2282 93
677 56
106 71
2948 35
1964 6
903 4
2302 82
1433 24
2471 43
775 56
1233 145
859 45
1429 21
2030 18
2128 4
990 46
498 15
2942 7
1608 5
2136 14
1990 40
65 20
2654 44
1815 61
275 26
726 132
1680 50
2597 78
1150 20
2202 19
2662 55
1364 36
411 26
831 11
913 26
2566 106
2093 95
391 109
2269 61
2189 144
1374 26
2406 98
723 23
262 56
899 65
2244 0
2164 35
719 62
2441 0
2068 2
2407 2
2876 4
936 0
2803 100
421 15
2198 111
10 36
1938 45
1120 26
2928 12
535 146
549 39
1585 66
299 36
2171 118
1386 52
2758 86
2863 84
2818 93
1676 40
1392 2
89 26
1644 36
98 126
2100 76
2397 65
510 6
2260 17
704 35
1970 147
2795 3
1046 25
1507 108
940 148
1430 26
1809 149
1912 36
2940 61
608 3
2886 7
2527 107
2540 125
1071 40
2413 10
297 128
50 43
1512 53
225 121
1775 97
1244 69
1922 13
851 2
1786 150
2696 42
1226 62
563 12
2671 52
2853 142
605 118
443 21
2473 66
1599 40
1025 119
2588 62
2816 70
2811 14
2738 15
188 3
407 0
1173 94
2800 118
2961 98
462 26
671 72
2704 30
2834 89
1958 66
715 71
1351 25
425 55
2092 43
2710 53
636 23
529 94
2267 14
1766 49
2869 47
2997 11
2952 84
2904 7
1499 50
610 7
486 36
1479 106
1086 65
2130 107
1705 101
325 30
20 136
2503 40
839 10
2022 36
2807 43
1674 26
1341 25
2083 16
2857 61
1791 64
1613 36
1523 36
801 151
1580 152
97 10
2495 94
475 44
1789 61
367 137
1898 50
1722 18
1910 38
2555 4
761 80
919 21
1426 35
2808 26
393 122
1770 44
507 15
435 62
2697 153
2048 132
1832 96
1586 98
2986 86
133 48
1589 62
2499 39
32 27
2170 57
1376 40
1327 12
1113 99
1350 1
256 1
893 144
2408 36
52 2
876 23
939 24
2821 17
1127 50
1220 63
2728 151
2854 40
125 36
2453 15
2779 40
2880 15
1072 26
2774 45
2636 75
2656 15
434 36
675 55
2409 9
1100 87
2515 26
2348 59
1609 37
2542 151
2576 35
