0 2.8850879669189453
1284 0
251 1
2154 2
2787 3
633 4
71 5
22 6
415 7
587 8
604 9
2172 10
2800 11
2664 12
1733 13
2050 14
1728 12
1637 15
2287 13
1493 16
2617 17
2702 18
2406 19
1229 20
1008 21
165 3
2088 22
2930 23
904 24
655 7
2361 25
203 2
2160 26
2398 27
2925 28
1918 29
911 30
2231 31
550 32
2370 30
696 25
1042 33
2439 34
895 26
1958 7
2506 6
2625 0
1983 35
31 10
881 36
545 24
1327 28
1850 32
2319 37
1573 13
2431 38
313 39
2699 17
1440 0
446 17
892 31
923 40
533 9
88 1
2891 14
1923 31
58 24
2612 11
2135 14
896 4
1106 9
764 31
1978 35
1375 13
2041 27
2219 3
1784 19
155 3
2166 13
806 33
2020 41
2392 15
2964 18
247 39
348 3
2754 42
1195 25
530 43
2043 19
1112 44
2956 13
1686 41
2932 37
1777 30
1036 40
2193 43
686 40
803 45
70 10
1254 9
2656 46
1734 21
2627 17
2606 13
2203 13
1702 3
1391 43
1507 47
934 48
2942 45
1395 4
1037 49
2638 34
267 12
1550 40
1623 27
1172 43
372 3
2679 5
440 31
333 3
2031 2
2239 33
1219 50
1362 18
378 13
2870 3
1418 48
903 13
1722 6
2826 51
2586 36
2110 22
2107 41
559 40
1076 3
967 47
1869 52
1700 43
1043 37
1523 13
2234 46
2532 49
825 50
2715 27
2127 37
176 19
2615 24
411 11
1071 13
210 18
399 50
237 5
2500 53
227 5
618 18
1861 41
4 48
2779 3
1731 9
1494 24
1631 23
2998 15
2731 18
1238 32
1587 52
1999 35
2823 44
1815 37
2993 28
26 27
2653 11
2747 26
2015 11
1997 54
1288 16
161 55
838 13
935 47
1056 28
2526 41
2313 14
1941 0
1401 47
1090 52
1893 39
959 3
2705 40
270 43
2673 56
1577 14
23 9
1651 43
1837 13
2839 57
211 27
1509 24
1142 14
2557 28
473 9
1012 56
1274 17
329 11
323 27
2278 4
2764 58
1953 36
73 14
1412 8
470 24
2343 40
1293 52
1835 12
839 31
1917 40
1854 45
274 27
7 20
2602 45
2039 37
2531 43
2858 45
1208 14
2033 43
1 7
1033 43
318 59
829 7
2423 40
2282 38
2260 24
1264 60
1536 14
2805 44
2293 3
2655 56
1066 47
1342 15
1657 34
444 32
2539 3
2126 48
2856 29
1931 49
1618 14
2692 46
2776 25
2851 42
2760 44
1701 14
405 43
2817 34
1413 36
564 24
1799 17
752 1
1991 14
1723 61
1533 24
2959 5
1223 13
121 40
1818 13
2984 13
410 3
1424 43
1905 50
209 48
2367 3
1895 9
127 55
1171 12
2036 13
472 15
1502 24
1755 31
1053 13
1218 33
2003 45
2311 13
1234 61
786 45
125 24
217 1
2366 40
167 55
482 38
229 12
2468 9
347 4
899 5
2595 21
335 60
1598 27
1610 20
661 62
351 27
319 56
1460 9
627 8
1353 39
87 24
1825 13
390 40
558 3
1495 63
393 17
460 35
2970 25
1323 9
2774 13
731 36
629 3
500 26
2894 3
2196 37
2222 52
124 13
1120 40
824 18
1875 14
389 5
2383 47
1870 21
2986 61
2910 35
1740 3
900 24
598 13
631 30
2212 13
2918 35
2396 15
1350 13
2448 38
1476 13
1911 36
1912 13
1714 37
563 48
593 0
1860 3
371 13
1612 7
2099 61
2660 57
1877 43
66 29
2997 37
637 12
1948 23
912 3
2553 42
6 29
720 43
2859 64
404 24
112 13
1454 40
2144 3
1894 55
2597 8
1245 13
1168 65
42 34
1797 30
2306 33
302 32
1108 32
423 3
2832 3
2820 62
1575 56
2163 13
1441 42
212 3
2574 40
158 24
157 3
1990 9
605 36
1123 18
2603 33
933 3
104 47
871 65
1094 31
455 44
241 48
2599 61
1184 66
891 14
141 63
653 48
698 24
2480 67
1664 13
2021 61
2739 42
2257 25
769 15
2326 68
1481 24
2834 62
719 14
2441 27
340 0
878 33
2102 35
2117 29
195 13
1553 3
1696 27
809 27
1232 24
1751 19
1708 44
1836 24
1736 3
2388 45
2018 11
1041 27
35 3
2735 63
1524 12
271 36
2089 13
2195 40
1445 56
193 39
1647 9
1265 29
1345 27
2534 11
331 45
2513 12
1883 19
2862 19
1048 51
1434 12
2385 43
326 48
2630 36
2065 40
2403 12
2713 14
438 69
1282 23
541 40
132 13
1052 61
2804 21
1903 44
1211 13
1928 14
2341 36
884 31
2730 44
60 37
363 45
2825 37
2605 7
2880 42
2681 32
2752 27
2434 27
1200 24
2585 56
552 27
980 18
670 61
978 2
184 55
2704 66
294 27
1962 46
537 22
1661 3
2507 10
1361 52
2892 14
2476 60
2689 63
2662 61
1060 3
1417 42
304 49
1169 48
2499 10
1833 65
1272 18
1562 32
2288 5
1126 61
392 70
842 49
2720 25
1157 61
39 5
943 18
362 2
357 14
92 23
1110 29
2626 42
2286 42
74 24
230 37
1746 56
1512 71
459 8
1496 4
1009 18
2355 13
83 27
1280 20
1829 69
273 5
2177 8
1089 49
693 42
2651 70
913 27
447 18
2616 7
2238 3
1049 43
2489 10
1564 67
603 62
2017 35
1463 9
730 27
1491 1
1742 13
2247 27
2229 6
2967 70
2822 49
853 40
449 42
213 60
893 38
2280 49
1488 3
585 23
1547 9
725 2
1846 9
2726 72
857 56
2957 14
2846 15
1545 24
1517 25
441 59
2297 23
2636 46
1133 0
1839 36
2634 40
408 19
2740 47
889 73
1244 4
1383 25
2295 40
2245 64
973 72
1753 46
2444 43
286 71
1366 72
662 42
1116 3
2931 3
1819 70
750 3
2360 2
1204 36
2806 54
350 14
2687 33
915 18
1851 61
2194 40
1489 72
1289 14
1369 18
2818 37
1785 42
1886 0
2503 13
1866 74
2073 3
1304 4
1832 46
320 47
516 27
1786 75
511 31
801 76
1889 45
2429 0
2106 55
2113 29
1128 26
2038 32
1688 73
1765 27
356 14
1083 5
51 54
2052 13
2426 12
63 13
1707 24
939 54
1916 77
2318 22
2901 14
2915 20
1585 13
616 5
2773 73
1156 56
413 41
1359 32
1938 13
962 24
2483 7
1845 63
591 6
2729 13
1660 32
84 36
742 13
1798 24
1407 72
1635 14
2150 12
1580 7
401 3
1205 40
2243 13
614 39
2246 36
1235 9
1166 78
1201 13
1949 9
246 20
223 39
612 13
2394 3
375 54
2010 42
1137 62
1260 79
1315 24
1546 19
1261 80
1405 42
1387 24
2206 38
2830 27
1433 11
2941 18
1028 24
1404 33
968 12
2946 8
1131 73
2365 18
782 35
823 75
606 13
491 31
290 14
465 48
1436 40
567 65
2598 4
694 68
1741 3
2837 47
2669 27
1329 5
2527 18
2963 25
1697 4
1670 56
2498 25
1676 9
2129 20
909 47
851 40
1946 8
1548 33
1027 77
1044 3
2165 43
2641 34
555 13
1924 0
638 20
1348 0
815 0
2422 9
1062 43
2035 13
2719 33
916 3
1121 73
1511 40
2440 67
2055 27
2076 0
2809 3
1853 33
82 9
2104 55
1644 13
650 56
1792 9
494 3
1543 64
1943 43
107 20
2835 48
2494 4
1456 42
2686 63
1560 1
1730 40
2517 64
2953 75
2122 62
1370 45
1015 36
2905 54
2216 19
169 13
1602 56
59 18
464 36
257 8
1687 14
342 52
1070 9
1045 36
1653 13
2461 12
291 69
1955 56
1098 56
1672 46
1010 34
992 76
1093 40
589 72
29 6
2909 13
2333 44
601 55
2074 72
1478 25
2095 3
1622 14
2501 29
582 72
394 3
710 31
1114 76
766 57
2582 40
632 43
2386 24
689 9
1001 40
2100 2
1100 17
379 5
2690 58
998 3
113 13
1236 9
1158 37
2425 8
2022 20
301 24
1504 27
2197 69
2181 35
1438 43
1749 27
2871 72
2763 72
868 3
1032 70
2145 32
1421 0
1611 46
2470 62
457 31
2124 24
1640 16
2814 21
2680 13
1029 31
574 8
877 24
672 19
216 63
129 46
1867 2
28 56
529 20
196 81
2668 41
793 72
981 49
2899 38
974 30
1711 35
1516 55
2316 31
569 65
1831 19
1505 31
1972 62
109 27
1182 46
738 8
2945 9
1183 82
2133 9
222 40
1312 43
1399 32
854 32
205 72
461 45
821 47
489 69
2469 31
180 55
1993 72
2968 61
2515 40
2742 49
483 83
902 26
2633 6
150 36
1178 43
1569 37
1501 6
487 69
641 27
299 24
751 24
1994 34
2202 27
374 30
2000 3
2005 3
1666 79
508 46
765 69
426 32
2694 13
2666 72
2570 46
1756 38
687 25
2536 3
2572 67
2778 20
886 72
32 2
1228 6
1349 12
1393 27
2950 42
2518 54
1301 33
265 13
240 19
1403 57
1175 8
185 10
1193 39
1744 54
2332 20
1544 13
2928 13
578 44
2192 18
425 4
846 36
2544 51
1047 36
288 3
1318 24
2312 17
199 24
1278 16
1084 24
2590 6
2952 49
1103 35
701 56
1684 6
534 11
479 43
2843 43
1202 83
941 63
1758 84
2879 43
1170 31
1827 62
1704 42
1636 22
917 27
2948 48
1605 33
1820 73
592 39
2716 3
98 2
358 43
1992 38
1124 45
2768 60
2807 18
1748 30
2130 25
62 19
2188 38
2136 12
1712 2
2325 68
1039 24
2377 85
2667 42
2594 14
1709 76
1757 44
1038 27
1490 76
2707 84
2419 72
2762 31
1338 20
2372 12
233 30
681 29
1213 13
2236 34
312 70
1655 7
2492 52
2881 79
2794 1
2589 4
512 3
2917 55
518 24
2723 59
647 84
380 13
690 31
198 24
1021 18
2810 12
2404 18
726 43
2545 3
264 12
1600 62
664 3
2861 67
2886 54
2368 72
2614 9
950 27
1344 44
1189 2
514 86
1500 24
1313 24
2577 16
17 69
2211 38
1624 59
1913 29
918 79
2845 36
1639 8
714 31
2019 5
1822 13
1675 72
1782 1
2876 13
1406 11
1678 70
2187 38
2427 44
908 43
929 20
1073 4
572 36
2002 2
407 3
171 27
2363 24
2537 69
2012 24
2639 11
2473 13
442 2
982 28
1599 43
1503 54
1781 48
2320 8
282 69
1656 14
101 60
2712 31
1973 43
2765 1
409 27
2153 67
403 31
994 27
1880 2
44 9
2954 66
140 42
1649 52
249 42
2604 0
2391 30
2371 40
2994 3
2240 24
1603 56
771 17
562 13
1410 24
1724 5
1876 87
519 24
12 38
2863 49
1058 36
1457 52
41 60
284 83
1188 35
709 44
1371 55
1118 55
760 46
1530 38
206 37
2230 3
2263 13
2688 36
27 5
1589 14
816 70
86 48
2463 11
1508 13
2299 79
1294 13
80 75
876 20
148 5
2259 88
1929 2
1477 13
528 43
2635 36
1458 7
1773 0
566 34
1214 40
1088 71
311 69
2227 72
382 55
2961 11
2875 12
2405 46
1302 65
597 16
1086 73
493 69
579 72
1162 13
1778 9
2495 64
2543 15
2183 50
2152 9
2558 75
2663 24
1607 16
2097 89
2471 24
2508 9
1425 61
1803 36
2191 74
1209 27
2848 19
2487 41
2186 19
921 18
1298 5
1968 37
1532 27
1694 24
1207 52
434 13
2446 29
2484 18
2291 17
1671 61
983 17
2576 12
1061 40
1729 40
1904 61
1225 72
2645 58
207 56
2262 83
1770 79
749 40
2091 1
949 33
928 71
1568 48
1594 40
2618 10
1800 3
21 63
869 41
2714 42
122 46
635 24
200 90
2643 78
704 76
1681 24
1673 65
745 43
1574 27
37 5
305 51
1050 42
522 59
19 3
665 27
1380 18
1590 27
1332 33
47 90
1164 23
1146 42
2013 42
2672 91
2642 3
486 46
2342 40
2315 45
2900 6
2436 13
523 45
2709 46
1095 44
2200 92
2923 75
2032 40
2897 24
1199 57
2132 52
2504 63
1198 24
1947 13
2782 33
2382 16
2784 24
1848 49
505 31
2030 33
2237 27
1224 10
2644 83
543 38
2732 37
2867 88
538 31
2086 79
2579 24
1556 31
753 67
244 44
2250 40
2540 67
2161 14
2120 93
1960 15
2884 27
1669 94
289 13
894 13
2916 58
2045 44
3 95
2083 14
568 3
1068 27
400 24
181 36
147 45
630 33
761 45
402 56
414 36
1105 3
860 35
607 3
173 20
668 21
2054 23
228 29
2119 13
476 37
1513 26
488 24
2028 15
643 44
576 61
2793 96
1970 20
2940 46
1005 94
204 27
412 13
259 13
2803 86
1626 35
792 72
531 5
2607 59
2514 72
2430 46
1801 68
2524 49
966 32
2340 27
834 93
2960 12
1586 68
551 42
2279 12
1578 24
1337 56
2693 72
2460 13
804 94
1727 43
1987 83
2115 62
388 71
1932 34
1396 36
1390 22
2696 54
2827 94
2384 12
2140 55
2433 68
2677 7
2285 33
2408 14
1352 4
1368 4
703 83
1297 2
780 45
676 3
422 31
2255 51
2467 33
2632 46
2014 40
611 63
38 96
475 2
2684 37
2151 20
1465 45
1921 24
1885 27
634 24
145 13
2718 36
2850 3
2401 60
1844 31
383 97
1074 15
2989 3
2992 87
1140 14
1809 98
2414 59
2592 40
1151 79
770 27
298 35
2588 13
1259 32
1442 93
1134 73
5 3
2972 45
1840 13
1180 94
1143 3
102 14
2047 40
1092 27
610 96
1461 85
1310 40
1155 25
732 5
1374 27
735 25
2011 13
468 24
1381 40
1016 43
1628 65
1080 59
1735 24
1111 48
2077 37
2199 24
2802 24
671 25
2511 78
1222 30
1606 19
1959 36
1780 0
757 47
702 97
285 31
116 58
2549 48
2796 32
2700 32
2380 40
1497 94
266 1
1910 74
194 27
2317 88
2442 27
783 27
1127 40
2300 86
734 29
2977 18
712 99
947 13
2044 46
812 93
628 12
2828 100
2379 0
123 60
2458 27
2252 40
2218 45
2628 61
1411 45
1645 7
1621 48
1957 7
106 60
182 38
2009 97
875 39
1256 38
2738 40
1283 69
1378 94
867 21
1549 17
2849 82
2336 31
907 44
1415 44
680 79
2491 78
1154 79
960 14
2710 82
2745 64
2609 16
2182 49
2852 18
964 16
2265 92
272 72
100 13
170 31
1692 13
2331 27
1054 47
1328 43
669 6
510 47
2349 25
248 72
746 45
700 72
428 77
1814 62
154 76
2114 75
2004 9
11 79
2991 72
826 13
1364 42
808 93
977 24
1775 2
341 65
2920 40
830 31
2142 17
2094 56
2411 16
963 19
1258 52
844 70
2424 14
421 13
499 18
417 81
621 48
2174 13
1808 24
361 72
1014 81
2008 24
1522 81
2410 12
2345 77
469 31
1539 40
138 40
2551 36
1466 15
2271 4
841 27
1699 101
1075 102
1541 24
692 33
2346 3
1291 67
1492 82
225 45
2659 36
2376 83
2975 59
1459 103
996 3
2759 11
1891 13
1658 46
2053 84
81 5
1176 62
34 29
1356 13
1064 20
1241 54
2264 27
1616 34
1000 45
1864 1
1971 104
805 16
135 83
325 48
2621 48
880 24
914 71
1113 16
2583 77
1408 105
2792 41
1453 40
2847 40
2190 43
1648 19
2416 24
1346 47
864 68
24 92
149 97
1646 5
1892 64
2969 9
1416 14
2170 5
931 77
2146 9
280 97
2833 3
77 27
1358 56
2646 74
2555 13
2640 24
2108 40
2103 97
1732 1
2321 6
547 52
2063 60
501 19
2587 71
2096 13
506 59
2750 21
2281 39
2270 84
2435 80
1737 31
958 52
2400 42
166 71
1450 67
202 54
1796 47
239 36
1051 36
986 4
553 24
2217 32
2454 94
2159 6
1979 48
990 65
2907 33
1196 37
1281 106
1400 6
624 24
49 88
1788 11
2464 9
2983 50
2829 51
2703 14
2573 9
115 48
1768 105
1379 56
791 40
2874 13
1935 58
897 48
1097 37
2328 48
1194 31
221 56
515 43
151 48
1432 33
716 24
1484 24
2815 70
1129 79
1967 62
1779 22
1096 69
954 71
863 32
1747 6
2860 78
2387 55
1898 43
189 13
1738 24
924 52
1776 5
2903 71
2213 38
2727 13
1055 13
2701 9
2831 88
1956 62
269 78
309 24
2164 3
1942 3
2751 5
1243 33
1925 29
2116 50
1091 42
822 17
2913 107
108 80
2350 24
2955 19
1414 72
1257 4
2292 28
1365 77
2761 7
458 12
1276 21
759 12
707 66
2743 14
1295 36
93 47
817 90
2872 13
856 74
870 61
1026 70
143 12
2066 45
1483 84
1474 40
163 53
2344 20
862 106
2407 42
617 55
1674 27
1428 82
2134 36
1451 82
1945 5
1810 13
571 49
711 12
2248 9
932 12
328 8
2926 12
580 26
1402 32
1579 61
858 52
1534 24
926 54
2728 81
1002 103
952 37
2554 61
245 3
322 63
788 96
855 40
1807 16
2824 19
1132 10
1452 3
2081 67
2415 40
2842 58
1125 23
882 79
2882 79
1212 58
1632 27
1817 48
1031 97
2472 97
885 3
1319 12
2873 106
520 43
57 13
1152 44
845 76
2505 31
1914 13
772 97
256 48
1354 97
236 42
2571 100
1841 16
2665 40
344 15
339 35
697 5
991 11
1429 71
2329 81
2148 3
316 87
1976 15
1145 60
1326 36
208 14
1443 43
2902 33
1067 35
594 108
1652 72
657 21
1382 70
1035 32
1554 109
2973 56
2373 34
2001 97
2118 19
906 23
797 50
1944 43
179 66
1007 57
536 48
1444 24
609 27
1791 110
2 44
336 55
2352 32
2046 6
1641 0
1772 24
1423 24
1197 14
649 99
560 14
2497 24
1003 31
1920 18
188 52
2836 72
232 45
1311 16
2438 24
1613 13
775 74
1273 62
800 105
2215 13
2337 31
1625 37
756 37
1717 37
2176 13
1250 26
615 110
2189 100
2671 11
2251 7
1902 111
387 13
187 30
1834 59
2854 43
1339 40
1514 8
2877 48
262 74
1680 23
905 61
2254 13
253 24
2253 24
1659 112
679 107
75 48
599 66
1726 3
317 27
938 91
1469 3
1455 31
1148 14
1980 93
1307 113
2048 29
2080 19
2037 67
2978 36
2173 56
636 24
1117 44
1268 114
1286 43
1473 79
2658 77
2034 72
1210 4
2528 92
744 16
2623 72
287 35
956 24
153 14
2995 40
2168 28
762 40
478 89
985 9
2056 40
1812 55
263 13
1082 40
430 52
250 27
2958 97
2801 27
20 98
2510 110
2786 13
659 42
2965 33
2040 71
807 81
1510 36
2301 43
922 37
819 42
2652 52
343 3
354 66
521 37
2866 20
16 33
3000 2
843 9
565 67
2175 36
2982 115
52 3
2381 21
2068 13
2819 17
2697 43
1595 24
1906 9
395 2
2087 12
832 0
448 70
1324 70
972 64
2201 3
2521 3
1856 7
43 61
2777 45
1388 48
2736 106
1384 75
1377 115
2520 68
431 47
76 56
1252 116
639 97
2420 34
1922 77
156 83
1873 3
1177 48
353 44
2581 117
2698 80
1372 27
1868 53
2542 94
695 27
2981 35
814 1
1498 30
2277 49
1794 29
120 52
2650 37
1939 46
159 53
747 71
190 33
2339 47
2298 13
957 27
852 55
2338 37
2734 27
2565 27
2121 118
1226 24
2314 15
2566 14
1843 101
2158 71
1915 14
65 92
850 12
2180 119
2893 95
1802 120
2207 20
741 12
2753 92
524 13
955 29
2675 40
2224 55
1617 93
1215 64
2450 40
2139 24
1419 21
1385 79
2242 18
887 46
1331 105
840 67
1239 0
1821 3
2885 37
588 52
64 30
297 121
2235 80
2939 122
1099 25
2721 70
1122 71
1308 5
678 54
1022 40
1321 73
2798 36
2691 123
451 39
811 31
2268 18
2156 24
443 46
1555 48
164 14
1563 20
2308 27
1771 85
2591 110
1422 26
2208 19
1761 69
2412 80
1220 34
2409 76
1072 4
2445 4
133 36
1572 13
2799 9
1609 106
1355 45
144 50
1163 50
2223 72
2840 18
303 26
2601 27
2812 9
381 51
2481 27
802 105
315 3
2811 38
360 6
1537 4
255 22
2079 52
847 43
721 100
1279 1
920 115
2564 18
613 98
1018 84
2209 109
1638 24
1691 37
1754 24
688 40
8 56
584 0
1878 30
117 27
2304 21
1334 14
2795 46
979 44
1571 64
961 81
1263 10
872 85
79 38
1764 31
2575 15
1389 3
1141 57
324 48
1683 35
1464 28
549 49
925 2
174 62
548 37
736 14
1583 50
2951 24
437 0
2767 13
2541 45
1690 88
2138 0
2889 20
1248 4
238 81
2756 42
748 119
96 11
2522 37
46 13
728 24
2725 72
2007 106
2919 40
898 56
953 24
818 13
191 35
1752 40
1019 27
1705 20
1940 3
2273 12
1437 3
763 71
503 77
2455 42
586 37
2757 50
2682 27
424 11
2058 35
2934 49
2171 9
2649 48
2353 13
1267 24
2908 77
2006 31
2769 48
1475 13
1871 22
540 15
1285 50
946 26
575 5
119 36
787 36
1227 119
2789 71
110 37
2477 18
784 51
1952 47
2578 89
2717 62
1119 0
2258 54
215 55
779 42
1551 35
310 3
1161 2
2533 19
219 44
429 80
2622 46
713 2
2141 52
2284 48
9 68
2906 3
1662 61
1221 75
2179 110
596 11
2857 35
1472 10
2296 45
2226 36
517 42
1588 9
2016 24
2449 84
1663 50
1874 42
1217 47
1806 42
1333 50
675 110
820 47
432 7
2746 23
1069 29
1774 9
314 8
2303 89
2737 63
61 48
1963 72
683 6
1908 119
2766 24
1153 38
890 3
945 27
2057 124
1336 94
1862 19
645 13
1887 3
527 55
507 3
1231 37
2927 57
717 79
2024 55
1842 106
1017 27
1969 27
55 73
50 45
767 40
2475 70
2157 6
810 13
2071 112
377 117
737 24
2580 79
595 124
349 53
94 44
1249 45
2788 116
2883 124
2567 13
2375 98
2509 40
1682 13
2962 95
136 50
2465 84
936 3
1715 3
2988 62
778 82
1135 72
1679 48
1665 13
708 56
561 97
654 24
1271 12
2808 27
418 97
1879 36
987 30
2538 71
131 78
848 44
1150 64
25 110
1805 65
1890 52
1528 13
2204 104
2276 125
1023 27
873 36
1567 126
226 14
2023 20
1470 14
1462 8
1057 41
2432 84
2670 43
2228 24
948 9
1909 95
2059 78
355 36
68 11
1698 35
722 5
146 10
416 12
1531 3
2949 12
172 45
727 43
1896 65
56 58
139 6
2244 13
450 24
1998 29
989 98
970 3
137 41
1897 37
175 52
1966 116
386 14
1725 25
2741 114
445 49
1102 27
2781 5
1828 92
2922 63
1884 13
1290 55
1582 127
90 3
2451 2
1306 40
2101 56
2049 53
2178 128
1030 72
1330 32
40 84
1013 37
944 40
666 4
2327 104
453 129
781 114
2987 89
1149 47
178 83
2185 56
337 33
1919 49
2167 36
2979 40
1557 24
2890 70
1601 56
1642 26
352 24
625 48
2241 99
2519 49
2478 12
1552 64
2184 16
2561 120
2090 106
724 2
699 33
359 130
2868 61
1322 51
1614 44
2980 117
2563 16
1526 131
619 52
466 82
1435 71
2733 21
1420 9
2496 109
1703 80
2128 0
1988 52
492 5
2869 45
1766 106
2474 12
2459 32
1789 19
2938 47
1482 25
2657 19
1136 48
1936 27
2378 15
1581 13
480 3
2266 3
103 83
1479 108
743 84
2775 70
54 69
988 50
2619 18
69 94
718 66
1101 18
334 37
2417 48
1392 27
1240 24
785 13
1174 43
1159 70
1316 27
1138 83
128 13
1584 13
1975 69
1262 36
2695 14
1107 48
951 24
2123 75
1130 24
2898 15
1559 70
462 27
640 30
758 32
2637 9
930 77
231 24
1320 110
556 52
544 24
2547 108
2488 40
2399 42
2486 54
99 98
1431 9
1251 24
1888 40
1900 31
1006 68
1471 42
2061 27
2310 106
295 16
2402 56
2674 86
2790 34
2354 52
160 86
1237 83
651 27
910 13
2816 49
2620 24
1558 31
321 31
15 72
976 96
2456 83
1447 106
463 18
2944 18
1693 59
1720 115
644 3
620 17
652 27
254 3
1882 47
874 88
467 3
754 85
2611 3
942 24
883 55
292 56
234 45
2943 59
1305 35
1767 4
1519 8
2272 66
2841 5
2098 71
2418 40
2026 132
1486 22
1242 5
535 133
526 13
1426 12
1081 24
2685 12
590 40
674 67
2678 13
2155 125
1347 24
1376 24
836 13
252 96
667 16
2210 134
1872 31
391 47
1468 56
2548 13
1363 12
795 5
1985 79
1934 3
2105 52
682 55
1206 54
1078 50
2895 15
2395 135
152 52
1525 36
2771 43
828 1
1255 27
525 24
1266 7
2070 40
406 24
258 35
2838 3
2437 40
186 71
2092 22
474 52
813 97
2389 51
1167 12
365 49
2936 48
1859 74
1351 32
2364 24
330 19
513 35
663 40
346 48
1604 136
833 132
684 96
2629 27
1677 18
2947 111
773 50
67 137
1951 62
2706 3
1716 3
2421 21
235 6
646 37
2466 21
2348 53
1667 36
1823 21
2078 115
1139 13
542 56
1314 24
2896 137
201 138
1964 47
1296 113
2362 41
307 27
1309 3
130 47
396 126
2864 45
1930 42
327 16
192 5
723 13
1855 24
308 52
1065 25
1398 130
496 27
385 129
583 56
398 88
2933 58
1630 13
162 111
1335 129
2724 6
1104 42
937 117
1040 40
1367 31
1275 115
2749 46
1927 86
1950 31
2069 27
570 22
1160 3
1561 3
1592 9
1881 20
2530 102
2082 2
48 71
30 3
1596 83
1926 3
502 20
1847 27
2502 71
2755 6
1186 15
1269 18
2559 35
1857 58
1863 37
1795 71
2648 79
2550 72
433 13
2302 124
997 2
2855 24
2791 72
367 28
1077 13
1079 4
261 53
2347 132
557 13
2067 137
573 47
2912 37
2274 13
600 32
2661 130
2042 46
420 27
2137 27
1303 52
1247 13
1233 112
1449 13
2267 12
2356 139
2205 108
1813 106
2220 3
1467 31
276 2
706 15
2335 19
454 53
114 107
72 38
2029 47
2131 103
2935 43
2064 23
1826 3
2584 46
2290 88
919 42
452 27
2624 120
2453 72
1515 130
2393 43
1566 132
740 36
2413 83
1654 108
105 24
1858 74
2821 34
2887 12
2722 43
242 3
2479 69
1989 27
1570 40
1620 48
97 31
2516 103
1191 49
85 31
1719 27
10 13
879 108
1340 26
774 110
1386 7
277 58
1409 14
1593 24
1373 19
89 96
91 83
281 10
1907 80
1485 71
1824 10
1325 110
1427 52
993 124
366 27
2072 24
677 121
2027 25
999 70
1190 3
2359 110
1760 68
2289 71
1343 46
95 68
1287 11
2147 90
168 13
497 131
1750 30
2324 14
715 55
1540 93
332 83
220 2
2482 129
2937 105
2772 140
2535 112
1538 9
532 9
1865 97
2797 45
2309 83
1981 39
306 14
1650 83
197 52
1165 79
1619 64
1147 81
495 124
111 37
1109 0
1270 71
2562 15
370 106
794 92
927 24
2322 104
1816 141
397 26
1179 106
1216 21
798 72
1299 0
1063 33
419 142
376 50
2512 22
471 97
1542 30
2608 2
2351 31
2631 133
2990 92
1762 31
799 46
2060 64
1487 20
539 16
2676 19
2330 3
984 27
481 7
1480 24
224 42
673 48
1394 84
2985 65
995 112
581 40
1046 65
78 4
2596 23
2996 28
1759 71
827 88
126 129
1253 45
1961 70
2770 32
1597 3
577 108
1576 13
622 105
768 71
1230 143
1341 32
660 24
2853 144
2888 69
1518 1
2758 115
2974 24
2785 71
260 117
283 111
2683 32
1615 1
1185 52
1974 106
2523 74
456 28
2369 81
435 9
300 140
1763 13
2485 56
2865 13
1933 76
439 55
2374 13
2025 42
2452 24
2613 27
1627 27
293 92
1838 50
279 24
656 38
1059 145
733 110
554 46
2143 24
2914 13
1901 6
2294 46
1192 43
1527 26
1996 2
1357 15
1695 13
776 44
427 27
1787 27
1187 52
2198 58
2275 49
866 63
1710 140
1793 78
1246 19
901 42
2748 19
1529 110
602 26
1292 24
218 27
2269 60
214 27
36 67
2443 3
368 70
13 23
477 3
1721 17
2283 72
2744 48
1085 38
2904 27
1633 5
14 19
2112 91
2783 115
1024 1
965 21
608 24
2062 13
436 83
18 133
2813 27
1783 78
1804 38
2397 38
2256 7
1115 5
2390 86
1954 29
345 83
2844 24
2600 52
2647 103
1718 139
33 12
373 130
658 42
2221 61
1087 40
2457 79
2929 34
2249 45
1317 54
861 27
1608 1
45 24
1535 13
2878 100
2971 27
490 13
504 103
2261 24
134 13
2109 141
691 16
2075 40
2149 18
975 27
2999 11
777 92
789 105
2569 133
364 15
2358 146
796 24
1937 4
1629 27
1277 24
2593 13
940 66
1506 78
2490 56
648 61
1004 40
2525 50
2111 49
1173 25
484 24
1811 78
53 52
243 52
2084 3
1986 147
1203 88
739 77
2169 24
1300 73
1020 139
2093 130
837 131
2125 84
1745 148
369 43
268 52
729 132
2493 18
2552 40
1520 67
1034 82
1713 130
2334 43
296 30
1849 148
626 52
278 45
498 3
485 31
1521 81
183 149
971 52
1852 88
2225 72
685 20
1769 96
2976 81
2085 13
1181 89
2051 7
755 13
509 60
2546 52
2357 42
1982 52
1439 24
1446 13
142 40
865 119
2232 44
2323 111
1011 109
849 0
2560 30
2780 91
1995 36
888 111
118 150
2162 91
546 111
1790 93
2214 120
1977 66
2233 107
1984 21
1397 151
275 48
705 13
1025 94
1591 8
1565 140
1743 47
384 130
1430 3
2610 16
2911 24
1830 107
177 24
1360 21
2428 92
2568 4
831 52
2556 42
1643 12
2462 13
1634 68
623 72
2921 1
859 24
642 110
2307 77
835 44
2711 107
1499 40
338 71
2447 40
1448 45
2654 45
1965 14
1685 24
2529 152
1144 9
2966 153
1706 13
2924 89
1739 38
2708 73
790 72
2305 45
969 31
1668 70
1689 116
1899 42
