0 2.6744813919067383
1292 0
596 1
237 2
2825 3
1291 4
1400 5
2517 6
672 1
333 7
2888 8
1436 0
2500 9
1396 10
1029 11
2146 12
231 13
1802 14
2711 15
143 13
2040 16
2945 17
2403 18
2492 0
1764 19
982 20
1012 21
2698 22
1081 23
172 24
558 8
1227 25
2592 11
339 26
2855 27
2320 28
1158 29
650 30
314 31
2732 32
2383 33
550 34
1191 35
632 36
153 27
2129 23
111 8
2938 22
2894 1
730 37
1597 28
1872 19
2399 38
1103 8
1468 25
1410 11
2460 39
108 38
481 40
2902 32
1078 26
1564 41
1480 42
2019 43
2043 20
2672 20
1216 20
1369 44
1406 45
2617 46
1140 47
528 33
2033 48
266 49
2131 19
2300 40
2431 41
2695 22
2992 50
1853 40
348 9
1487 11
832 51
241 44
2692 11
356 26
905 52
521 34
1137 53
1734 42
1573 29
2110 3
2235 54
1738 46
1620 34
2703 44
2706 55
1051 9
64 56
2954 17
737 15
867 1
2633 44
577 36
2665 36
1849 57
1177 35
1314 11
994 12
2137 17
271 41
369 27
99 58
597 1
2537 6
16 44
1115 46
1882 14
2122 49
1333 0
291 59
789 20
2873 38
1888 36
1212 53
2002 58
1569 26
2115 43
957 29
1108 9
557 56
1753 60
2511 9
2494 33
489 18
1326 53
1615 61
1428 52
1448 4
2531 46
144 38
524 27
1026 40
530 44
1112 21
2737 42
219 19
612 1
2823 62
740 22
858 54
2374 33
1129 11
123 7
1807 36
2375 7
1515 36
1203 41
2417 63
281 40
1294 7
2748 8
2754 6
1873 36
2483 49
600 1
817 58
1557 64
2310 58
782 1
2813 32
717 65
1798 20
2578 34
1679 16
2486 8
2485 66
113 11
158 37
495 59
2865 32
682 1
260 30
1249 25
2871 0
1805 13
1720 42
1988 13
2117 42
2401 41
2866 32
1090 8
2675 67
1355 52
929 11
1195 46
2387 10
28 22
2629 68
2721 16
1463 14
2133 69
825 15
1276 25
628 55
69 52
1993 10
1013 52
2606 11
516 70
1981 13
2204 52
1486 24
102 8
1390 71
1495 23
2183 14
2101 40
1306 3
500 68
80 18
1736 72
766 11
1654 25
2526 15
2333 33
2324 73
2767 58
2513 56
1509 25
2539 52
342 18
1443 36
1577 41
2747 18
2845 74
1073 46
1688 14
2830 74
1847 47
159 33
55 26
2831 74
63 21
313 4
959 8
205 30
132 75
2536 71
1984 0
2326 33
337 10
85 33
2465 55
242 76
791 1
1394 35
2026 77
1425 20
1467 78
1497 49
77 38
2851 17
94 79
1709 46
2708 27
138 52
843 11
2872 80
2412 50
2789 39
1821 50
1490 81
1345 25
2739 49
1062 43
1488 53
1860 60
1891 14
2013 44
759 1
1149 0
1578 49
2712 66
73 40
228 51
2440 78
1493 3
2488 20
1007 58
809 76
2506 78
1940 20
130 27
983 33
1102 41
664 1
2505 64
1057 0
2305 40
1354 3
222 21
2149 19
693 23
2162 19
1461 82
586 1
2937 83
956 22
2838 74
745 15
733 1
476 4
2870 11
735 46
5 22
962 84
660 36
2138 80
70 8
1836 11
921 13
2145 43
2859 60
1933 42
2094 85
2005 6
2263 74
49 38
254 86
503 29
2849 40
83 20
734 1
2595 77
61 8
24 87
1634 60
506 29
522 70
827 38
970 52
2329 72
924 0
1269 34
2781 2
2875 64
1600 86
1464 55
2551 32
2192 74
2489 32
1731 58
585 1
1248 23
2166 17
2372 0
477 69
2274 55
799 85
318 71
469 50
402 85
2946 40
1175 25
104 57
512 30
2575 36
1687 14
997 49
1774 54
1482 9
1347 57
1592 25
1689 35
620 1
2393 47
185 52
457 27
1831 60
2613 32
2582 32
1160 0
2051 16
945 67
2939 88
1266 11
103 40
468 76
2278 52
1607 57
1322 0
1781 76
131 12
2063 43
828 1
1496 44
587 1
1806 13
1627 20
2784 39
1692 79
531 20
264 46
2456 41
777 49
1867 14
141 4
552 56
1730 14
1717 60
2191 8
1746 89
787 11
2993 67
763 1
473 39
1920 43
1284 25
2410 33
1662 14
1004 90
2262 17
1209 25
653 16
1614 14
1710 50
785 9
2929 39
2815 74
995 49
2025 27
898 84
1647 14
581 1
1551 91
2281 62
1819 92
2344 71
2953 27
1349 49
1776 14
2630 21
1941 56
538 40
2436 92
96 30
2959 83
464 93
2014 38
1382 0
1156 40
220 9
1747 60
2585 50
2546 51
770 11
2907 8
1828 70
1727 86
2168 46
329 53
2366 21
2037 19
112 52
2529 69
967 94
432 59
2288 33
149 78
908 95
261 59
376 77
2520 12
19 44
2969 62
2988 22
2663 15
1998 59
274 9
2626 50
1128 36
1642 14
2139 69
1432 44
1237 79
2066 72
2125 40
1883 8
269 30
1939 43
1650 6
1611 36
2962 6
1117 96
2000 43
1079 18
364 95
2064 63
1711 36
34 4
1726 97
2173 36
1537 91
1659 13
1305 11
1698 14
1735 17
1417 66
279 13
1795 91
935 11
1572 25
363 13
1961 36
2568 86
1440 37
1424 69
2847 18
2395 66
2099 23
1565 98
708 18
386 7
2229 13
2024 36
2175 99
2400 75
2328 66
2075 81
987 51
1678 14
659 100
1568 52
856 1
2118 40
1991 49
2213 17
2893 74
527 44
1956 12
2077 23
1750 8
1596 8
2837 86
1904 52
287 53
1835 101
268 66
1874 12
2793 49
2425 41
1506 11
1788 17
644 29
647 36
2319 33
2342 33
2577 50
2165 38
2614 11
2768 80
1996 18
1919 27
210 45
1264 11
2930 102
1331 40
622 1
1265 9
2086 42
2116 87
564 69
1966 96
200 103
1437 2
15 30
209 103
2726 40
834 71
1098 41
2337 104
692 1
684 1
2477 97
1119 44
582 1
1721 86
2525 69
120 36
2176 93
2227 20
1606 100
295 102
2258 74
2985 83
2237 99
1449 3
1190 53
9 12
311 105
2370 16
1165 25
478 39
1729 60
1066 26
2382 61
505 30
2141 50
355 105
1256 28
38 39
1704 50
2790 2
2593 41
1748 22
1749 8
1258 55
2574 40
1146 69
2819 74
941 42
2915 88
640 1
1093 57
1070 53
1126 0
656 45
2690 46
2354 106
419 19
1231 25
1143 25
1172 25
2474 107
2224 74
2664 62
2089 57
2228 63
2661 55
2481 36
1719 41
203 8
2679 32
811 33
2981 32
2480 19
2631 45
370 108
195 53
2610 11
502 58
1584 56
2484 43
887 18
1768 13
2688 33
2702 20
298 9
2058 9
2246 8
1107 88
2919 32
2041 109
2874 12
2475 39
233 2
930 8
2918 88
1147 53
2275 74
2567 15
2913 88
2579 55
1167 99
1978 76
2047 31
643 1
2038 45
2911 7
2885 32
736 21
685 110
1591 90
1295 76
1715 78
1670 60
2004 43
2955 12
808 11
1626 13
991 0
985 11
2668 37
361 111
330 24
1778 0
1476 64
598 75
1700 60
2608 27
2496 37
1635 13
2549 17
2603 80
1042 9
2968 81
109 99
2010 35
1544 25
1416 59
1232 0
128 38
2434 50
2186 62
1552 50
1395 10
616 50
2418 0
661 36
365 26
965 53
701 79
2416 41
2509 81
1368 0
591 34
504 52
623 36
1325 18
2844 55
157 107
2773 46
2749 91
2979 0
1005 21
840 15
1399 69
1527 36
1420 0
2612 76
2912 88
7 112
869 1
2119 8
2109 26
602 1
1289 0
2042 80
595 1
1323 113
2571 32
2398 47
892 17
835 33
2364 43
837 97
739 84
1562 11
2462 41
2082 23
2081 18
1862 20
774 11
2744 74
1096 41
630 1
1559 0
1315 11
216 71
1856 71
1556 106
2053 23
292 114
2001 71
1530 71
2681 33
1902 46
227 115
542 52
857 11
2090 26
1633 4
2522 15
217 71
720 1
830 9
1977 109
1638 14
2242 74
174 59
2927 0
1257 35
2135 19
2507 116
1293 0
2933 77
322 4
324 89
270 4
1206 25
2285 62
754 23
1159 3
427 61
4 69
2642 107
2006 8
2501 68
1471 53
565 77
1517 91
357 7
1999 36
955 69
2381 43
1316 57
2421 38
2563 11
1925 12
2350 40
1197 76
474 8
247 85
201 78
2883 2
2752 117
2203 26
181 23
1668 68
350 117
875 24
1273 103
1618 90
847 15
2007 39
1864 74
2479 44
1742 0
1358 57
2069 106
1757 60
345 55
1383 60
1740 54
731 70
2924 83
1763 43
588 24
1380 11
862 69
177 44
455 55
373 42
2564 11
1105 20
2598 10
2148 71
2541 23
961 99
1811 37
2775 17
601 1
317 118
2699 50
783 84
1869 34
1843 67
1268 0
1348 11
593 37
1262 117
2349 43
1344 5
2956 17
2922 79
2039 96
2743 78
915 81
283 108
186 37
453 13
1037 57
2622 46
1501 11
2307 40
1745 55
1477 26
2359 74
2504 33
696 1
1168 97
2766 116
2365 74
849 8
2323 26
1765 76
1936 60
1771 3
548 90
1188 11
2114 96
1817 57
607 52
973 40
2674 37
1820 64
814 51
1733 93
1303 9
796 15
2487 89
1088 0
2247 50
2778 37
511 71
2367 49
2982 83
1640 41
288 2
76 38
1023 2
1661 13
100 37
750 85
2396 74
1353 60
306 12
316 76
1793 92
72 106
309 100
2926 17
2560 32
1032 58
2296 40
1401 0
1313 0
1405 100
2899 10
678 1
826 60
666 60
335 17
124 64
2449 41
1240 0
1267 20
1985 59
366 118
285 36
1381 11
488 38
2787 20
1582 20
1871 60
134 33
2756 63
1460 55
958 79
2197 14
2841 36
2596 32
1967 47
1684 41
1895 103
2742 69
2550 32
2852 0
37 119
954 24
118 85
2452 75
392 52
1301 46
1135 64
2277 62
1124 120
599 115
492 75
615 1
2801 83
918 1
1478 40
788 37
1716 103
1896 103
2439 69
1545 50
1224 110
1913 20
1854 71
756 1
841 1
273 69
572 84
2682 41
1230 3
1357 9
2251 20
167 26
1909 20
1278 8
2691 41
1491 7
2272 26
2111 121
540 47
1824 10
1162 81
1438 40
2084 85
1816 13
1064 122
1550 11
1690 49
1865 14
910 76
1714 14
62 13
800 1
780 22
1414 11
689 92
2314 50
2463 83
2895 108
2521 114
1236 48
2380 20
2905 32
1707 60
1812 0
579 66
778 1
293 8
460 100
35 13
2573 11
543 77
1901 41
998 106
257 8
371 50
81 123
2420 41
497 56
729 1
1022 10
1641 60
446 90
1696 30
2723 40
2659 106
1777 69
517 121
1520 106
2994 21
1009 114
2177 41
433 101
276 36
1047 30
1724 14
282 52
1885 12
1541 19
646 49
1893 93
2161 40
2591 98
2220 100
1178 25
39 102
336 84
1125 7
541 124
943 125
383 49
2384 126
885 19
240 55
2448 22
1675 14
1489 52
1388 76
1929 52
2725 19
2209 42
1163 35
2896 62
1288 69
1377 127
243 84
2361 11
569 84
2190 94
218 59
649 57
1937 0
2222 116
1299 53
2806 8
757 43
146 56
289 111
2760 75
560 8
59 38
1625 60
1930 14
221 64
232 8
926 56
3000 83
147 116
1131 0
2357 74
84 13
2185 49
1671 17
244 114
771 123
1077 34
1255 11
2476 32
1238 0
182 71
795 16
1182 112
1752 0
576 1
1456 40
1458 95
1132 111
1946 49
2635 13
2394 51
2558 11
304 8
1797 20
1261 0
1161 53
2556 32
786 16
1818 3
212 33
1282 112
1973 17
1952 20
2335 109
2502 8
1318 0
1455 92
571 49
465 56
1758 86
2810 125
2616 81
1421 52
2524 105
117 86
461 108
2451 41
621 26
1528 46
2020 26
1270 35
978 11
2221 74
1694 96
712 1
405 37
430 71
1631 8
2694 32
518 13
769 101
2730 33
46 128
1792 100
467 129
1796 14
2347 52
2210 52
1655 14
810 109
690 115
1637 76
758 1
1982 0
1446 41
753 110
2261 109
307 42
482 49
162 53
1254 3
923 1
2917 47
852 81
449 33
2826 74
652 1
1186 53
2248 13
2317 98
1989 30
1075 122
2995 20
1201 25
609 34
2594 36
1309 56
912 42
1581 55
1243 110
1055 58
2975 83
40 99
31 9
2590 11
2297 99
732 69
2052 13
1931 43
2298 17
2250 18
2153 81
388 13
2200 36
1067 114
2532 71
377 8
1673 109
249 48
2325 33
2833 74
2031 95
44 99
1702 41
456 9
2132 130
2719 46
1813 13
2055 52
415 78
2073 95
1979 52
2223 14
115 78
1080 89
1801 0
2255 78
2065 6
1848 8
2343 97
2700 52
2134 0
2750 7
170 54
749 1
2796 85
1441 0
523 52
2605 11
1657 14
713 1
1221 34
917 97
804 123
2011 17
525 78
1965 71
722 1
1866 60
977 0
746 16
1987 13
471 26
338 38
567 81
1855 35
2619 15
1878 14
2280 54
2299 36
1024 52
2127 14
2792 105
626 36
1605 116
53 131
2740 32
2353 73
196 21
645 1
66 132
1810 77
2910 0
424 108
399 114
784 11
1887 36
284 133
2714 92
1360 11
1253 25
2552 26
2618 130
1063 101
1686 41
1769 14
2253 49
2059 13
904 11
2970 7
1142 53
2218 33
2812 74
1452 58
1772 56
1251 37
2680 66
553 78
829 11
198 130
2023 96
2469 32
2036 132
1144 53
2686 11
2478 78
1166 25
1027 38
2249 74
2644 15
603 20
387 77
2799 17
2861 0
1336 11
2653 115
805 76
953 11
493 44
697 21
2032 26
2771 39
2832 41
166 84
2646 92
1370 60
1576 5
485 9
1744 26
2584 11
1423 6
155 52
2358 99
592 36
2142 101
1756 13
379 19
1028 52
2828 74
2339 33
2689 41
67 58
119 27
3 27
1518 49
2239 40
2113 52
2814 74
412 35
2974 0
2252 74
838 15
250 84
2271 40
1505 7
533 70
1976 41
272 4
344 118
278 91
466 82
1330 25
574 33
280 41
368 107
23 82
760 1
2976 76
836 133
86 84
845 1
1903 14
1975 116
2652 125
1538 97
1016 20
2856 0
1141 35
2231 74
1951 43
353 101
2405 41
2923 32
8 44
1522 46
2829 131
1560 126
2120 60
2234 50
2627 55
2717 50
236 53
1651 4
1145 14
2611 101
950 58
2304 40
2056 13
539 49
1069 11
2701 66
2557 42
2497 122
1339 60
1639 14
2906 116
2705 133
2535 134
764 11
1109 41
1247 23
1723 108
202 91
872 124
2404 34
2107 53
1554 125
1222 53
976 37
889 103
952 24
2545 11
1153 53
2898 32
1949 128
633 1
2645 64
2736 39
2746 39
886 30
1099 41
2049 11
142 52
1799 20
816 11
1091 46
82 40
156 9
1041 135
2243 74
2003 58
2450 37
2150 71
2798 136
184 78
611 1
618 1
881 77
2219 50
1229 88
1986 8
319 53
2169 36
161 8
1636 60
362 52
1076 12
1889 16
95 53
2776 32
2921 17
1280 102
334 108
2581 50
459 44
2163 69
2709 41
2095 52
1321 137
509 30
2181 60
448 74
447 52
975 8
779 11
1045 118
2544 11
2931 83
347 111
127 8
2091 43
340 108
2021 29
1089 63
1465 33
1019 4
1470 18
974 116
1039 52
2230 50
2466 36
551 44
1052 9
375 30
1851 23
484 70
888 19
401 65
263 33
2602 0
1783 8
992 78
1773 60
821 1
472 59
2385 65
944 11
451 8
1643 14
2445 20
2632 27
1877 30
2044 47
1312 4
1531 71
1439 55
394 120
2862 0
2881 62
1767 78
676 85
824 1
2977 26
1513 49
2027 75
1508 117
1703 58
302 26
1151 53
2467 101
1630 8
2950 83
480 99
1610 13
561 135
2245 121
1761 85
2848 15
773 11
2363 103
2157 19
1343 11
2621 100
2289 13
842 12
1785 0
2685 108
1297 0
1210 53
2016 138
2731 139
2493 122
2415 41
718 140
41 123
2877 88
2160 19
12 38
663 1
2990 52
1015 141
1959 55
584 113
2454 102
1960 0
2241 50
2199 10
2427 74
359 46
2660 59
1870 132
853 26
105 142
235 89
695 30
194 71
1561 46
617 1
1879 92
1049 9
1056 0
1916 36
1157 5
514 19
1595 0
634 1
385 114
1543 55
2604 106
850 11
2295 98
714 30
1542 110
2718 11
2311 97
1583 46
90 86
2035 52
1837 40
308 44
1311 30
2009 60
1935 143
1171 25
1363 0
743 1
1590 38
922 11
211 100
2916 88
384 144
691 1
709 9
403 69
702 49
2377 63
999 25
2085 80
544 90
1208 0
404 96
2667 15
1083 20
2225 74
1945 22
442 59
1524 0
2991 62
2196 138
2308 12
1934 71
1533 22
559 106
861 11
1134 92
1502 40
2824 32
1947 6
87 19
546 52
2785 83
463 145
2512 146
815 12
854 1
2050 135
2158 71
1665 55
1006 147
234 146
395 87
1603 60
189 52
2070 12
614 1
437 46
164 56
1844 37
1219 53
1200 87
820 11
1547 19
515 121
776 11
1469 116
2045 26
1963 25
487 86
2625 62
793 11
2508 46
583 1
578 15
1412 101
748 7
1850 71
2206 17
1787 148
566 60
2301 24
1838 88
2763 39
580 16
2903 39
1290 40
1593 0
803 11
259 48
458 19
725 10
116 18
2151 71
1104 48
2772 19
1842 27
1298 0
2345 0
547 26
1755 92
2226 74
418 29
47 85
310 13
878 1
721 12
2332 60
1525 19
2447 27
1728 60
947 55
1808 119
2908 0
2901 83
150 52
1213 98
408 33
1340 0
2423 41
2607 106
806 147
1454 0
846 60
625 1
2868 17
1880 0
2600 3
193 71
331 53
122 52
2864 117
1384 103
312 17
1082 118
2184 99
1043 76
741 1
883 11
2390 33
2647 98
1404 57
1858 139
1942 20
2498 132
18 44
354 90
258 52
1263 25
863 1
2468 74
2734 7
1529 91
60 130
1612 118
1994 35
2623 11
1095 51
519 58
422 101
1570 25
860 15
13 55
1829 83
372 89
389 99
2470 97
420 19
1494 40
1712 60
1800 17
2965 62
1567 19
2123 12
2046 67
938 8
494 52
2762 27
2839 15
638 71
428 9
2290 89
1308 11
2820 40
305 71
2428 44
909 22
409 108
716 9
981 49
1442 56
920 1
1307 11
88 99
2533 15
1649 14
513 44
110 53
680 1
2017 43
1725 11
2379 71
1894 125
1827 36
398 56
1274 36
2967 17
2753 52
2172 17
662 52
1185 25
2194 149
797 11
2140 78
2878 62
1695 14
738 1
2729 59
2836 74
1782 49
1462 94
2963 83
1453 110
2461 22
1926 11
679 7
2949 83
1558 129
822 11
1857 37
42 7
2650 109
213 53
772 11
323 42
2336 95
2376 36
931 42
979 11
303 8
1992 3
1260 53
92 4
1044 146
1365 0
1207 65
1622 14
22 49
2889 33
949 144
1106 11
2205 64
2426 41
423 59
2126 40
175 13
1287 141
208 46
499 12
2188 8
71 116
2850 135
635 73
2561 32
2887 19
2782 23
21 13
1685 13
925 1
1038 50
613 60
1310 11
1356 63
45 42
2759 32
2897 83
2707 148
2106 38
1971 47
129 13
2530 55
1427 53
1621 44
239 52
2327 33
2609 40
1604 14
1917 70
1743 55
1097 41
665 78
454 19
2777 11
2330 76
687 1
1020 52
1003 34
1846 14
1516 46
520 23
2392 74
178 54
1918 12
1250 41
204 142
2900 83
1337 148
1366 102
2980 52
1130 20
1713 14
290 52
48 150
160 114
1521 41
2733 2
2651 32
2783 32
933 103
1196 25
1018 147
1924 56
68 50
1387 52
1133 66
2693 53
1059 56
2080 85
1598 150
1415 11
2360 33
2867 32
2464 122
406 16
1304 53
286 26
707 37
946 11
2909 88
1697 14
2096 70
1184 111
2321 43
2794 39
1154 55
2419 33
2313 50
2356 13
667 9
252 85
2195 150
1546 19
2510 15
700 1
1285 25
1693 14
604 1
986 33
2755 2
906 1
1669 14
2947 0
526 48
1194 3
2232 136
2678 15
545 118
1914 43
2957 2
2817 74
1834 71
2279 71
1908 151
2751 74
1653 18
2757 135
706 1
1225 33
673 1
762 1
378 61
2860 74
1852 52
1683 60
1372 60
744 22
1068 38
2802 116
1861 152
2270 99
654 19
2268 33
1826 14
2373 113
868 11
2316 73
848 11
2015 64
2028 60
1092 37
2971 74
2964 43
1444 141
2174 99
139 113
1619 58
326 141
341 153
554 120
1040 122
1183 49
2437 36
2797 33
238 82
2519 15
2528 103
1279 0
1084 8
648 1
1897 17
253 29
1732 77
2935 0
328 107
1434 60
1972 13
1539 36
1000 69
1418 60
2518 133
1164 26
728 22
2932 83
1574 19
2941 0
2999 83
1928 121
183 100
2067 33
1035 58
790 11
358 151
942 59
173 13
2720 49
594 85
470 154
2805 70
2362 8
2840 74
2435 106
1648 9
2722 97
165 18
1485 130
2677 56
251 134
1085 52
2657 15
400 53
802 37
1969 59
2572 41
2553 84
29 13
642 35
927 144
2998 155
1061 150
452 81
1957 117
2334 50
1932 61
1825 6
2414 7
380 52
536 17
1762 8
1575 106
1841 11
352 53
294 55
2391 102
1169 53
1116 53
2346 156
2072 73
2543 139
2458 62
91 85
960 99
1 142
1646 14
683 37
382 52
2637 11
2523 96
1492 40
2178 52
1252 53
627 1
916 1
705 37
2315 50
619 1
1645 14
1510 10
1422 11
320 52
224 4
214 29
573 157
78 40
2892 0
1413 45
440 85
2217 101
343 108
1033 8
2944 83
2676 122
1859 60
491 158
2472 66
2628 32
932 2
1921 38
686 20
2727 27
255 29
2639 32
2207 125
1875 25
2943 48
1223 25
296 46
710 1
2060 97
641 1
1868 14
1334 159
2216 71
1737 17
1839 58
2008 160
2264 161
2312 50
2649 32
1352 11
1511 35
1602 0
190 153
2424 41
1373 11
1296 53
556 61
2713 162
1111 52
1189 35
1892 17
1121 40
698 1
1218 53
1886 102
988 110
327 53
2960 0
1180 53
1708 14
1555 52
2155 40
668 1
874 163
57 124
1054 18
1503 164
2858 104
17 36
1435 41
2254 74
2124 23
135 78
2 75
438 133
2827 52
2459 102
2809 15
2687 50
1346 59
568 42
1192 156
2846 64
1087 69
426 59
1114 11
2804 52
2745 39
1181 21
1466 33
1699 14
1536 83
1008 113
2987 64
1155 52
2978 74
2879 165
2433 99
871 11
1498 36
1138 3
866 1
768 11
1954 52
1205 89
180 124
2835 40
1122 0
1779 46
1962 49
2770 52
864 1
2769 17
1617 14
346 9
2368 166
1275 53
1320 11
51 42
969 167
121 121
1317 58
2914 88
1968 168
1393 23
1217 113
844 154
2284 33
1286 53
1995 43
479 20
2658 40
1571 36
75 59
1211 53
575 36
1457 101
1804 122
1036 0
1790 20
1876 60
964 123
655 9
1021 39
2293 62
1234 142
1204 130
902 52
441 76
984 77
1881 14
206 8
2105 41
1409 46
501 84
2062 14
532 169
742 87
2788 74
2673 11
1335 23
590 13
2286 10
1905 56
1451 170
1174 25
606 1
2882 120
176 116
1214 0
1784 159
1481 155
2340 171
413 37
1391 142
1342 11
2078 6
2890 2
2201 74
2936 83
2446 85
2764 58
349 108
2514 55
2322 50
884 9
2843 74
2891 166
265 133
2786 56
1624 106
2587 32
1179 25
2098 40
2071 40
1563 100
882 1
1431 53
1283 130
2276 73
2034 141
2934 11
2156 13
1389 100
1681 14
2984 83
1549 129
2079 43
11 7
1629 14
439 84
1367 29
972 11
711 60
1483 25
2371 4
670 1
1193 58
126 38
2306 36
2670 33
1927 128
1338 11
2012 32
1060 118
199 71
629 1
410 8
2741 166
1741 100
2443 20
1199 172
2761 36
1202 35
1300 173
2765 174
14 175
2951 23
2620 14
657 36
537 176
968 49
2589 7
1666 19
1663 99
2402 37
2212 56
1136 46
1594 56
1459 66
483 75
1245 12
2583 11
2179 177
2780 38
694 178
2601 15
2074 135
2121 19
2547 11
1540 165
1579 55
2061 47
1472 25
2724 2
2455 143
2257 50
2352 12
1601 46
1534 63
1907 107
2389 71
812 11
1371 45
154 53
1329 126
43 82
1241 30
1419 117
879 179
1950 56
2559 37
1484 156
360 58
56 13
880 1
1319 11
27 52
681 125
1239 165
1514 36
136 118
1535 98
2259 45
1378 60
2989 180
2104 105
1001 78
1863 14
2265 87
1065 108
397 82
2920 74
54 74
2294 13
179 71
508 30
301 55
1553 68
1664 48
2634 130
1002 94
79 151
996 11
727 1
229 71
819 1
1398 11
989 144
30 56
1658 14
562 56
226 48
6 147
1228 130
445 52
33 27
966 40
1682 52
894 181
669 1
2211 55
1359 3
1407 0
2554 11
1397 24
152 44
2669 11
223 36
2490 57
703 52
1667 25
2666 43
1445 26
855 11
1833 27
1587 100
1526 148
114 53
2097 171
2338 130
1101 41
207 39
2534 40
1148 130
1822 146
1411 170
890 182
2972 83
900 177
833 1
1246 53
2983 58
1242 0
1983 95
870 1
1660 13
674 1
2457 0
1375 130
1677 14
2599 32
140 76
490 13
914 46
1616 3
1672 141
2214 17
1899 43
2562 70
813 11
215 81
1944 47
2180 27
315 142
2187 20
417 58
1030 55
2087 171
2102 34
137 118
747 10
1475 76
1123 50
794 11
36 13
26 36
658 36
1403 38
450 108
1402 9
1259 137
2351 17
752 173
1271 103
2958 32
1450 69
2422 41
1053 158
2438 50
245 53
2152 19
277 66
2442 94
2159 90
589 65
2208 81
971 77
1948 78
2570 138
2624 141
2388 150
2378 41
1760 13
2182 9
1324 0
168 38
2273 74
928 106
25 9
807 142
444 26
1780 60
151 132
2791 22
2143 28
755 35
2266 183
2430 41
1048 51
781 11
901 30
865 1
1953 174
2341 101
1198 135
101 12
1050 60
1628 36
2444 0
2538 2
1272 22
1759 13
2684 52
1379 11
767 65
751 158
963 21
2716 50
2291 62
169 112
74 27
2973 83
1884 13
2167 17
1139 53
2569 11
993 112
2054 43
1500 11
2303 99
1906 85
1094 71
1385 43
2432 7
1739 14
2648 7
1504 55
2565 11
1632 61
2103 8
2516 113
267 7
1034 78
1830 106
2586 11
1845 38
2108 28
2641 44
2215 141
145 52
332 19
1974 14
248 175
374 101
381 138
2548 32
321 108
2240 63
637 67
1588 59
1332 53
2842 74
2638 125
2615 49
2283 62
1215 42
431 145
1011 37
192 53
2655 73
1176 104
436 8
2735 32
1691 14
1943 101
1281 35
1900 14
1187 184
1017 34
2233 74
688 1
1566 185
639 1
570 84
934 159
1408 58
1170 173
1361 58
534 44
2996 83
1823 186
2715 32
197 59
2482 24
1803 187
496 31
2640 41
937 65
980 66
2429 41
2076 14
1302 55
1814 4
1656 13
396 36
2369 14
1706 30
148 33
798 11
1751 50
624 78
2287 62
2029 159
1010 11
1519 42
911 1
1623 13
896 66
1474 60
2822 74
1362 150
107 53
351 13
1548 40
651 1
390 13
1473 149
1118 50
555 180
300 49
171 24
1277 11
2355 171
416 108
2966 83
765 9
429 116
187 157
1840 85
1915 14
2318 0
1890 93
631 36
951 90
163 38
414 99
1074 24
2144 188
2147 116
2018 42
1031 17
877 1
818 9
823 11
2256 74
873 22
246 53
230 71
907 123
2057 159
897 18
2236 49
2884 129
1754 11
2925 88
2154 149
792 11
2238 33
1911 63
1328 156
2309 58
2193 14
1652 58
699 1
2491 32
891 20
2643 159
1718 14
2580 4
895 11
1152 6
1447 52
58 75
1980 0
1923 52
1058 58
2331 189
2411 20
2292 62
93 45
1235 53
2386 56
1014 173
1701 76
948 61
1794 14
1110 40
191 96
2088 51
1532 133
1997 25
2683 27
1955 5
724 23
2112 96
2282 50
677 1
106 33
2948 83
1964 14
903 1
2302 33
1433 4
2471 158
775 11
1233 53
859 3
1429 30
2030 183
2128 40
990 36
498 98
2942 32
1608 84
2136 0
1990 13
65 31
2654 33
1815 27
275 71
726 114
1680 14
2597 11
1150 182
2202 36
2662 20
1364 11
411 12
831 11
913 156
2566 15
2093 19
391 108
2269 92
2189 99
1374 46
2406 34
723 1
262 143
899 4
2244 74
2164 19
719 1
2441 26
2068 73
2407 41
2876 32
936 0
2803 49
421 103
2198 63
10 112
1938 64
1120 52
2928 22
535 180
549 60
1585 9
299 102
2171 71
1386 64
2758 15
2863 162
2818 74
1676 190
1392 11
89 19
1644 6
98 53
2100 191
2397 40
510 71
2260 21
704 1
1970 14
2795 74
1046 8
1507 0
940 151
1430 11
1809 83
1912 192
2940 83
608 1
2886 12
2527 41
2540 36
1071 85
2413 37
297 13
50 71
1512 114
225 161
1775 11
1244 41
1922 83
851 150
1786 86
2696 11
1226 49
563 13
2671 165
2853 33
605 1
443 45
2473 109
1599 13
1025 190
2588 46
2816 74
2811 74
2738 39
188 61
407 8
1173 53
2800 12
2961 32
462 52
671 1
2704 52
2834 62
1958 17
715 1
1351 113
425 46
2092 112
2710 138
636 1
529 44
2267 104
1766 0
2869 11
2997 161
2952 193
2904 131
1499 26
610 1
486 59
1479 61
1086 71
2130 19
1705 188
325 175
20 134
2503 97
839 179
2022 64
2807 116
1674 64
1341 11
2083 159
2857 131
1791 83
1613 36
1523 0
801 8
1580 185
97 8
2495 24
475 34
1789 13
367 128
1898 95
1722 74
1910 92
2555 11
761 194
919 23
1426 0
2808 2
393 101
1770 22
507 118
435 125
2697 15
2048 71
1832 0
1586 106
2986 23
133 95
1589 53
2499 15
32 27
2170 18
1376 57
1327 3
1113 96
1350 0
256 38
893 118
2408 40
52 73
876 46
939 151
2821 2
1127 180
1220 108
2728 78
2854 52
125 38
2453 17
2779 40
2880 11
1072 160
2774 26
2636 15
2656 113
434 44
675 1
2409 7
1100 41
2515 32
2348 107
1609 12
2542 134
2576 41
