0 2.54306960105896
1958 0
2088 1
1395 2
1521 3
1099 4
394 5
29 6
100 7
352 8
2021 9
1353 10
1145 11
2856 12
1226 9
298 13
1786 14
127 15
2758 16
1597 17
2028 10
2997 18
682 19
46 15
1437 20
2748 21
302 6
2649 22
1608 23
637 24
548 25
1266 23
1271 26
679 27
2613 22
2157 28
706 29
1509 30
111 31
2354 32
2178 33
2049 23
283 27
1101 4
561 8
564 34
578 29
1820 35
1951 3
1560 31
300 36
1923 33
1066 37
2039 21
535 38
2924 39
2766 36
2227 26
274 13
395 40
193 41
99 42
1202 16
2631 43
2246 31
1229 44
541 2
2389 41
42 45
956 46
2329 47
2621 48
1136 49
1598 36
206 31
2260 5
4 34
621 37
536 10
2361 15
1491 27
293 12
928 0
2301 50
1661 6
433 18
749 29
608 29
614 29
789 33
1989 51
784 23
1793 52
2030 14
2472 5
797 23
2186 53
1673 15
714 51
2213 54
1966 55
528 50
1637 49
51 3
2816 1
292 56
1431 8
221 19
1824 2
2460 57
1552 44
2161 58
2546 15
2767 42
2964 3
1154 18
814 48
1947 26
1590 59
2699 60
2673 23
2365 1
5 46
726 56
2456 4
1948 58
2681 53
7 47
1105 26
1293 12
2710 61
1630 17
2849 58
526 62
1927 15
912 37
2097 39
1855 30
774 23
590 6
903 29
2600 49
1968 7
2930 63
1684 54
2704 33
1847 26
2583 23
1662 57
307 64
517 47
1614 57
1587 55
3000 39
2572 10
41 65
367 61
1652 42
589 10
11 45
2687 44
1239 46
2337 36
2689 4
2342 53
2338 8
2657 16
1827 62
2947 12
1376 66
2797 50
1219 49
1127 20
1987 6
322 24
2923 22
1407 12
1563 55
397 67
1434 10
2146 43
2191 55
772 23
1242 12
2739 9
2770 33
1146 68
1656 6
1754 23
112 33
1698 57
2668 7
2535 24
2692 23
1525 69
331 8
2697 16
256 28
158 70
319 8
631 45
2207 38
315 6
1826 57
2960 12
1545 44
855 23
2016 61
2398 26
347 20
599 56
856 29
443 31
2333 50
2001 45
2848 16
1534 21
762 29
2012 12
2901 39
1358 71
1638 57
1078 63
1991 36
966 58
2276 72
2195 17
587 29
66 1
937 73
2485 5
731 40
1235 8
1132 40
1472 30
2317 7
757 65
2027 68
2250 74
2515 22
2256 1
2953 9
1594 41
1609 66
2052 6
798 23
1269 13
1774 75
249 76
108 28
2419 53
2750 4
2129 20
1901 4
2891 58
2763 77
1505 27
2318 12
1393 20
228 17
2602 12
2037 75
2684 33
976 7
886 71
2596 22
225 78
917 21
2183 57
2403 79
2625 76
1675 57
2238 53
2046 37
1527 62
2287 53
488 28
2783 22
1733 76
1326 30
1768 6
2778 7
2035 33
2628 22
2804 33
2253 36
559 32
1696 51
2426 4
1653 10
1454 12
2455 54
2677 18
1065 31
2616 76
1261 12
1992 11
871 23
231 6
18 80
2552 37
1574 69
955 34
1072 81
2527 10
305 41
1702 4
791 29
2610 23
1929 33
1256 38
2779 58
665 82
219 83
188 38
2961 22
2990 33
2066 84
1932 81
1538 2
601 29
2617 32
930 15
2210 33
1166 30
2768 85
2357 43
522 48
304 64
2067 50
758 29
2170 10
261 81
2299 62
1952 26
2497 86
368 50
2071 58
1643 57
1679 66
2189 53
988 38
2427 1
1081 45
910 49
1164 45
2033 87
1302 76
383 9
1769 57
611 29
1381 23
2281 76
2107 37
1172 30
2998 12
82 58
152 80
2429 4
962 84
2785 68
202 14
1306 71
672 29
2023 31
55 37
439 65
2438 44
2391 63
1422 23
1537 15
166 84
2502 12
1129 23
1005 19
2839 16
2029 14
914 49
482 79
500 88
1797 26
919 52
1903 57
1194 71
2962 26
2151 41
162 8
2926 0
813 23
1238 12
2733 86
1405 64
76 28
1163 71
2075 66
2794 77
1488 49
2703 59
1398 23
2025 89
1777 77
2288 50
2983 42
1876 10
1834 41
1909 26
2705 76
404 64
232 21
1334 14
2332 89
1042 14
1448 24
2590 23
1914 3
606 29
1249 30
2821 86
2445 26
1143 30
2441 63
2922 72
204 5
785 13
2373 68
14 90
2208 36
2905 22
676 51
2885 22
2603 90
465 14
775 23
1935 44
496 84
803 23
170 91
2449 4
2169 62
959 31
2965 53
446 25
1457 68
2002 42
1423 58
896 5
429 36
2658 58
1735 54
196 17
2556 22
547 52
1828 92
2897 39
1585 13
1567 69
2549 54
2746 77
88 50
633 29
1959 76
583 29
257 55
1090 17
1814 24
1411 73
48 92
1651 35
1530 41
1248 20
1503 56
59 28
2731 0
2683 9
73 58
1811 6
474 31
2577 16
1382 12
124 73
1217 46
881 72
1336 23
2399 53
1148 8
1354 49
336 84
1495 52
2230 60
1917 48
2486 31
181 20
1451 73
2543 84
617 29
121 26
109 53
2790 86
1962 79
1579 76
1704 84
750 64
684 29
1724 57
2545 23
172 83
103 93
2458 53
773 23
2232 71
416 81
491 19
1165 30
1141 30
2769 68
1329 64
1378 10
1399 65
1612 74
1400 48
830 94
1308 23
1352 23
1602 12
2728 82
182 0
1681 57
1688 57
178 91
694 80
2400 15
2678 16
1012 92
1916 62
286 63
899 24
894 20
2086 64
2913 44
1851 52
701 78
1455 61
1404 66
1187 9
2235 58
1224 66
2096 67
2608 79
2083 14
1919 95
2175 53
2915 44
1142 49
2630 15
2966 39
2372 12
276 45
1297 12
2171 41
1562 23
1843 90
1408 42
1645 57
1971 26
1593 12
1370 10
1323 96
1605 78
867 29
946 23
1300 94
980 5
1856 41
222 17
1994 71
922 23
1433 24
1074 5
1895 26
2393 26
138 33
2578 37
1364 23
2831 1
2504 53
1029 23
603 95
2701 92
837 21
1837 35
1001 82
1818 11
2100 97
2184 53
1040 79
440 55
2496 7
95 8
2743 73
2000 3
1179 30
269 51
33 79
200 26
1489 33
229 41
1139 8
1610 6
303 98
1550 23
1938 99
2665 62
135 82
2799 0
809 69
680 29
1957 92
841 29
481 93
2379 41
1708 57
2749 7
2544 23
689 61
1604 57
686 33
1436 12
288 16
703 33
502 42
120 45
365 37
2435 32
558 17
1317 42
562 9
2143 98
1152 7
1556 32
1978 61
2599 22
2229 6
2280 58
2307 58
667 100
2793 79
725 94
574 74
2806 55
1121 35
234 38
907 65
342 15
1189 30
83 95
2777 23
189 33
1672 95
550 13
805 69
2397 58
2553 84
2203 37
2792 101
544 25
478 77
2304 58
817 8
2753 33
398 89
935 23
655 13
2269 61
708 24
1010 23
2018 48
251 19
974 89
1225 0
786 81
281 6
2857 67
1478 75
2974 12
792 23
2346 102
778 19
675 29
1790 26
1218 30
938 31
430 41
1013 33
1654 30
1711 7
556 31
187 103
167 48
995 36
1237 34
477 34
1027 28
1761 55
1808 8
57 70
209 41
2511 51
2380 71
2506 82
1498 62
426 81
2645 99
1559 12
242 69
2757 78
1570 30
570 84
1267 77
2194 42
2247 60
2048 41
2881 53
2532 41
1174 30
2283 76
1557 73
1178 30
2619 16
2654 53
1930 57
651 29
2634 8
1518 79
1017 13
1501 23
1460 76
1231 30
560 64
1409 27
1974 57
738 29
2564 23
1745 76
1295 48
826 95
624 82
220 51
258 33
1282 89
2775 54
926 79
217 41
511 41
2367 79
1588 31
593 7
493 80
332 20
2829 67
2216 41
415 104
2132 8
1045 105
1908 11
645 29
1823 56
1039 33
1508 9
2271 58
639 29
944 23
2615 92
2585 60
195 8
575 45
2362 38
818 51
958 78
2765 40
2711 16
897 92
2772 74
840 29
1396 2
1862 26
636 29
721 32
255 15
2118 58
2005 26
1731 42
192 8
1773 10
1484 16
2989 5
1206 30
1819 52
2951 20
2862 12
1504 76
1420 12
453 6
1418 0
197 44
2918 44
2457 12
534 80
878 29
1037 104
460 64
487 94
1892 39
681 15
2453 32
419 25
1350 12
877 29
1650 26
1900 57
2330 49
1709 49
2105 4
454 20
1414 23
2876 22
580 81
125 28
1898 79
339 48
1416 81
2858 36
90 105
447 33
2106 50
1893 99
1150 106
1925 32
1848 64
1918 32
997 79
734 29
628 81
2609 58
2512 17
1939 3
1240 12
330 55
1428 83
1469 104
2388 107
1578 36
2626 84
545 105
2693 49
2614 23
369 92
2642 3
2802 97
1222 49
2396 1
2991 53
994 32
458 36
2402 7
1337 73
1443 32
737 19
1564 4
2601 16
2061 26
2986 20
736 38
1442 108
933 41
1021 25
1993 37
661 45
1033 31
423 81
2450 7
2805 68
1061 107
1044 47
289 83
471 48
2326 50
2174 53
1088 12
1907 34
1912 66
2877 44
227 102
761 55
577 45
92 24
515 87
2364 3
271 4
518 6
2384 54
2202 62
1046 17
2718 23
2836 1
2914 44
960 50
1388 48
2482 107
769 88
2371 24
2520 66
1860 10
1228 8
985 23
1813 6
1402 51
2295 7
2871 12
847 29
1961 62
2900 39
1160 12
1806 6
469 84
2940 39
969 101
1197 49
1792 31
1967 109
341 91
2298 54
2315 4
900 62
1069 23
1186 30
1343 23
1576 110
693 79
588 84
2254 1
131 66
2423 4
1397 83
554 29
2323 37
656 38
445 33
2650 32
1483 30
94 76
1157 111
768 23
1386 28
2937 39
134 50
2931 39
1051 94
1721 103
2854 33
1566 62
859 18
552 9
1543 76
2376 62
2302 53
1490 13
609 38
349 79
2297 53
1700 10
1622 57
613 10
2488 26
1833 9
1717 10
710 67
573 112
2869 23
744 46
704 29
925 29
183 31
2788 1
243 84
2807 97
371 93
2076 57
441 43
654 28
2709 4
709 51
1383 10
24 40
2141 44
1118 60
934 51
858 82
1227 30
509 51
1003 55
2274 76
2723 58
2300 75
2470 51
2909 44
2999 39
2392 1
2131 74
1782 92
2009 95
2032 37
765 51
1669 57
486 81
237 16
1211 71
2349 3
1071 95
713 67
2461 71
646 9
2932 39
2906 79
1458 89
1692 48
616 84
671 29
2671 23
2791 71
2185 9
901 51
2789 77
986 53
2110 71
1392 23
2969 53
207 77
2313 4
31 51
259 87
1265 51
174 44
1283 30
1292 12
860 19
1170 36
1618 25
444 79
2698 33
808 23
1180 49
1016 95
2774 63
494 33
1195 49
1931 3
1857 7
2410 53
1467 82
1216 26
1309 108
973 35
1766 12
442 81
1659 6
1444 113
690 89
764 23
1272 46
2522 16
2444 12
1133 5
17 62
1232 12
1439 114
1660 6
2069 62
1247 20
1906 38
2257 44
2934 23
1115 32
615 29
2125 58
422 18
1788 0
918 29
586 29
1144 49
2663 16
2745 77
77 28
191 55
1234 94
2165 50
2007 57
1345 30
2167 54
1549 63
2 70
640 29
376 13
1697 57
2479 86
1936 10
2478 82
746 81
2666 3
643 29
190 91
2109 24
2309 42
12 28
354 25
2622 32
2529 34
1360 23
201 82
1611 62
1686 4
2667 16
448 1
2014 28
1934 41
1514 7
1988 6
882 29
1190 8
1059 9
1762 17
2980 101
116 74
1385 59
1926 115
1867 57
407 15
2995 52
1366 15
1028 33
2840 1
2102 55
1945 56
1502 75
2889 50
1625 10
2464 43
2316 72
1933 90
326 90
941 37
1298 100
2643 114
1095 1
2471 116
1805 6
853 37
1920 3
1103 55
779 23
1130 95
2725 69
2569 23
2089 66
141 24
2239 58
1749 12
390 6
821 29
2612 70
698 29
2846 73
1209 30
485 13
1137 49
1736 117
2036 106
1331 35
2985 39
2439 25
2344 41
1606 118
25 13
1356 119
102 36
629 29
1730 57
993 31
2719 32
2407 4
9 32
1067 56
364 119
2887 25
1014 104
401 28
2197 57
2865 22
2054 3
39 63
2112 21
865 29
346 13
2115 3
386 20
2868 0
788 6
208 27
1054 92
2101 58
1737 54
1335 52
49 28
2019 3
670 29
1689 71
2623 115
1829 39
2164 74
294 72
2707 82
895 23
2513 9
2103 48
984 120
1113 31
632 45
1547 69
213 30
2063 3
1781 49
2459 63
2214 0
1676 96
1476 73
2160 74
1832 12
1809 39
1924 9
224 79
2641 86
524 92
230 41
2124 79
2159 74
2744 1
2781 86
1714 57
2251 95
584 96
2547 23
1124 115
829 23
2038 86
2010 3
2982 39
822 23
1250 4
1205 55
1779 32
1727 103
399 66
2140 82
2782 20
892 54
748 27
1464 76
1897 0
38 24
2912 44
1510 77
1849 121
2237 53
1649 73
2566 16
373 90
1162 122
2311 121
2700 33
1738 32
2065 26
2385 123
1288 34
1092 7
1147 49
295 63
1743 7
978 23
260 120
159 78
1153 49
971 77
2796 83
2662 95
1671 0
846 10
2286 2
2819 1
1540 46
2116 40
2837 15
2079 3
2044 26
2163 66
514 36
68 84
538 9
1706 96
1852 33
2917 26
310 6
801 55
2508 31
2911 81
1084 55
2533 16
126 28
69 33
1535 33
1245 32
1760 6
150 33
1755 52
2180 108
2646 61
1387 33
1864 1
921 80
2780 28
2431 4
437 49
2218 53
2568 59
852 122
673 29
61 55
2853 50
265 76
2713 106
1324 12
457 89
597 29
2047 124
983 50
2716 60
210 125
1767 5
2929 77
203 38
348 62
1871 10
1785 12
1085 33
2352 32
1110 35
702 89
1541 69
1838 126
635 29
1449 11
835 18
1674 28
268 127
1858 0
2494 53
2147 104
2640 4
810 85
1123 4
1646 57
2861 12
1207 73
2156 6
982 95
1035 42
2558 23
1771 11
52 97
306 32
1647 57
1555 33
1954 33
1038 113
727 29
370 27
2648 98
1221 11
2413 7
1363 12
105 5
1678 57
1286 49
2452 61
1720 1
1728 10
576 29
1497 9
1996 15
1995 3
2127 57
2375 27
1580 62
1355 33
1685 6
1094 41
1874 32
1158 34
1403 28
1109 4
2987 99
1726 17
1116 8
436 64
1815 89
1499 63
2353 72
2467 68
2495 127
1036 12
211 55
54 1
780 23
2587 22
387 54
2422 4
2992 60
147 9
499 17
620 29
996 23
1795 74
1861 128
794 23
510 41
2137 54
1854 60
168 28
1883 81
1607 57
1866 10
2655 72
1453 124
1759 6
2882 129
759 29
2114 55
2727 89
2057 14
2952 39
2498 34
662 33
2561 22
2605 23
2152 74
2686 23
1294 27
663 29
2523 21
530 80
1273 26
1946 36
60 30
949 67
1648 51
1682 33
282 33
1184 20
2988 71
2606 23
2244 1
2205 28
1536 39
2176 99
2825 78
2822 1
1327 18
1571 62
2484 3
854 29
1904 33
1277 23
1284 30
519 42
1526 67
806 118
2680 5
2637 23
711 41
1722 1
50 41
644 9
1007 42
802 7
2133 34
2055 33
1311 51
1791 39
850 23
425 49
417 42
1 5
1482 14
1410 23
2773 49
1830 62
1270 30
177 80
2404 123
1565 69
513 80
537 80
1287 106
920 29
1463 61
362 33
2243 1
1140 95
1655 57
1658 57
337 94
767 73
1349 97
435 75
1863 57
1055 42
1533 46
2660 81
2720 79
2759 22
408 50
1263 30
2541 79
2872 85
2898 22
1318 12
1330 8
2437 62
381 106
1553 88
2113 33
2580 24
1956 32
2358 59
579 5
479 95
1748 56
2308 66
1783 15
2040 81
420 36
626 45
40 130
1168 108
1481 131
2448 33
1060 105
81 129
947 76
74 89
1126 12
557 9
2041 85
2795 1
1253 30
1725 23
1632 129
1589 30
1596 64
2291 76
542 33
1462 128
508 51
1182 113
2462 4
489 79
1125 27
2242 1
1542 59
389 50
218 81
1018 60
1246 30
2855 9
1629 57
1291 24
463 132
2518 133
2473 41
862 34
527 80
2351 54
1963 30
284 76
2306 94
1471 8
1087 68
873 46
591 13
2382 1
1577 4
65 68
1083 33
2551 22
1280 63
605 29
2737 134
730 7
2006 31
353 135
954 83
1401 12
2627 76
2182 13
1922 39
1380 23
2714 61
35 6
2776 22
1406 43
2240 119
2386 79
20 97
623 45
2592 23
2099 20
2355 107
2314 4
1275 30
1784 66
1082 105
164 18
1703 42
1177 49
2814 1
199 41
1233 49
2928 71
1516 73
1882 57
409 81
143 6
23 122
205 51
1213 104
1365 12
1006 15
642 45
1699 57
2688 50
1344 111
385 66
889 41
2729 37
1086 41
173 6
532 136
2812 1
1340 12
1106 23
400 30
2735 22
641 29
2880 23
720 29
391 27
936 12
2363 137
139 138
1149 12
787 23
1586 62
1119 80
2874 66
2845 1
2374 0
2434 60
1374 49
2490 66
953 23
2638 75
1196 30
2574 35
2436 27
1575 32
2669 23
2754 58
1290 35
129 6
2425 4
2867 22
1332 30
161 55
932 105
1389 31
2888 83
2085 139
1853 6
2335 41
1379 23
421 41
2405 10
2480 74
287 30
2432 27
1865 57
1041 78
133 108
2787 95
1894 75
2565 23
1080 14
2994 140
2111 122
2390 39
136 105
1214 12
2895 21
2721 141
212 31
2296 58
2139 34
275 41
2050 78
89 25
751 105
2293 76
299 63
2950 39
568 101
1627 26
262 88
1729 10
2724 86
316 69
2130 74
104 121
1615 129
2024 62
1070 8
2584 23
927 67
2369 57
2454 63
366 142
2588 77
529 80
45 48
309 55
1506 23
1551 27
449 50
1375 8
572 84
1135 28
1204 30
2263 1
1173 30
1319 23
600 29
2148 41
1960 12
834 113
942 81
63 17
1683 10
987 1
2134 12
333 27
2633 59
2264 129
1896 137
2236 108
1167 59
630 29
1885 32
2539 33
2136 12
2708 107
2272 114
2415 4
824 29
1223 30
2348 34
461 27
1859 10
160 66
740 46
8 80
2162 74
372 143
2696 23
2080 70
84 6
1873 62
2417 106
2907 55
1507 12
2817 1
428 13
290 83
2695 84
1554 106
240 76
1944 26
1198 88
770 23
1624 62
402 48
1664 76
155 33
619 29
2571 22
1091 49
296 136
431 132
280 4
2020 37
582 29
2815 1
2933 72
2331 75
2595 54
2068 72
719 19
1657 57
723 29
2920 1
596 29
970 33
1600 5
699 29
977 12
1104 76
2717 44
1339 10
1817 66
951 127
1212 30
1429 13
1670 123
427 58
2908 12
176 89
80 54
594 31
1348 23
1515 62
1546 144
2847 10
2150 41
492 24
989 67
1447 33
1975 9
755 145
825 29
495 133
800 29
1002 26
1626 6
848 23
2060 106
2074 78
1468 8
1965 113
888 74
2828 1
1712 10
2859 10
1789 6
2321 3
1079 54
2925 44
1886 146
1371 127
140 147
2158 41
2285 72
1665 76
410 55
13 76
2199 37
405 7
2740 22
1098 4
1220 81
2967 39
793 23
2292 76
1842 148
952 83
1910 52
1210 30
2893 1
975 17
475 123
1942 26
216 41
2824 22
501 84
2756 119
2064 119
472 131
1584 104
2732 1
1635 6
539 9
1979 33
1131 12
2492 12
991 12
1305 23
2943 133
1009 66
2894 70
875 83
497 149
312 54
132 70
252 150
1315 23
1519 48
1048 1
2168 49
137 105
1752 12
648 29
595 29
2559 7
2339 50
585 29
811 0
1803 60
2412 4
2090 114
279 6
360 42
30 151
2341 120
2122 9
2463 0
1732 77
1427 49
1264 23
351 6
1430 23
2119 75
2483 92
2108 15
2098 58
28 46
1878 57
148 50
660 45
2509 152
22 79
571 9
2017 3
47 55
752 108
650 51
1887 62
2826 1
869 29
2842 1
891 95
1321 122
2356 6
1052 94
2381 3
828 29
1022 21
2166 54
2598 110
2830 1
1663 17
34 24
1844 6
1512 66
1417 153
2860 1
2209 37
1058 42
1520 154
598 93
1011 7
861 23
1642 57
10 47
91 155
1075 52
1985 120
790 23
263 53
712 29
2305 24
2094 155
2864 108
149 82
2653 37
1244 4
1415 23
2741 53
79 18
2530 76
2212 89
2652 154
2892 12
998 75
36 6
2120 10
1413 43
235 143
350 148
324 143
3 108
1031 73
2368 134
2959 39
1756 6
2903 57
1477 37
1274 62
816 23
1049 94
1241 120
1419 9
939 51
396 45
782 29
2011 54
863 29
1816 6
2430 4
2996 39
504 33
2475 153
2639 22
384 67
1750 64
311 150
1619 42
2241 60
2031 119
1941 9
905 33
521 13
2153 122
1778 12
1691 57
1780 10
2350 153
1230 11
760 29
1812 12
2674 7
1368 12
1734 48
664 29
2607 67
2916 44
743 29
2226 1
2808 86
2501 150
1513 9
27 33
2586 23
1015 151
967 83
1601 49
1973 0
683 7
2579 114
864 29
992 82
915 89
2084 31
2521 66
186 70
1765 49
923 29
75 81
2224 1
2810 75
2752 2
741 29
2334 4
2582 22
1744 48
820 23
2192 1
1117 155
1710 60
157 115
832 29
1359 8
2528 26
503 153
2611 156
2870 23
2984 39
2045 48
1981 6
2378 4
1057 12
1347 121
2958 22
356 37
2360 53
2820 35
724 20
1977 106
245 8
1299 30
2722 99
393 68
1747 10
2624 150
86 84
747 33
1181 4
2228 1
1316 121
2091 3
1102 4
913 156
963 150
555 38
2347 33
2863 86
2834 53
107 8
2008 131
438 157
1801 12
171 83
2656 96
1986 131
1372 10
2123 32
1677 57
1159 8
1128 146
2058 51
2370 27
2059 80
827 28
2416 4
285 45
2712 5
2726 58
2899 2
2591 36
1441 12
2188 55
2319 53
2570 158
2004 3
1251 7
1955 110
2154 42
1257 30
56 6
483 42
44 53
1822 17
1544 8
321 81
1342 23
2135 74
2971 1
1438 35
238 152
1798 26
1810 74
1004 85
2803 9
2514 145
2290 31
1200 40
301 76
943 75
2265 21
1260 8
2294 6
464 150
6 106
842 38
1869 51
327 30
2282 44
2576 4
1465 0
893 105
2062 57
695 13
388 6
604 29
843 23
323 37
1868 57
2879 23
2275 1
2531 31
2468 1
2946 101
1281 71
831 23
1905 108
456 120
308 59
2121 74
2051 27
1303 51
329 30
2977 37
1705 146
1719 4
480 59
2919 22
2510 16
118 155
1972 6
1558 144
2734 27
1030 59
467 159
2440 88
2249 1
2594 62
1970 57
1199 160
1357 51
1902 32
1976 4
777 148
569 84
1787 59
2636 16
2277 53
2941 12
1093 121
1258 76
1999 62
85 74
1666 69
2685 81
756 19
2144 59
2200 7
512 51
2902 22
732 65
2221 161
2320 85
531 95
2345 12
766 23
1480 37
2003 42
1362 98
2491 22
375 13
1634 10
2784 77
1185 49
1715 104
2536 41
2081 108
1794 57
239 33
128 28
355 150
165 162
1511 71
2875 99
1320 23
2477 125
473 25
1998 163
2481 62
2043 26
2408 58
2138 139
2411 95
98 8
1840 98
1024 33
2015 99
2948 39
450 81
551 80
2694 22
277 5
2267 164
179 41
434 80
1341 23
2852 12
1592 30
1644 95
1517 73
742 40
868 23
1770 56
484 135
2022 99
2938 71
2324 72
2359 1
781 23
549 10
1964 57
2833 1
783 84
1890 99
1008 81
2394 114
674 29
2204 33
687 29
876 32
459 80
1990 6
1911 119
1268 12
753 112
122 33
700 29
2811 1
1445 136
1949 132
2233 1
2087 9
32 108
2155 58
1751 60
2072 72
70 81
2838 1
2647 54
1120 33
2813 1
1191 49
1532 59
2851 50
1243 66
266 36
2421 50
1459 153
1913 26
505 51
2325 50
340 27
2604 154
2620 57
2234 60
799 155
931 37
2540 62
745 19
979 23
2424 4
62 6
1776 57
1603 119
2927 12
2955 32
142 33
2786 14
1568 33
194 41
647 45
2082 20
361 161
2747 97
58 70
359 31
2672 95
1569 48
2117 155
2340 160
2095 33
924 12
2042 139
278 99
2201 1
2944 39
2273 1
382 33
2193 57
1452 42
1391 5
1025 86
2442 22
1953 117
67 42
1056 12
1740 165
2077 20
2343 65
114 30
246 8
1440 6
1023 38
981 79
412 45
2262 54
1063 68
117 103
2890 86
2690 49
248 166
666 10
2651 22
93 167
115 168
1377 168
2303 53
119 108
1982 12
2181 119
163 28
264 32
2978 1
1314 23
247 48
2428 89
776 23
553 82
1114 23
2474 34
581 29
845 29
1461 166
2476 22
652 29
1171 30
2942 22
2936 39
1369 80
898 65
2921 54
677 29
15 51
968 14
1107 14
241 59
1255 23
2322 4
1937 12
685 169
169 47
1640 4
1134 61
2420 4
1879 52
1716 26
272 24
1474 10
1254 8
1548 153
215 80
2597 23
345 76
839 170
1616 11
2196 147
1836 23
796 16
413 7
1713 57
343 98
948 58
2222 89
1758 94
378 58
1492 153
739 171
2542 172
53 67
19 80
1310 23
2270 53
2451 4
999 49
1390 113
96 51
1500 23
2310 42
2555 23
180 2
1599 6
717 10
185 33
468 147
904 23
2702 95
72 171
2573 23
1899 3
2554 23
2395 106
2516 63
1208 131
2078 26
2866 22
1064 159
1529 146
2206 32
659 141
2818 1
1839 42
2443 95
1077 13
455 16
1384 171
2383 50
403 34
990 62
1446 4
1473 42
678 29
1617 57
1252 30
1984 12
823 23
964 65
836 133
1034 82
175 6
940 51
692 29
335 54
874 121
2827 33
2056 6
198 8
297 6
2832 4
1531 60
1746 173
123 45
379 25
2581 4
2211 146
2173 62
2053 79
916 29
1872 127
2742 33
612 29
1772 79
2336 94
957 153
1633 24
1888 69
2993 166
2661 76
909 46
507 25
357 45
1424 68
2873 0
2401 4
1155 33
1723 18
2682 10
668 29
887 108
1285 30
334 31
154 8
1421 33
2550 22
1841 23
722 29
374 60
313 24
1850 113
1623 6
43 152
972 23
2972 39
523 33
418 153
763 29
658 45
705 7
733 29
2499 16
2751 1
945 90
2217 68
2801 39
2409 27
1807 62
1019 24
1470 10
908 156
1694 64
273 102
1494 153
520 52
815 32
819 29
735 32
1523 12
1639 57
2910 12
1701 49
1122 12
2177 174
1915 57
1884 6
2593 4
380 33
2252 1
344 142
2149 74
2145 3
2567 16
1943 68
1804 19
2823 53
2537 9
1262 103
2013 164
1425 62
1595 12
233 69
795 81
1707 10
2904 67
1821 84
2563 23
2406 13
2560 22
113 155
1000 34
2266 143
1583 171
2548 22
2970 27
226 99
1043 49
1193 42
1450 68
2446 155
1764 69
1667 30
2589 98
2377 119
849 81
622 19
2142 68
214 133
771 19
338 28
804 175
2261 41
1183 9
1169 8
37 176
106 50
363 6
851 107
1741 55
2414 27
857 23
1466 0
566 10
250 84
2525 177
1475 157
2503 106
318 41
1201 30
1108 13
2279 41
653 81
71 108
1668 15
2659 67
1175 30
1089 119
2957 86
411 32
2883 86
2387 34
1026 35
2092 113
540 95
602 29
1333 12
2843 1
1435 4
2220 55
2466 7
2762 107
838 29
2736 77
1628 62
807 5
883 23
1485 30
638 41
424 178
728 46
1997 30
377 106
525 82
2487 2
2524 88
151 21
1581 76
1950 36
1775 23
627 29
2850 179
1846 57
144 28
718 180
2575 146
2632 108
567 122
1881 57
2489 22
1156 35
2223 57
1432 80
2760 61
2172 54
2187 95
880 19
1076 66
625 29
2935 12
2976 157
1367 172
2231 1
618 29
1325 108
1983 181
691 29
2835 58
2289 6
1690 9
1351 81
2844 180
2507 182
2730 53
1831 10
1687 57
1693 57
466 162
1188 23
1192 102
146 136
2255 82
325 166
2706 76
1763 164
707 7
715 67
1835 100
2884 63
1112 150
2128 58
902 33
688 29
2215 93
1631 21
2278 33
2500 94
1940 26
1825 95
101 145
291 120
2493 172
879 170
1456 58
392 33
87 25
2284 53
2715 22
1276 30
1524 12
476 131
1695 57
1296 8
2093 74
1138 49
2073 181
1236 133
833 29
592 45
2979 12
1621 80
1636 10
110 8
1161 49
223 45
1053 105
1312 24
2771 77
2104 96
2981 22
254 164
1073 49
1620 145
1493 49
2691 4
546 33
2526 16
950 42
1572 30
844 112
64 149
414 50
2433 53
885 144
452 80
1259 145
657 45
1880 12
1582 26
1487 23
1486 183
1328 156
2418 12
2738 77
2268 53
78 58
2070 32
2809 16
870 29
2469 22
2248 6
451 64
1020 33
1561 49
1980 12
697 150
1742 131
812 23
2973 39
911 29
1522 62
1050 53
506 153
406 81
2366 150
184 82
1877 51
1718 57
610 29
2675 123
2034 100
2534 35
2327 53
1969 81
2679 166
21 6
2219 60
1426 12
1591 127
2225 1
328 98
2755 86
2519 16
1875 8
2538 86
2975 39
267 27
1891 57
2664 53
1757 10
2179 184
866 29
2945 39
2886 32
490 80
607 33
2465 180
1739 57
153 107
890 151
2939 44
2328 5
270 24
97 118
2259 108
2618 8
965 185
1800 0
872 11
1573 186
533 77
1068 28
1100 4
2761 62
2126 35
2312 4
716 51
2198 119
2949 39
1539 62
2954 39
470 101
565 93
1799 26
462 33
1278 139
1796 57
1870 34
1394 30
1346 81
696 29
1176 184
1753 52
929 23
1215 48
2635 6
1373 23
244 66
2800 32
1680 57
1313 12
649 66
2644 16
314 184
156 51
1304 8
1151 8
1802 57
1047 13
1641 10
1307 23
1928 55
1496 164
26 69
2245 122
16 80
1322 12
884 100
2670 53
1361 42
1845 28
1613 62
498 7
2841 62
516 135
2968 95
1479 129
1412 68
1096 4
543 144
2505 142
634 29
432 81
2676 172
729 29
1289 12
2258 1
317 142
1921 50
2562 48
1338 23
2878 0
320 33
1032 42
2026 105
2190 83
1111 33
1889 81
1528 49
754 35
2629 88
563 6
2447 174
669 29
253 15
2956 39
2517 187
2963 39
358 188
1279 12
1301 32
1203 4
2557 90
2798 118
130 189
145 33
961 50
2896 53
2764 42
906 29
1097 4
236 8
1062 164
