0 2.6892549991607666
1284 0
251 1
2154 2
2787 3
633 4
71 5
22 5
415 6
587 4
604 4
2172 7
2800 8
2664 9
1733 10
2050 11
1728 12
1637 13
2287 14
1493 15
2617 8
2702 16
2406 17
1229 18
1008 19
165 20
2088 21
2930 22
904 23
655 17
2361 11
203 24
2160 25
2398 16
2925 18
1918 8
911 4
2231 6
550 17
2370 14
696 4
1042 26
2439 26
895 23
1958 27
2506 6
2625 10
1983 5
31 17
881 12
545 28
1327 1
1850 29
2319 9
1573 30
2431 31
313 32
2699 29
1440 33
446 25
892 7
923 4
533 22
88 34
2891 35
1923 15
58 36
2612 13
2135 37
896 38
1106 23
764 23
1978 39
1375 24
2041 38
2219 29
1784 40
155 15
2166 7
806 41
2020 42
2392 39
2964 43
247 42
348 36
2754 26
1195 44
530 35
2043 16
1112 45
2956 27
1686 31
2932 27
1777 46
1036 47
2193 48
686 16
803 23
70 19
1254 15
2656 49
1734 50
2627 10
2606 23
2203 42
1702 31
1391 47
1507 47
934 40
2942 51
1395 52
1037 42
2638 5
267 14
1550 23
1623 53
1172 0
372 54
2679 51
440 41
333 14
2031 12
2239 26
1219 55
1362 56
378 57
2870 23
1418 12
903 4
1722 2
2826 2
2586 58
2110 15
2107 42
559 59
1076 60
967 20
1869 40
1700 12
1043 13
1523 47
2234 29
2532 61
825 4
2715 51
2127 48
176 62
2615 62
411 8
1071 3
210 32
399 61
237 63
2500 64
227 60
618 4
1861 65
4 66
2779 26
1731 2
1494 26
1631 41
2998 47
2731 67
1238 47
1587 41
1999 68
2823 34
1815 62
2993 51
26 68
2653 69
2747 70
2015 50
1997 0
1288 66
161 41
838 4
935 23
1056 47
2526 71
2313 29
1941 62
1401 47
1090 42
1893 50
959 19
2705 49
270 32
2673 23
1577 31
23 41
1651 1
1837 54
2839 71
211 41
1509 0
1142 0
2557 72
473 25
1012 45
1274 33
329 0
323 72
2278 15
2764 2
1953 73
73 74
1412 68
470 75
2343 63
1293 47
1835 76
839 56
1917 72
1854 29
274 17
7 24
2602 47
2039 30
2531 59
2858 46
1208 47
2033 77
1 59
1033 30
318 37
829 23
2423 31
2282 78
2260 66
1264 23
1536 57
2805 79
2293 10
2655 80
1066 42
1342 23
1657 48
444 1
2539 15
2126 54
2856 47
1931 43
1618 81
2692 23
2776 51
2851 7
2760 82
1701 13
405 83
2817 2
1413 84
564 66
1799 16
752 5
1991 45
1723 58
1533 83
2959 27
1223 0
121 24
1818 85
2984 27
410 42
1424 68
1905 56
209 61
2367 5
1895 37
127 20
1171 0
2036 30
472 19
1502 86
1755 14
1053 25
1218 0
2003 2
2311 86
1234 46
786 87
125 88
217 37
2366 45
167 42
482 5
229 61
2468 2
347 89
899 90
2595 36
335 7
1598 45
1610 53
661 82
351 53
319 0
1460 10
627 4
1353 12
87 25
1825 91
390 53
558 42
1495 92
393 68
460 93
2970 94
1323 49
2774 42
731 93
629 4
500 68
2894 84
2196 93
2222 62
124 75
1120 15
824 4
1875 0
389 14
2383 34
1870 66
2986 92
2910 47
1740 9
900 90
598 36
631 82
2212 5
2918 18
2396 2
1350 47
2448 15
1476 50
1911 95
1912 61
1714 48
563 33
593 83
1860 12
371 78
1612 25
2099 92
2660 19
1877 17
66 21
2997 42
637 1
1948 6
912 42
2553 1
6 41
720 4
2859 12
404 89
112 15
1454 47
2144 96
1894 39
2597 23
1245 8
1168 91
42 71
1797 16
2306 59
302 50
1108 17
423 62
2832 31
2820 54
1575 59
2163 60
1441 47
212 41
2574 97
158 33
157 34
1990 53
605 4
1123 29
2603 81
933 37
104 64
871 23
1094 61
455 86
241 98
2599 51
1184 89
891 3
141 32
653 87
698 4
2480 25
1664 16
2021 97
2739 56
2257 83
769 87
2326 99
1481 47
2834 34
719 4
2441 42
340 88
878 4
2102 42
2117 70
195 0
1553 100
1696 17
809 101
1232 47
1751 83
1708 48
1836 23
1736 73
2388 70
2018 72
1041 11
35 53
2735 51
1524 47
271 31
2089 40
2195 56
1445 33
193 37
1647 48
1265 17
1345 0
2534 74
331 0
2513 102
1883 19
2862 47
1048 21
1434 12
2385 75
326 69
2630 96
2065 103
2403 5
2713 104
438 57
1282 103
541 76
132 36
1052 64
2804 15
1903 48
1211 15
1928 24
2341 12
884 88
2730 67
60 0
363 105
2825 65
2605 23
2880 23
2681 34
2752 75
2434 29
1200 35
2585 29
552 56
980 38
670 4
978 23
184 6
2704 15
294 10
1962 58
537 79
1661 53
2507 101
1361 2
2892 47
2476 51
2689 31
2662 3
1060 25
1417 26
304 70
1169 55
2499 71
1833 56
1272 83
1562 23
2288 34
1126 47
392 15
842 69
2720 5
1157 106
39 22
943 103
362 15
357 71
92 1
1110 54
2626 68
2286 46
74 5
230 37
1746 59
1512 43
459 35
1496 84
1009 43
2355 102
83 3
1280 22
1829 27
273 21
2177 31
1089 95
693 92
2651 51
913 7
447 15
2616 16
2238 34
1049 64
2489 51
1564 31
603 3
2017 43
1463 85
730 83
1491 14
1742 47
2247 29
2229 53
2967 27
2822 2
853 72
449 34
213 0
893 28
2280 26
1488 55
585 4
1547 58
725 17
1846 48
2726 26
857 23
2957 63
2846 75
1545 88
1517 107
441 89
2297 34
2636 71
1133 38
1839 2
2634 55
408 9
2740 51
889 37
1244 31
1383 12
2295 83
2245 22
973 54
1753 14
2444 47
286 42
1366 96
662 15
1116 0
2931 27
1819 108
750 41
2360 34
1204 0
2806 41
350 109
2687 88
915 90
1851 92
2194 2
1489 15
1289 47
1369 35
2818 2
1785 47
1886 22
2503 20
1866 12
2073 102
1304 55
1832 47
320 15
516 110
1786 83
511 61
801 41
1889 14
2429 31
2106 27
2113 15
1128 27
2038 84
1688 48
1765 13
356 42
1083 16
51 42
2052 53
2426 31
63 96
1707 12
939 40
1916 59
2318 47
2901 27
2915 18
1585 17
616 1
2773 81
1156 54
413 83
1359 0
1938 50
962 111
2483 73
1845 88
591 112
2729 69
1660 53
84 53
742 35
1798 16
1407 47
1635 53
2150 37
1580 68
401 50
1205 41
2243 2
614 4
2246 24
1235 70
1166 0
1201 0
1949 105
246 0
223 112
612 4
2394 21
375 17
2010 43
1137 55
1260 0
1315 23
1546 109
1261 47
1405 93
1387 15
2206 7
2830 2
1433 32
2941 47
1028 15
1404 40
968 73
2946 26
1131 47
2365 2
782 4
823 23
606 4
491 113
290 100
465 58
1436 47
567 114
2598 115
694 35
1741 41
2837 116
2669 23
1329 30
2527 108
2963 27
1697 48
1670 117
2498 66
1676 49
2129 92
909 83
851 45
1946 62
1548 74
1027 88
1044 101
2165 27
2641 79
555 69
1924 90
638 37
1348 23
815 8
2422 31
1062 59
2035 15
2719 8
916 4
1121 54
1511 0
2440 118
2055 108
2076 48
2809 71
1853 53
82 26
2104 109
1644 3
650 17
1792 93
494 108
1543 10
1943 68
107 0
2835 26
2494 9
1456 74
2686 23
1560 67
1730 48
2517 119
2953 56
2122 5
1370 12
1015 58
2905 51
2216 37
169 24
1602 47
59 88
464 113
257 42
1687 48
342 14
1070 55
1045 28
1653 7
2461 108
291 69
1955 95
1098 31
1672 69
1010 23
992 6
1093 43
589 71
29 53
2909 18
2333 34
601 4
2074 11
1478 86
2095 15
1622 48
2501 68
582 4
394 34
710 117
1114 23
766 23
2582 51
632 82
2386 62
689 39
1001 6
2100 41
1100 31
379 25
2690 44
998 103
113 41
1236 120
1158 66
2425 31
2022 50
301 10
1504 10
2197 48
2181 12
1438 54
1749 19
2871 47
2763 25
868 23
1032 2
2145 43
1421 15
1611 59
2470 40
457 5
2124 92
1640 31
2814 2
2680 38
1029 23
574 34
877 4
672 4
216 37
129 53
1867 48
28 83
529 35
196 69
2668 83
793 23
981 5
2899 52
974 62
1711 82
1516 59
2316 121
569 1
1831 12
1505 14
1972 53
109 58
1182 29
738 4
2945 27
1183 58
2133 66
222 96
1312 1
1399 69
854 4
205 17
461 88
821 4
489 70
2469 51
180 79
1993 50
2968 115
2515 51
2742 95
483 5
902 15
2633 84
150 15
1178 0
1569 42
1501 23
487 59
641 4
299 22
751 25
1994 114
2202 59
374 29
2000 43
2005 103
1666 10
508 17
765 17
426 19
2694 51
2666 43
2570 98
1756 53
687 4
2536 37
2572 31
2778 38
886 17
32 62
1228 55
1349 5
1393 92
2950 27
2518 120
1301 8
265 38
240 10
1403 88
1175 0
185 15
1193 2
1744 42
2332 12
1544 0
2928 108
578 4
2192 2
425 44
846 12
2544 23
1047 112
288 63
1318 47
2312 29
199 37
1278 81
1084 41
2590 23
2952 27
1103 41
701 115
1684 36
534 35
479 3
2843 2
1202 55
941 42
1758 59
2879 23
1170 90
1827 59
1704 78
1636 12
917 75
2948 27
1605 69
1820 14
592 82
2716 18
98 0
358 107
1992 85
1124 23
2768 100
2807 62
1748 23
2130 25
62 53
2188 41
2136 47
1712 12
2325 34
1039 15
2377 95
2667 71
2594 59
1709 44
1757 12
1038 83
1490 17
2707 6
2419 34
2762 45
1338 23
2372 47
233 101
681 65
1213 73
2236 102
312 7
1655 48
2492 47
2881 122
2794 25
2589 94
512 17
2917 115
518 86
2723 26
647 82
380 15
690 81
198 0
1021 25
2810 3
2404 112
726 79
2545 23
264 8
1600 38
664 4
2861 47
2886 8
2368 78
2614 23
950 2
1344 106
1189 0
514 25
1500 23
1313 47
2577 116
17 82
2211 123
1624 59
1913 16
918 4
2845 2
1639 48
714 17
2019 43
1822 100
1675 48
1782 20
2876 51
1406 84
1678 48
2187 16
2427 6
908 107
929 23
1073 44
572 78
2002 2
407 20
171 124
2363 61
2537 83
2012 29
2639 51
2473 37
442 5
982 3
1599 53
1503 23
1781 13
2320 38
282 15
1656 53
101 84
2712 38
1973 27
2765 116
409 19
2153 114
403 60
994 8
1880 47
44 34
2954 27
140 13
1649 125
249 16
2604 103
2391 22
2371 32
2994 122
2240 95
1603 12
771 91
562 5
1410 23
1724 48
1876 12
519 2
12 88
2863 110
1058 2
1457 68
41 69
284 38
1188 23
709 17
1371 84
1118 29
760 4
1530 37
206 93
2230 29
2263 2
2688 34
27 15
1589 0
816 23
86 78
2463 34
1508 62
2299 59
1294 14
80 7
876 8
148 34
2259 84
1929 15
1477 72
528 34
2635 33
1458 102
1773 12
566 12
1214 47
1088 47
311 126
2227 3
382 15
2961 51
2875 50
2405 31
1302 10
597 4
1086 61
493 35
579 38
1162 114
1778 47
2495 101
2543 67
2183 48
2152 25
2558 23
2663 71
1607 48
2097 86
2471 99
2508 59
1425 103
1803 29
2191 41
1209 0
2848 71
2487 71
2186 34
921 86
1298 64
1968 127
1532 30
1694 19
1207 50
434 35
2446 93
2484 43
2291 10
1671 27
983 9
2576 31
1061 102
1729 12
1904 108
1225 27
2645 50
207 90
2262 7
1770 23
749 4
2091 43
949 38
928 39
1568 15
1594 45
2618 65
1800 27
21 53
869 4
2714 39
122 15
635 4
200 61
2643 81
704 4
1681 48
1673 94
745 4
1574 10
37 21
305 37
1050 117
522 93
19 35
665 6
1380 23
1590 100
1332 0
47 41
1164 42
1146 68
2013 59
2672 3
2642 43
486 19
2342 34
2315 29
2900 27
2436 39
523 15
2709 31
1095 21
2200 82
2923 51
2032 42
2897 27
1199 125
2132 24
2504 34
1198 100
1947 103
2782 92
2382 21
2784 25
1848 52
505 17
2030 30
2237 34
1224 128
2644 71
543 12
2732 6
2867 51
538 74
2086 52
2579 10
1556 59
753 128
244 79
2250 62
2540 33
2161 26
2120 12
1960 47
2884 129
1669 48
289 89
894 100
2916 18
2045 72
3 5
2083 57
568 42
1068 88
400 0
181 92
147 62
630 4
761 87
402 42
414 14
1105 3
860 120
607 15
173 53
668 4
2054 43
228 130
2119 103
476 19
1513 70
488 88
2028 82
643 4
576 4
2793 5
1970 48
2940 27
1005 20
204 46
412 82
259 77
2803 56
1626 53
792 23
531 3
2607 10
2514 58
2430 31
1801 47
2524 68
966 74
2340 131
834 74
2960 47
1586 59
551 79
2279 37
1578 5
1337 123
2693 55
2460 38
804 72
1727 116
1987 33
2115 43
388 53
1932 57
1396 75
1390 74
2696 23
2827 15
2384 16
2140 6
2433 9
2677 115
2285 121
2408 26
1352 23
1368 47
703 15
1297 47
780 83
676 65
422 76
2255 6
2467 68
2632 56
2014 88
611 4
38 1
475 112
2684 15
2151 37
1465 27
1921 34
1885 8
634 4
145 15
2718 23
2850 11
2401 31
1844 33
383 56
1074 101
2989 38
2992 18
1140 103
1809 132
2414 14
2592 23
1151 0
770 23
298 17
2588 59
1259 133
1442 109
1134 39
5 83
2972 27
1840 65
1180 55
1143 0
102 20
2047 134
1092 83
610 4
1461 130
1310 23
1155 15
732 91
1374 44
735 8
2011 7
468 13
1381 23
1016 3
1628 59
1080 98
1735 7
1111 15
2077 92
2199 72
2802 62
671 4
2511 17
1222 0
1606 70
1959 10
1780 12
757 124
702 90
285 71
116 62
2549 7
2796 70
2700 15
2380 16
1497 5
266 5
1910 8
194 37
2317 83
2442 51
783 1
1127 135
2300 86
734 4
2977 72
712 4
947 10
2044 16
812 23
628 59
2828 2
2379 37
123 71
2458 9
2252 2
2218 34
2628 51
1411 75
1645 48
1621 35
1957 90
106 9
182 37
2009 12
875 124
1256 135
2738 25
1283 0
1378 12
867 4
1549 129
2849 26
2336 93
907 129
1415 23
680 4
2491 51
1154 59
960 14
2710 10
2745 25
2609 26
2182 17
2852 47
964 69
2265 20
272 32
100 83
170 136
1692 72
2331 120
1054 70
1328 7
669 4
510 61
2349 43
248 137
746 87
700 4
428 17
1814 32
154 0
2114 41
2004 43
11 71
2991 34
826 12
1364 23
808 23
977 47
1775 23
341 138
2920 2
830 64
2142 68
2094 52
2411 3
963 45
1258 10
844 126
2424 31
421 61
499 130
417 2
621 42
2174 34
1808 55
361 139
1014 58
2008 19
1522 59
2410 34
2345 47
469 1
1539 59
138 15
2551 51
1466 27
2271 26
841 4
1699 48
1075 71
1541 10
692 4
2346 60
1291 32
1492 54
225 65
2659 10
2376 59
2975 27
1459 33
996 23
2759 51
1891 48
1658 48
2053 92
81 40
1176 24
34 32
1356 95
1064 132
1241 40
2264 140
1616 0
1000 60
1864 2
1971 16
805 101
135 6
325 137
2621 130
880 4
914 44
1113 19
2583 23
1408 2
2792 80
1453 141
2847 7
2190 142
1648 17
2416 31
1346 69
864 4
24 35
149 6
1646 48
1892 27
2969 122
1416 19
2170 7
931 42
2146 132
280 31
2833 6
77 88
1358 115
2646 39
2555 23
2640 31
2108 90
2103 143
1732 127
2321 43
547 14
2063 43
501 78
2587 51
2096 39
506 97
2750 136
2281 10
2270 34
2435 59
1737 7
958 131
2400 7
166 78
1450 68
202 127
1796 48
239 108
1051 64
986 34
553 6
2217 68
2454 22
2159 25
1979 15
990 82
2907 52
1196 0
1281 0
1400 126
624 6
49 88
1788 27
2464 144
2983 2
2829 117
2703 84
2573 23
115 118
1768 53
1379 23
791 4
2874 60
1935 87
897 70
1097 31
2328 38
1194 0
221 50
515 127
151 41
1432 35
716 17
1484 84
2815 2
1129 23
1967 104
1779 140
1096 31
954 67
863 4
1747 12
2860 2
2387 75
1898 73
189 15
1738 140
924 47
1776 48
2903 38
2213 7
2727 62
1055 2
2701 46
2831 2
1956 8
269 17
309 41
2164 25
1942 16
2751 2
1243 128
1925 8
2116 35
1091 44
822 23
2913 18
108 88
2350 26
2955 8
1414 23
1257 0
2292 10
1365 47
2761 59
458 25
1276 0
759 4
707 83
2743 88
1295 13
93 133
817 17
2872 37
856 4
870 4
1026 54
143 53
2066 140
1483 0
1474 12
163 88
2344 37
862 15
2407 31
617 4
1674 50
1428 100
2134 47
1451 75
1945 23
1810 25
571 5
711 95
2248 33
932 36
328 19
2926 27
580 87
1402 17
1579 10
858 6
1534 20
926 62
2728 6
1002 125
952 124
2554 23
245 55
322 90
788 33
855 23
1807 59
2824 51
1132 61
1452 113
2081 70
2415 31
2842 2
1125 14
882 4
2882 145
1212 55
1632 145
1817 40
1031 94
2472 38
885 129
1319 23
2873 27
520 92
57 36
1152 82
845 4
2505 146
1914 43
772 23
256 88
1354 0
236 55
2571 51
1841 23
2665 59
344 28
339 42
697 45
991 47
1429 112
2329 97
2148 37
316 101
1976 73
1145 73
1326 55
208 117
1443 8
2902 51
1067 147
594 19
1652 113
657 112
1382 47
1035 2
1554 65
2973 27
2373 37
2001 29
2118 26
906 4
797 23
1944 16
179 37
1007 2
536 7
1444 126
609 135
1791 77
2 36
336 78
2352 8
2046 72
1641 12
1772 56
1423 26
1197 13
649 79
560 93
2497 144
1003 11
1920 43
188 145
2836 2
232 41
1311 89
2438 88
1613 59
775 23
1273 37
800 4
2215 136
2337 46
1625 12
756 4
1717 12
2176 50
1250 31
615 4
2189 9
2671 23
2251 108
1902 8
387 9
187 148
1834 37
2854 15
1339 12
1514 82
2877 18
262 116
1680 48
905 15
2254 2
253 19
2253 73
1659 53
679 14
75 69
599 115
1726 70
317 134
938 41
1469 137
1455 39
1148 55
1980 47
1307 23
2048 37
2080 19
2037 137
2978 2
2173 33
636 4
1117 149
1268 47
1286 44
1473 2
2658 26
2034 135
1210 55
2528 37
744 83
2623 58
287 0
956 83
153 45
2995 16
2168 44
762 4
478 90
985 23
2056 53
1812 47
263 9
1082 25
430 37
250 78
2958 51
2801 57
20 131
2510 71
2786 148
659 150
2965 122
2040 143
807 38
1510 127
2301 67
922 23
819 4
2652 103
343 19
354 141
521 17
2866 51
16 35
3000 27
843 23
565 151
2175 34
2982 27
52 136
2381 43
2068 80
2819 2
2697 71
1595 47
1906 93
395 35
2087 90
832 152
448 2
1324 47
972 23
2201 2
2521 35
1856 37
43 36
2777 23
1388 13
2736 25
1384 95
1377 141
2520 60
431 10
76 88
1252 55
639 4
2420 31
1922 101
156 17
1873 59
1177 0
353 15
2581 29
2698 15
1372 12
1868 48
2542 143
695 112
2981 51
814 72
1498 59
2277 34
1794 102
120 71
2650 94
1939 43
159 95
747 109
190 138
2339 34
2298 7
957 97
852 114
2338 55
2734 14
2565 23
2121 25
1226 56
2314 29
2566 71
1843 42
2158 37
1915 48
65 134
850 23
2180 102
2893 2
1802 117
2207 70
741 4
2753 15
524 102
955 66
2675 153
2224 2
1617 48
1215 42
2450 83
2139 66
1419 100
1385 154
2242 2
887 5
1331 54
840 4
1239 108
1821 78
2885 51
588 51
64 154
297 53
2235 26
2939 18
1099 31
2721 87
1122 47
1308 155
678 4
1022 127
1321 75
2798 132
2691 31
451 93
811 34
2268 34
2156 33
443 99
1555 15
164 46
1563 52
2308 60
1771 85
2591 45
1422 23
2208 114
1761 24
2412 29
1220 19
2409 14
1072 19
2445 115
133 62
1572 0
2799 27
1609 60
1355 15
144 88
1163 0
2223 48
2840 2
303 19
2601 71
2812 2
381 95
2481 33
802 83
315 86
2811 2
360 2
1537 107
255 19
2079 156
847 4
721 8
1279 47
920 4
2564 23
613 12
1018 73
2209 72
1638 48
1691 48
1754 23
688 4
8 35
584 49
1878 48
117 116
2304 26
1334 57
2795 2
979 23
1571 59
961 14
1263 0
872 157
79 17
1764 10
2575 129
1389 81
1141 0
324 54
1683 12
1464 123
549 12
925 4
174 131
548 141
736 45
1583 140
2951 92
437 44
2767 2
2541 92
1690 146
2138 158
2889 29
1248 92
238 36
2756 95
748 14
96 17
2522 71
46 20
728 83
2725 128
2007 28
2919 51
898 152
953 23
818 17
191 149
1752 47
1019 32
1705 136
1940 16
2273 2
1437 89
763 4
503 97
2455 159
586 4
2757 11
2682 31
424 152
2058 17
2934 23
2171 37
2649 51
2353 80
1267 68
2908 47
2006 19
2769 7
1475 160
1871 12
540 103
1285 0
946 23
575 71
119 62
787 23
1227 0
2789 25
110 0
2477 98
784 23
1952 115
2578 11
2717 29
1119 35
2258 2
215 35
779 23
1551 159
310 53
1161 55
2533 71
219 121
429 148
2622 8
713 117
2141 88
2284 34
9 8
2906 90
1662 48
1221 112
2179 144
596 4
2857 117
1472 0
2296 26
2226 2
517 115
1588 19
2016 161
2449 31
1663 96
1874 8
1217 64
1806 53
1333 47
675 4
820 23
432 19
2746 25
1069 23
1774 132
314 134
2303 34
2737 42
61 41
1963 0
683 83
1908 153
2766 148
1153 0
890 151
945 153
2057 57
1336 23
1862 16
645 4
1887 59
527 35
507 28
1231 0
2927 47
717 71
2024 68
1842 90
1017 112
1969 19
55 42
50 37
767 146
2475 140
2157 25
810 63
2071 26
377 41
737 4
2580 32
595 4
349 56
94 16
1249 0
2788 2
2883 79
2567 71
2375 14
2509 49
1682 15
2962 91
136 28
2465 10
936 47
1715 11
2988 108
778 4
1135 50
1679 79
1665 10
708 80
561 100
654 25
1271 37
2808 79
418 97
1879 8
987 21
2538 80
131 60
848 23
1150 162
25 17
1805 53
1890 50
1528 44
2204 15
2276 80
1023 96
873 83
1567 129
226 120
2023 41
1470 7
1462 128
1057 47
2432 14
2670 34
2228 2
948 80
1909 16
2059 86
355 126
68 78
1698 48
722 4
146 154
416 19
1531 18
2949 27
172 124
727 4
1896 61
56 33
139 163
2244 2
450 19
1998 162
989 143
970 15
137 28
1897 27
175 53
1966 149
386 136
1725 23
2741 9
445 15
1102 31
2781 79
1828 80
2922 80
1884 53
1290 54
1582 3
90 116
2451 31
1306 15
2101 26
2049 23
2178 15
1030 123
1330 55
40 164
1013 15
944 23
666 12
2327 34
453 53
781 23
2987 54
1149 47
178 136
2185 56
337 64
1919 165
2167 7
2979 47
1557 166
2890 79
1601 44
1642 48
352 0
625 4
2241 29
2519 71
2478 6
1552 88
2184 34
2561 51
2090 81
724 92
699 4
359 59
2868 27
1322 47
1614 48
2980 108
2563 23
1526 59
619 4
466 167
1435 31
2733 79
1420 47
2496 83
1703 2
2128 26
1988 33
492 32
2869 23
1766 47
2474 168
2459 129
1789 53
2938 108
1482 118
2657 71
1136 44
1936 12
2378 31
1581 10
480 84
2266 54
103 25
1479 145
743 4
2775 139
54 2
988 135
2619 71
69 15
718 124
1101 31
334 19
2417 95
1392 23
1240 47
785 17
1174 0
1159 0
1316 40
1138 44
128 88
1584 5
1975 62
1262 133
2695 46
1107 57
951 133
2123 8
1130 3
2898 51
1559 47
462 108
640 4
758 4
2637 23
930 70
231 86
1320 23
556 142
544 141
2547 23
2488 115
2399 34
2486 41
99 2
1431 0
1251 83
1888 123
1900 48
1006 150
1471 0
2061 16
2310 2
295 129
2402 83
2674 83
2790 79
2354 140
160 43
1237 169
651 4
910 89
2816 2
2620 48
1558 129
321 19
15 112
976 83
2456 31
1447 15
463 10
2944 27
1693 48
1720 2
644 97
620 4
652 4
254 170
1882 48
874 171
467 172
754 173
2611 68
942 49
883 23
292 147
234 86
2943 120
1305 23
1767 38
1519 72
2272 81
2841 59
2098 26
2418 47
2026 28
1486 67
1242 47
535 69
526 77
1426 47
1081 45
2685 65
590 53
674 4
2678 71
2155 26
1347 40
1376 40
836 120
252 81
667 88
2210 15
1872 128
391 88
1468 0
2548 51
1363 47
795 87
1985 69
1934 37
2105 31
682 4
1206 0
1078 42
2895 19
2395 174
152 35
1525 10
2771 25
828 4
1255 23
525 6
1266 23
2070 8
406 87
258 15
2838 2
2437 82
186 33
2092 20
474 19
813 23
2389 37
1167 123
365 42
2936 27
1859 12
1351 159
2364 43
330 124
513 35
663 4
346 17
1604 48
833 4
684 4
2629 68
1677 48
2947 47
773 23
67 113
1951 43
2706 10
1716 37
2421 27
235 54
646 56
2466 59
2348 60
1667 0
1823 175
2078 103
1139 55
542 15
1314 23
2896 122
201 6
1964 48
1296 55
2362 93
307 93
1309 5
130 56
396 71
2864 5
1930 117
327 55
192 0
723 4
1855 0
308 98
1065 19
1398 23
496 22
385 61
583 4
398 62
2933 12
1630 42
162 0
1335 92
2724 79
1104 16
937 146
1040 73
1367 143
1275 0
2749 118
1927 161
1950 56
2069 59
570 1
1160 47
1561 44
1592 0
1881 48
2530 10
2082 92
48 154
30 154
1596 70
1926 155
502 2
1847 115
2502 19
2755 79
1186 0
1269 112
2559 83
1857 83
1863 48
1795 45
2648 14
2550 51
433 76
2302 34
997 58
2855 62
2791 108
367 48
1077 112
1079 7
261 19
2347 15
557 100
2067 9
573 176
2912 18
2274 10
600 4
2661 10
2042 158
420 25
2137 7
1303 17
1247 92
1233 55
1449 85
2267 129
2356 33
2205 50
1813 53
2220 93
1467 6
276 71
706 4
2335 37
454 28
114 0
72 140
2029 57
2131 25
2935 47
2064 95
1826 48
2584 23
2290 81
919 92
452 35
2624 155
2453 7
1515 82
2393 16
1566 177
740 83
2413 83
1654 0
105 38
1858 67
2821 79
2887 28
2722 6
242 101
2479 79
1989 17
1570 55
1620 178
97 41
2516 144
1191 55
85 179
1719 31
10 24
879 4
1340 47
774 23
1386 50
277 38
1409 125
1593 47
1373 23
89 25
91 52
281 53
1907 66
1485 55
1824 180
1325 70
1427 55
993 103
366 181
2072 80
677 4
2027 99
999 55
1190 55
2359 2
1760 53
2289 33
1343 23
95 55
1287 135
2147 137
168 88
497 154
1750 70
2324 80
715 117
1540 182
332 28
220 174
2482 101
2937 27
2772 25
2535 131
1538 183
532 184
1865 102
2797 27
2309 2
1981 33
306 8
1650 103
197 131
1165 0
1619 113
1147 55
495 72
111 41
1109 31
1270 0
2562 72
370 19
794 23
927 155
2322 29
1816 53
397 185
1179 55
1216 3
798 23
1299 0
1063 34
419 28
376 129
2512 96
471 13
1542 172
2608 62
2351 7
2631 144
2990 15
1762 42
799 93
2060 20
1487 23
539 56
2676 32
2330 89
984 142
481 25
1480 42
224 186
673 4
1394 0
2985 27
995 5
581 4
1046 93
78 26
2596 51
2996 27
1759 53
827 88
126 88
1253 55
1961 59
2770 15
1597 178
577 71
1576 115
622 4
768 23
1230 0
1341 23
660 71
2853 34
2888 121
1518 58
2758 71
2974 47
2785 27
260 40
283 19
2683 100
1615 145
1185 55
1974 48
2523 75
456 40
2369 48
435 187
300 5
1763 59
2485 38
2865 51
1933 72
439 25
2374 179
2025 102
2452 82
2613 51
1627 3
293 19
1838 13
279 53
656 144
1059 154
733 4
554 149
2143 8
2914 18
1901 73
2294 33
1192 188
1527 59
1996 161
1357 112
1695 48
776 23
427 57
1787 84
1187 74
2198 95
2275 2
866 4
1710 83
1793 108
1246 55
901 17
2748 52
1529 107
602 4
1292 47
218 19
2269 39
214 54
36 53
2443 3
368 34
13 10
477 60
1721 116
2283 10
2744 2
1085 15
2904 117
1633 32
14 120
2112 30
2783 51
1024 15
965 65
608 4
2062 48
436 70
18 35
2813 2
1783 149
1804 131
2397 26
2256 2
1115 8
2390 77
1954 15
345 189
2844 10
2600 156
2647 139
1718 48
33 73
373 72
658 82
2221 190
1087 68
2457 47
2929 59
2249 2
1317 2
861 23
1608 78
45 72
1535 98
2878 34
2971 2
490 86
504 15
2261 61
134 34
2109 1
691 4
2075 107
2149 25
975 178
2999 27
777 90
789 16
2569 23
364 102
2358 84
796 71
1937 47
1629 48
1277 23
2593 31
940 40
1506 23
2490 40
648 4
1004 129
2525 60
2111 134
1173 55
484 141
1811 33
53 117
243 78
2084 93
1986 19
1203 31
739 140
2169 33
1300 94
1020 15
2093 25
837 20
2125 26
1745 10
369 56
268 101
729 4
2493 32
2552 42
1520 187
1034 6
1713 48
2334 29
296 10
1849 40
626 82
278 146
498 83
485 107
1521 31
183 81
971 28
1852 15
2225 2
685 135
1769 48
2976 160
2085 158
1181 138
2051 14
755 155
509 17
2546 178
2357 2
1982 47
1439 191
1446 31
142 15
865 4
2232 126
2323 72
1011 83
849 19
2560 51
2780 88
1995 43
888 172
118 70
2162 25
546 15
1790 16
2214 27
1977 183
2233 2
1984 47
1397 67
275 37
705 83
1025 172
1591 133
1565 123
1743 59
384 155
1430 23
2610 23
2911 14
1830 177
177 35
1360 23
2428 109
2568 96
831 23
2556 51
1643 48
2462 31
1634 12
623 82
2921 33
859 1
642 82
2307 26
835 10
2711 71
1499 42
338 88
2447 56
1448 32
2654 34
1965 74
1685 53
2529 60
1144 0
2966 27
1706 48
2924 27
1739 48
2708 148
790 23
2305 146
969 119
1668 174
1689 0
1899 43
