0 22.79593563079834
001958 0
002088 1
001395 0
001521 1
001099 1
000394 2
000029 2
000100 3
000352 4
002021 5
001353 6
001145 7
002856 6
001226 8
000298 4
001786 9
000127 9
002758 7
001597 8
002028 3
002997 7
000682 10
000046 11
001437 12
002748 7
000302 7
002649 7
001608 13
000637 7
000548 14
001266 7
001271 7
000679 7
002613 15
002157 7
000706 7
001509 16
000111 16
002354 17
002178 18
002049 16
000283 19
001101 16
000561 20
000564 21
000578 22
001820 23
001951 16
001560 3
000300 24
001923 21
001066 16
002039 25
000535 26
002924 27
002766 28
002227 29
000274 30
000395 31
000193 3
000099 7
001202 32
002631 7
002246 16
001229 33
000541 32
002389 9
000042 32
000956 7
002329 32
002621 7
001136 20
001598 34
000206 35
002260 36
000004 37
000621 32
000536 38
002361 39
001491 40
000293 23
000928 41
002301 42
001661 32
000433 23
000749 23
000608 43
000614 44
000789 45
001989 23
000784 46
001793 47
002030 48
002472 49
000797 3
002186 50
001673 21
000714 32
002213 51
001966 52
000528 23
001637 1
000051 23
002816 49
000292 11
001431 11
000221 25
001824 25
002460 53
001552 25
002161 23
002546 7
002767 16
002964 7
001154 51
000814 23
001947 46
001590 46
002699 54
002673 55
002365 14
000005 46
000726 46
002456 23
001948 9
002681 56
000007 32
001105 45
001293 45
002710 21
001630 53
002849 14
000526 16
001927 46
000912 53
002097 23
001855 6
000774 6
000590 57
000903 58
002600 16
001968 3
002930 18
001684 31
002704 7
001847 20
002583 7
001662 27
000307 18
000517 59
001614 60
001587 3
003000 61
002572 62
000041 31
000367 35
001652 3
000589 3
000011 31
002687 35
001239 27
002337 31
002689 63
002342 64
002338 14
002657 65
001827 21
002947 46
001376 9
002797 32
001219 6
001127 25
001987 31
000322 15
002923 18
001407 15
001563 45
000397 66
001434 67
002146 16
002191 3
000772 46
001242 7
002739 16
002770 45
001146 35
001656 6
001754 53
000112 68
001698 40
002668 13
002535 16
002692 46
001525 21
000331 16
002697 69
000256 25
000158 70
000319 12
000631 27
002207 54
000315 46
001826 21
002960 49
001545 18
000855 27
002016 18
002398 16
000347 14
000599 12
000856 16
000443 7
002333 1
002001 12
002848 14
001534 25
000762 15
002012 65
002901 16
001358 16
001638 3
001078 14
001991 65
000966 23
002276 71
002195 16
000587 23
000066 9
000937 16
002485 16
000731 1
001235 72
001132 50
001472 31
002317 16
000757 73
002027 53
002250 7
002515 30
002256 53
002953 3
001594 7
001609 39
002052 74
000798 56
001269 39
001774 1
000249 40
000108 21
002419 14
002750 18
002129 7
001901 21
002891 12
002763 54
001505 35
002318 53
001393 65
000228 11
002602 49
002037 11
002684 75
000976 76
000886 14
002596 11
000225 39
000917 25
002183 77
002403 59
002625 66
001675 44
002238 35
002046 24
001527 31
002287 39
000488 12
002783 28
001733 3
001326 31
001768 15
002778 7
002035 28
002628 59
002804 78
002253 46
000559 25
001696 7
002426 42
001653 16
001454 77
002455 20
002677 46
001065 54
002616 16
001261 18
001992 79
000871 12
000231 12
000018 67
002552 80
001574 16
000955 45
001072 12
002527 66
000305 62
001702 16
000791 7
002610 40
001929 39
001256 25
002779 32
000665 59
000219 25
000188 50
002961 25
002990 55
002066 16
001932 7
001538 50
000601 3
002617 47
000930 32
002210 16
001166 40
002768 81
002357 16
000522 82
000304 21
002067 3
000758 3
002170 16
000261 54
002299 16
001952 77
002497 61
000368 18
002071 83
001643 59
001679 84
002189 53
000988 46
002427 14
001081 35
000910 12
001164 54
002033 12
001302 46
000383 50
001769 77
000611 2
001381 16
002281 39
002107 14
001172 3
002998 3
000082 6
000152 16
002429 55
000962 59
002785 68
000202 16
001306 76
000672 3
002023 76
000055 9
000439 14
002438 46
002391 16
001422 53
001537 84
000166 76
002502 12
001129 77
001005 12
002839 53
002029 16
000914 5
000482 40
000500 46
001797 40
000919 42
001903 40
001194 61
002962 31
002151 76
000162 32
002926 54
000813 16
001238 11
002733 68
001405 21
000076 85
001163 59
002075 36
002794 69
001488 14
002703 3
001398 72
002025 46
001777 44
002288 84
002983 65
001876 77
001834 40
001909 71
002705 12
000404 49
000232 49
001334 86
002332 7
001042 6
001448 87
002590 40
001914 66
000606 12
001249 3
002821 3
002445 3
001143 61
002441 36
002922 40
000204 77
000785 12
002373 40
000014 40
002208 88
002905 7
000676 44
002885 44
002603 28
000465 7
000775 50
001935 77
000496 89
000803 6
000170 81
002449 15
002169 53
000959 69
002965 23
000446 67
001457 14
002002 31
001423 33
000896 53
000429 77
002658 53
001735 71
000196 25
002556 7
000547 3
001828 46
002897 66
001585 90
001567 45
002549 14
002746 16
000088 3
000633 69
001959 7
000583 40
000257 12
001090 54
001814 49
001411 78
000048 67
001651 21
001530 12
001248 91
001503 6
000059 40
002731 11
002683 32
000073 25
001811 46
000474 12
002577 52
001382 15
000124 7
001217 61
000881 46
001336 14
002399 19
001148 25
001354 68
000336 31
001495 3
002230 66
001917 84
002486 14
000181 12
001451 46
002543 7
000617 54
000121 16
000109 21
002790 14
001962 67
001579 24
001704 24
000750 59
000684 54
001724 46
002545 21
000172 15
000103 50
002458 7
000773 55
002232 1
000416 35
000491 47
001165 20
001141 77
002769 14
001329 7
001378 85
001399 92
001612 28
001400 14
000830 12
001308 93
001352 46
001602 3
002728 68
000182 31
001681 19
001688 31
000178 28
000694 1
002400 28
002678 45
001012 9
001916 45
000286 12
000899 9
000894 13
002086 0
002913 76
001851 12
000701 50
001455 15
001404 49
001187 25
002235 25
001224 6
002096 16
002608 7
002083 50
001919 25
002175 3
002915 45
001142 12
002630 16
002966 1
002372 49
000276 35
001297 69
002171 25
001562 94
001843 19
001408 7
001645 91
001971 95
001593 50
001370 72
001323 66
001605 94
000867 55
000946 32
001300 40
000980 7
001856 51
000222 31
001994 0
000922 3
001433 40
001074 96
001895 20
002393 20
000138 12
002578 97
001364 66
002831 45
002504 40
001029 31
000603 11
002701 98
000837 25
001837 11
001001 7
001818 53
002100 11
002184 7
001040 11
000440 66
002496 16
000095 40
002743 31
002000 3
001179 14
000269 71
000033 40
000200 3
001489 25
000229 16
001139 25
001610 16
000303 12
001550 3
001938 58
002665 11
000135 40
002799 21
000809 32
000680 36
001957 77
000841 61
000481 3
002379 67
001708 46
002749 67
002544 71
000689 67
001604 40
000686 84
001436 3
000288 47
000703 3
000502 59
000120 99
000365 76
002435 49
000558 66
001317 59
000562 53
002143 71
001152 52
001556 75
001978 55
002599 100
002229 101
002280 25
002307 53
000667 21
002793 102
000725 3
000574 16
002806 84
001121 53
000234 35
000907 3
000342 3
001189 7
000083 19
002777 59
000189 28
001672 23
000550 13
000805 61
002397 28
002553 6
002203 49
002792 46
000544 46
000478 77
002304 3
000817 50
002753 49
000398 16
000935 1
000655 3
002269 40
000708 53
001010 11
002018 7
000251 20
000974 24
001225 79
000786 91
000281 31
002857 52
001478 76
002974 7
000792 16
002346 68
000778 44
000675 7
001790 59
001218 40
000938 54
000430 76
001013 65
001654 103
001711 7
000556 9
000187 49
000167 12
000995 20
001237 21
000477 46
001027 45
001761 16
001808 12
000057 6
000209 36
002511 52
002380 66
002506 104
001498 52
000426 105
002645 21
001559 46
000242 14
002757 70
001570 76
000570 16
001267 55
002194 55
002247 92
002048 46
002881 18
002532 3
001174 59
002283 106
001557 69
001178 27
002619 50
002654 3
001930 105
000651 42
002634 15
001518 49
001017 12
001501 50
001460 66
001231 60
000560 48
001409 16
001974 61
000738 50
002564 94
001745 75
001295 107
000826 53
000624 91
000220 52
000258 20
001282 31
002775 14
000926 53
000217 108
000511 32
002367 40
001588 109
000593 110
000493 16
000332 11
002829 111
002216 14
000415 16
002132 54
001045 36
001908 112
000645 36
001823 91
001039 94
001508 18
002271 3
000639 3
000944 7
002615 72
002585 66
000195 7
000575 14
002362 28
000818 16
000958 104
002765 16
002711 21
000897 15
002772 113
000840 54
001396 19
001862 61
000636 46
000721 53
000255 50
002118 96
002005 46
001731 77
000192 13
001773 49
001484 31
002989 31
001206 21
001819 55
002951 84
002862 3
001504 68
001420 67
000453 59
001418 45
000197 114
002918 35
002457 40
000534 105
000878 7
001037 71
000460 105
000487 64
001892 70
000681 77
002453 68
000419 103
001350 25
000877 16
001650 46
001900 18
002330 47
001709 82
002105 46
000454 82
001414 31
002876 54
000580 16
000125 3
001898 71
000339 86
001416 21
002858 59
000090 46
000447 115
002106 54
001893 31
001150 3
001925 16
001848 111
001918 86
000997 66
000734 12
000628 66
002609 3
002512 82
001939 16
001240 110
000330 13
001428 1
001469 45
002388 50
001578 50
002626 116
000545 16
002693 44
002614 16
000369 7
002642 9
002802 67
001222 16
002396 94
002991 46
000994 46
000458 39
002402 46
001337 18
001443 19
000737 77
001564 32
002601 82
002061 12
002986 117
000736 77
001442 68
000933 18
001021 32
001993 1
000661 68
001033 35
000423 3
002450 49
002805 107
001061 118
001044 58
000289 110
000471 77
002326 46
002174 27
001088 119
001907 50
001912 0
002877 67
000227 15
000761 14
000577 74
000092 15
000515 46
002364 46
000271 104
000518 120
002384 53
002202 53
001046 55
002718 63
002836 121
002914 122
000960 69
001388 6
002482 40
000769 14
002371 14
002520 105
001860 62
001228 53
000985 7
001813 1
001402 23
002295 66
002871 42
000847 118
001961 102
002900 77
001160 63
001806 7
000469 64
002940 11
000969 45
001197 64
001792 16
001967 31
000341 61
002298 3
002315 18
000900 67
001069 31
001186 15
001343 40
001576 15
000693 120
000588 16
002254 94
000131 102
002423 50
001397 15
000554 53
002323 6
000656 40
000445 12
002650 31
001483 123
000094 46
001157 51
000768 23
001386 124
002937 3
000134 18
002931 21
001051 52
001721 68
002854 7
001566 70
000859 47
000552 1
001543 31
002376 3
002302 27
001490 98
000609 16
000349 39
002297 7
001700 16
001622 49
000613 16
002488 78
001833 50
001717 20
000710 35
000573 32
002869 105
000744 59
000704 7
000925 25
000183 12
002788 47
000243 16
002807 59
000371 28
002076 40
000441 69
000654 76
002709 46
000709 125
001383 16
000024 21
002141 53
001118 7
000934 7
000858 50
001227 44
000509 54
001003 69
002274 16
002723 126
002300 40
002470 7
002909 46
002999 53
002392 25
002131 61
001782 59
002009 40
002032 54
000765 31
001669 49
000486 1
000237 77
001211 3
002349 75
001071 66
000713 109
002461 46
000646 7
002932 96
002906 16
001458 127
001692 23
000616 14
000671 24
002671 21
002791 118
002185 92
000901 11
002789 46
000986 88
002110 94
001392 68
002969 82
000207 120
002313 21
000031 30
000259 3
001265 7
000174 1
001283 14
001292 94
000860 7
001170 35
001618 69
000444 46
002698 68
000808 64
001180 15
001016 108
002774 46
000494 6
001195 68
001931 55
001857 59
002410 3
001467 55
001216 25
001309 53
000973 91
001766 21
000442 59
001659 59
001444 7
000690 35
000764 18
001272 71
002522 20
002444 128
001133 3
000017 3
001232 30
001439 7
001660 53
002069 129
001247 103
001906 50
002257 130
002934 69
001115 46
000615 3
002125 63
000422 77
001788 46
000918 51
000586 66
001144 131
002663 40
002745 21
000077 63
000191 16
001234 16
002165 54
002007 31
001345 103
002167 64
001549 20
000002 49
000640 25
000376 103
001697 18
002479 61
001936 7
002478 23
000746 25
002666 31
000643 54
000190 132
002109 129
002309 82
000012 18
000354 94
002622 67
002529 53
001360 1
000201 133
001611 134
001686 3
002667 44
000448 16
002014 3
001934 59
001514 69
001988 120
000882 42
001190 7
001059 135
001762 24
002980 92
000116 46
001385 15
001926 11
001867 60
000407 52
002995 7
001366 7
001028 61
002840 11
002102 59
001945 81
001502 110
002889 16
001625 120
002464 77
002316 46
001933 35
000326 42
000941 14
001298 21
002643 56
001095 16
002471 77
001805 11
000853 40
001920 105
001103 52
000779 21
001130 47
002725 50
002569 20
002089 46
000141 46
002239 12
001749 53
000390 115
000821 16
002612 15
000698 15
002846 20
001209 9
000485 71
001137 132
001736 59
002036 136
001331 50
002985 53
002439 50
002344 54
001606 14
000025 21
001356 13
000102 31
000629 48
001730 118
000993 50
002719 51
002407 11
000009 50
001067 76
000364 53
002887 21
001014 49
000401 14
002197 39
002865 45
002054 40
000039 21
002112 122
000865 53
000346 116
002115 65
000386 120
002868 20
000788 16
000208 32
001054 3
002101 3
001737 76
001335 5
000049 9
002019 39
000670 50
001689 53
002623 46
001829 46
002164 46
000294 53
002707 88
000895 48
002513 35
002103 7
000984 16
001113 18
000632 0
001547 62
000213 7
002063 59
001781 137
002459 16
002214 28
001676 38
001476 40
002160 14
001832 136
001809 46
001924 46
000224 20
002641 62
000524 77
000230 59
002124 35
002159 46
002744 16
002781 1
001714 61
002251 3
000584 20
002547 16
001124 116
000829 12
002038 25
002010 50
002982 16
000822 46
001250 12
001205 110
001779 4
001727 55
000399 112
002140 50
002782 25
000892 23
000748 7
001464 20
001897 32
000038 110
002912 7
001510 104
001849 54
002237 7
001649 19
002566 41
000373 17
001162 138
002311 25
002700 35
001738 7
002065 16
002385 14
001288 64
001092 35
001147 53
000295 68
001743 71
000978 45
000260 12
000159 29
001153 118
000971 16
002796 88
002662 67
001671 46
000846 55
002286 54
002819 20
001540 58
002116 0
002837 75
002079 16
002044 50
002163 82
000514 20
000068 45
000538 11
001706 112
001852 64
002917 139
000310 11
000801 64
002508 120
002911 21
001084 46
002533 13
000126 120
000069 118
001535 66
001245 54
001760 14
000150 45
001755 7
002180 118
002646 42
001387 52
001864 40
000921 115
002780 3
002431 140
000437 53
002218 77
002568 49
000852 19
000673 16
000061 0
002853 24
000265 23
002713 59
001324 66
000457 66
000597 16
002047 72
000983 35
002716 6
000210 141
001767 142
002929 3
000203 14
000348 24
001871 99
001785 32
001085 31
002352 49
001110 40
000702 45
001541 92
001838 68
000635 54
001449 72
000835 19
001674 20
000268 76
001858 120
002494 23
002147 67
002640 143
000810 16
001123 14
001646 42
002861 82
001207 124
002156 18
000982 22
001035 16
002558 11
001771 64
000052 54
000306 28
001647 53
001555 46
001954 94
001038 16
000727 7
000370 65
002648 16
001221 144
002413 50
001363 3
000105 40
001678 28
001286 52
002452 59
001720 18
001728 23
000576 53
001497 48
001996 31
001995 12
002127 20
002375 44
001580 76
001355 14
001685 12
001094 47
001874 40
001158 59
001403 64
001109 145
002987 105
001726 106
001116 116
000436 146
001815 3
001499 32
002353 28
002467 75
002495 16
001036 40
000211 54
000054 11
000780 31
002587 45
000387 17
002422 147
002992 23
000147 145
000499 75
000620 0
000996 21
001795 76
001861 45
000794 46
000510 49
002137 25
001854 32
000168 35
001883 137
001607 3
001866 70
002655 11
001453 7
001759 148
002882 149
000759 32
002114 2
002727 150
002057 53
002952 50
002498 53
000662 58
002561 55
002605 39
002152 12
002686 23
001294 50
000663 131
002523 28
000530 35
001273 40
001946 20
000060 70
000949 18
001648 151
001682 31
000282 7
001184 91
002988 46
002606 16
002244 70
002205 84
001536 16
002176 33
002825 17
002822 14
001327 137
001571 74
002484 59
000854 152
001904 122
001277 118
001284 153
000519 42
001526 45
000806 50
002680 18
002637 49
000711 40
001722 91
000050 48
000644 154
001007 61
000802 77
002133 48
002055 55
001311 30
001791 16
000850 91
000425 14
000417 40
000001 25
001482 122
001410 137
002773 46
001830 15
001270 67
000177 18
002404 28
001565 21
000513 20
000537 55
001287 15
000920 25
001463 15
000362 54
002243 15
001140 49
001655 51
001658 75
000337 16
000767 110
001349 3
000435 124
001863 42
001055 40
001533 12
002660 46
002720 3
002759 66
000408 68
001263 3
002541 64
002872 3
002898 11
001318 64
001330 127
002437 12
000381 126
001553 120
002113 14
002580 16
001956 47
002358 7
000579 155
000479 3
001748 84
002308 3
001783 9
002040 105
000420 21
000626 14
000040 91
001168 32
001481 44
002448 15
001060 82
000081 94
000947 11
000074 59
001126 21
000557 33
002041 156
002795 50
001253 94
001725 145
001632 71
001589 24
001596 50
002291 51
000542 84
001462 3
000508 46
001182 7
002462 35
000489 45
001125 44
002242 15
001542 46
000389 3
000218 7
001018 118
001246 11
002855 24
001629 154
001291 105
000463 38
002518 40
002473 106
000862 14
000527 21
002351 21
001963 7
000284 28
002306 28
001471 63
001087 40
000873 24
000591 23
002382 136
001577 31
000065 26
001083 66
002551 59
001280 115
000605 16
002737 7
000730 154
002006 11
000353 71
000954 18
001401 53
002627 25
002182 35
001922 116
001380 96
002714 54
000035 49
002776 118
001406 40
002240 12
002386 25
000020 70
000623 90
002592 14
002099 49
002355 60
002314 18
001275 16
001784 72
001082 119
000164 51
001703 25
001177 49
002814 59
000199 63
001233 50
002928 154
001516 40
001882 84
000409 91
000143 100
000023 51
000205 3
001213 42
001365 110
001006 11
000642 77
001699 18
002688 157
001344 158
000385 78
000889 91
002729 16
001086 47
000173 35
000532 29
002812 3
001340 55
001106 71
000400 25
002735 18
000641 35
002880 159
000720 82
000391 81
000936 95
002363 49
000139 63
001149 58
000787 18
001586 54
001119 64
002874 76
002845 66
002374 16
002434 16
001374 28
002490 7
000953 19
002638 46
001196 15
002574 70
002436 67
001575 14
002669 45
002754 160
001290 3
000129 71
002425 12
002867 31
001332 40
000161 19
000932 50
001389 50
002888 31
002085 3
001853 16
002335 3
001379 7
000421 46
002405 53
002480 66
000287 91
002432 3
001865 21
001041 77
000133 21
002787 14
001894 82
002565 120
001080 119
002994 40
002111 3
002390 82
000136 12
001214 53
002895 61
002721 17
000212 21
002296 115
002139 47
000275 40
002050 64
000089 44
000751 60
002293 157
000299 72
002950 53
000568 3
001627 49
000262 100
001729 25
002724 7
000316 50
002130 44
000104 50
001615 7
002024 161
001070 5
002584 50
000927 49
002369 31
002454 13
000366 25
002588 12
000529 68
000045 35
000309 54
001506 18
001551 31
000449 51
001375 3
000572 86
001135 110
001204 82
002263 20
001173 19
001319 54
000600 7
002148 94
001960 127
000834 47
000942 77
000063 105
001683 31
000987 102
002134 7
000333 92
002633 11
002264 77
001896 17
002236 3
001167 16
000630 1
001885 66
002539 40
002136 14
002708 104
002272 36
002415 50
000824 162
001223 13
002348 18
000461 76
001859 40
000160 16
000740 21
000008 6
002162 40
000372 11
002696 15
002080 20
000084 103
001873 15
002417 64
002907 54
001507 68
002817 118
000428 76
000290 92
002695 116
001554 12
000240 63
001944 7
001198 84
000770 42
001624 76
000402 16
001664 93
000155 46
000619 11
002571 94
001091 9
000296 40
000431 55
000280 74
002020 25
000582 102
002815 3
002933 12
002331 25
002595 25
002068 115
000719 21
001657 28
000723 51
002920 7
000596 150
000970 15
001600 33
000699 77
000977 36
001104 33
002717 67
001339 24
001817 14
000951 40
001212 20
001429 163
001670 32
000427 40
002908 20
000176 66
000080 11
000594 46
001348 92
001515 7
001546 35
002847 50
002150 60
000492 14
000989 13
001447 20
001975 40
000755 1
000825 103
000495 81
000800 20
001002 32
001626 164
000848 19
002060 50
002074 52
001468 16
001965 29
000888 16
002828 53
001712 14
002859 66
001789 74
002321 74
001079 38
002925 54
001886 77
001371 61
000140 112
002158 94
002285 15
001665 48
000410 67
000013 28
002199 16
000405 25
002740 11
001098 82
001220 3
002967 7
000793 25
002292 59
001842 6
000952 28
001910 3
001210 40
002893 15
000975 11
000475 9
001942 67
000216 40
002824 14
000501 53
002756 3
002064 18
000472 53
001584 164
002732 11
001635 1
000539 14
001979 99
001131 11
002492 141
000991 3
001305 7
002943 50
001009 99
002894 92
000875 105
000497 84
000312 71
000132 41
000252 14
001315 118
001519 76
001048 21
002168 40
000137 48
001752 13
000648 40
000595 40
002559 94
002339 120
000585 3
000811 25
001803 108
002412 14
002090 82
000279 14
000360 44
000030 77
002341 6
002122 122
002463 64
001732 50
001427 96
001264 165
000351 9
001430 42
002119 15
002483 19
002108 35
002098 46
000028 3
001878 67
000148 50
000660 166
002509 62
000022 20
000571 76
002017 59
000047 102
000752 14
000650 55
001887 107
002826 154
000869 22
002842 39
000891 53
001321 137
002356 23
001052 51
002381 28
000828 18
001022 167
002166 68
002598 7
002830 46
001663 31
000034 55
001844 64
001512 12
001417 3
002860 16
002209 46
001058 120
001520 45
000598 40
001011 3
000861 68
001642 145
000010 76
000091 3
001075 16
001985 25
000790 68
000263 55
000712 7
002305 50
002094 81
002864 21
000149 12
002653 14
001244 1
001415 75
002741 1
000079 168
002530 15
002212 5
002652 40
002892 75
000998 50
000036 53
002120 71
001413 145
000235 3
000350 16
000324 14
000003 126
001031 55
002368 3
002959 16
001756 20
002903 98
001477 7
001274 18
000816 11
001049 14
001241 64
001419 60
000939 58
000396 141
000782 169
002011 17
000863 71
001816 1
002430 20
002996 170
000504 58
002475 105
002639 46
000384 53
001750 164
000311 53
001619 45
002241 66
002031 7
001941 49
000905 53
000521 1
002153 116
001778 11
001691 35
001780 7
002350 39
001230 11
000760 49
001812 122
002674 105
001368 40
001734 64
000664 3
002607 55
002916 63
000743 63
002226 46
002808 59
002501 16
001513 86
000027 47
002586 53
001015 16
000967 6
001601 7
001973 7
000683 75
002579 145
000864 40
000992 7
000915 12
002084 1
002521 171
000186 115
001765 20
000923 46
000075 46
002224 16
002810 35
002752 75
000741 6
002334 78
002582 103
001744 11
000820 7
002192 45
001117 64
001710 70
000157 15
000832 122
001359 31
002528 135
000503 1
002611 62
002870 7
002984 76
002045 45
001981 53
002378 80
001057 50
001347 172
002958 44
000356 53
002360 86
002820 16
000724 173
001977 54
000245 92
001299 7
002722 49
000393 50
001747 45
002624 14
000086 7
000747 81
001181 60
002228 16
001316 50
002091 159
001102 16
000913 14
000963 82
000555 28
002347 24
002863 69
002834 23
000107 31
002008 6
000438 7
001801 96
000171 105
002656 110
001986 81
001372 78
002123 19
001677 66
001159 94
001128 7
002058 174
002370 7
002059 18
000827 7
002416 175
000285 103
002712 13
002726 18
002899 35
002591 28
001441 61
002188 20
002319 44
002570 28
002004 3
001251 126
001955 49
002154 45
001257 35
000056 68
000483 64
000044 120
001822 40
001544 62
000321 7
001342 67
002135 9
002971 32
001438 75
000238 154
001798 59
001810 116
001004 75
002803 176
002514 55
002290 25
001200 42
000301 45
000943 46
002265 110
001260 32
002294 51
000464 45
000006 42
000842 91
001869 58
000327 25
002282 77
002576 21
001465 143
000893 11
002062 68
000695 84
000388 39
000604 177
000843 16
000323 40
001868 53
002879 64
002275 11
002531 178
002468 99
002946 32
001281 95
000831 179
001905 137
000456 20
000308 180
002121 9
002051 3
001303 1
000329 181
002977 94
001705 19
001719 128
000480 27
002919 32
002510 51
000118 36
001972 40
001558 61
002734 31
001030 38
000467 46
002440 7
002249 76
002594 7
001970 76
001199 40
001357 40
001902 35
001976 125
000777 3
000569 5
001787 3
002636 64
002277 135
002941 46
001093 7
001258 53
001999 182
000085 14
001666 40
002685 3
000756 52
002144 88
002200 86
000512 40
002902 94
000732 16
002221 183
002320 67
000531 16
002345 163
000766 7
001480 163
002003 61
001362 14
002491 74
000375 120
001634 21
002784 105
001185 44
001715 68
002536 40
002081 14
001794 68
000239 94
000128 137
000355 11
000165 76
001511 40
002875 1
001320 28
002477 58
000473 92
001998 25
002481 15
002043 77
002408 119
002138 16
002411 14
000098 184
001840 11
001024 3
002015 54
002948 16
000450 25
000551 62
002694 174
000277 18
002267 16
000179 1
000434 31
001341 40
002852 104
001592 159
001644 134
001517 67
000742 64
000868 69
001770 13
000484 119
002022 156
002938 69
002324 70
002359 35
000781 132
000549 185
001964 31
002833 84
000783 98
001890 61
001008 137
002394 3
000674 186
002204 49
000687 21
000876 45
000459 187
001990 66
001911 2
001268 16
000753 3
000122 119
000700 3
002811 188
001445 138
001949 76
002233 15
002087 3
000032 25
002155 51
001751 38
002072 50
000070 9
002838 68
002647 40
001120 40
002813 94
001191 36
001532 7
002851 86
001243 19
000266 21
002421 157
001459 26
001913 18
000505 122
002325 35
000340 21
002604 50
002620 105
002234 52
000799 105
000931 47
002540 7
000745 17
000979 0
002424 40
000062 120
001776 154
001603 16
002927 69
002955 15
000142 108
002786 11
001568 39
000194 3
000647 53
002082 40
000361 58
002747 189
000058 23
000359 86
002672 25
001569 68
002117 25
002340 3
002095 11
000924 51
002042 13
000278 16
002201 55
002944 31
002273 3
000382 7
002193 71
001452 35
001391 135
001025 15
002442 21
001953 5
000067 132
001056 190
001740 58
002077 53
002343 63
000114 1
000246 76
001440 64
001023 47
000981 12
000412 58
002262 105
001063 126
000117 66
002890 12
002690 112
000248 40
000666 118
002651 81
000093 31
000115 94
001377 25
002303 127
000119 105
001982 3
002181 40
000163 7
000264 191
002978 59
001314 192
000247 13
002428 82
000776 40
000553 40
001114 45
002474 40
000581 92
000845 61
001461 12
002476 7
000652 18
001171 50
002942 14
002936 40
001369 50
000898 68
002921 59
000677 16
000015 46
000968 40
001107 82
000241 74
001255 25
002322 59
001937 44
000685 105
000169 35
001640 99
001134 7
002420 77
001879 24
001716 14
000272 14
001474 28
001254 16
001548 39
000215 91
002597 181
000345 28
000839 3
001616 46
002196 48
001836 33
000796 193
000413 50
001713 26
000343 75
000948 3
002222 40
001758 42
000378 9
001492 42
000739 1
002542 46
000053 73
000019 194
001310 31
002270 16
002451 7
000999 51
001390 61
000096 54
001500 7
002310 70
002555 84
000180 46
001599 183
000717 46
000185 59
000468 72
000904 40
002702 35
000072 92
002573 137
001899 14
002554 42
002395 31
002516 3
001208 9
002078 18
002866 53
001064 16
001529 82
002206 76
000659 19
002818 1
001839 14
002443 84
001077 31
000455 20
001384 67
002383 53
000403 16
000990 23
001446 54
001473 16
000678 69
001617 27
001252 93
001984 99
000823 55
000964 40
000836 7
001034 21
000175 191
000940 7
000692 116
000335 50
000874 16
002827 69
002056 195
000198 12
000297 44
002832 38
001531 118
001746 9
000123 12
000379 60
002581 28
002211 109
002173 137
002053 64
000916 59
001872 196
002742 49
000612 6
001772 45
002336 15
000957 40
001633 7
001888 7
002993 31
002661 50
000909 68
000507 41
000357 20
001424 11
002873 50
002401 31
001155 50
001723 64
002682 40
000668 14
000887 40
001285 55
000334 110
000154 61
001421 46
002550 55
001841 18
000722 18
000374 54
000313 3
001850 137
001623 45
000043 47
000972 35
002972 70
000523 40
000418 25
000763 77
000658 110
000705 126
000733 3
002499 48
002751 64
000945 31
002217 16
002801 51
002409 8
001807 91
001019 66
001470 15
000908 9
001694 51
000273 12
001494 28
000520 3
000815 14
000819 31
000735 3
001523 46
001639 7
002910 197
001701 145
001122 55
002177 35
001915 136
001884 16
002593 3
000380 50
002252 7
000344 55
002149 31
002145 58
002567 15
001943 35
001804 20
002823 102
002537 7
001262 31
002013 6
001425 49
001595 28
000233 198
000795 51
001707 25
002904 13
001821 21
002563 145
002406 3
002560 70
000113 91
001000 12
002266 55
001583 50
002548 53
002970 105
000226 46
001043 42
001193 42
001450 45
002446 91
001764 11
001667 68
002589 58
002377 130
000849 7
000622 48
002142 63
000214 20
000771 110
000338 3
000804 45
002261 51
001183 7
001169 40
000037 38
000106 62
000363 28
000851 199
001741 46
002414 59
000857 46
001466 40
000566 7
000250 46
002525 3
001475 16
002503 94
000318 94
001201 28
001108 55
002279 17
000653 122
000071 200
001668 16
002659 63
001175 118
001089 77
002957 51
000411 125
002883 77
002387 201
001026 46
002092 50
000540 54
000602 84
001333 50
002843 18
001435 91
002220 6
002466 143
002762 25
000838 16
002736 94
001628 90
000807 44
000883 84
001485 66
000638 202
000424 31
000728 16
001997 15
000377 25
000525 16
002487 122
002524 94
000151 68
001581 50
001950 93
001775 105
000627 137
002850 59
001846 1
000144 45
000718 53
002575 76
002632 1
000567 72
001881 40
002489 11
001156 16
002223 53
001432 31
002760 52
002172 51
002187 86
000880 118
001076 203
000625 93
002935 96
002976 32
001367 53
002231 51
000618 31
001325 7
001983 14
000691 199
002835 7
002289 204
001690 14
001351 205
002844 16
002507 26
002730 67
001831 55
001687 1
001693 26
000466 3
001188 139
001192 13
000146 35
002255 46
000325 15
002706 61
001763 12
000707 110
000715 21
001835 59
002884 9
001112 33
002128 103
000902 40
000688 28
002215 77
001631 197
002278 40
002500 60
001940 82
001825 61
000101 45
000291 120
002493 55
000879 49
001456 16
000392 156
000087 150
002284 105
002715 42
001276 40
001524 5
000476 28
001695 51
001296 66
002093 21
001138 49
002073 3
001236 39
000833 63
000592 110
002979 76
001621 40
001636 40
000110 190
001161 14
000223 3
001053 3
001312 86
002771 20
002104 46
002981 128
000254 93
001073 5
001620 159
001493 91
002691 14
000546 11
002526 156
000950 64
001572 157
000844 30
000064 21
000414 64
002433 21
000885 150
000452 32
001259 3
000657 21
001880 7
001582 0
001487 16
001486 68
001328 3
002418 3
002738 92
002268 3
000078 66
002070 94
002809 105
000870 14
002469 77
002248 27
000451 55
001020 206
001561 116
001980 46
000697 51
001742 207
000812 91
002973 16
000911 3
001522 30
001050 35
000506 46
000406 33
002366 118
000184 208
001877 42
001718 118
000610 189
002675 52
002034 7
002534 53
002327 94
001969 12
002679 14
000021 15
002219 82
001426 66
001591 7
002225 66
000328 69
002755 94
002519 3
001875 12
002538 14
002975 35
000267 209
001891 1
002664 49
001757 110
002179 16
000866 20
002945 93
002886 47
000490 55
000607 25
002465 93
001739 54
000153 7
000890 46
002939 3
002328 92
000270 76
000097 42
002259 45
002618 71
000965 108
001800 40
000872 48
001573 40
000533 98
001068 210
001100 53
002761 40
002126 23
002312 30
000716 120
002198 51
002949 95
001539 49
002954 46
000470 16
000565 16
001799 46
000462 15
001278 66
001796 11
001870 3
001394 6
001346 16
000696 20
001176 43
001753 59
000929 128
001215 36
002635 84
001373 77
000244 31
002800 59
001680 46
001313 19
000649 50
002644 71
000314 3
000156 21
001304 71
001151 49
001802 184
001047 3
001641 46
001307 136
001928 50
001496 59
000026 94
002245 55
000016 26
001322 15
000884 54
002670 38
001361 1
001845 14
001613 58
000498 14
002841 59
000516 68
002968 60
001479 3
001412 50
001096 120
000543 47
002505 13
000634 7
000432 77
002676 51
000729 19
001289 77
002258 11
000317 1
001921 120
002562 32
001338 63
002878 12
000320 78
001032 16
002026 6
002190 3
001111 86
001889 35
001528 6
000754 16
002629 3
000563 50
002447 181
000669 164
000253 27
002956 49
002517 120
002963 30
000358 82
001279 156
001301 91
001203 59
002557 68
002798 120
000130 82
000145 21
000961 28
002896 71
002764 7
000906 31
001097 63
000236 54
001062 76
