0 30.44739603996277
001284 0
000251 0
002154 1
002787 2
000633 3
000071 1
000022 4
000415 5
000587 6
000604 4
002172 4
002800 7
002664 0
001733 8
002050 9
001728 0
001637 10
002287 11
001493 0
002617 12
002702 13
002406 14
001229 15
001008 0
000165 0
002088 10
002930 16
000904 16
000655 8
002361 11
000203 11
002160 8
002398 17
002925 18
001918 11
000911 19
002231 20
000550 15
002370 21
000696 22
001042 23
002439 20
000895 20
001958 20
002506 24
002625 25
001983 2
000031 26
000881 27
000545 28
001327 29
001850 30
002319 31
001573 32
002431 11
000313 33
002699 11
001440 34
000446 35
000892 36
000923 37
000533 38
000088 8
002891 39
001923 40
000058 41
002612 20
002135 42
000896 43
001106 8
000764 44
001978 45
001375 14
002041 11
002219 11
001784 11
000155 37
002166 8
000806 46
002020 8
002392 8
002964 47
000247 15
000348 48
002754 49
001195 8
000530 20
002043 0
001112 50
002956 0
001686 8
002932 51
001777 52
001036 53
002193 54
000686 20
000803 45
000070 55
001254 56
002656 45
001734 57
002627 17
002606 16
002203 16
001702 17
001391 16
001507 8
000934 21
002942 2
001395 16
001037 54
002638 20
000267 54
001550 58
001623 1
001172 20
000372 59
002679 2
000440 60
000333 23
002031 47
002239 54
001219 45
001362 2
000378 55
002870 20
001418 1
000903 61
001722 62
002826 63
002586 23
002110 23
002107 2
000559 54
001076 64
000967 45
001869 0
001700 17
001043 17
001523 37
002234 23
002532 8
000825 65
002715 17
002127 22
000176 66
002615 11
000411 54
001071 3
000210 54
000399 16
000237 0
002500 67
000227 16
000618 16
001861 1
000004 37
002779 19
001731 0
001494 19
001631 19
002998 68
002731 69
001238 70
001587 8
001999 71
002823 8
001815 58
002993 19
000026 23
002653 72
002747 19
002015 73
001997 20
001288 9
000161 9
000838 17
000935 10
001056 19
002526 11
002313 40
001941 16
001401 43
001090 45
001893 74
000959 47
002705 75
000270 76
002673 45
001577 19
000023 4
001651 65
001837 69
002839 23
000211 46
001509 16
001142 75
002557 8
000473 23
001012 55
001274 43
000329 77
000323 32
002278 78
002764 47
001953 43
000073 17
001412 46
000470 17
002343 79
001293 9
001835 7
000839 80
001917 20
001854 19
000274 26
000007 40
002602 16
002039 17
002531 81
002858 40
001208 42
002033 23
000001 8
001033 8
000318 23
000829 23
002423 46
002282 0
002260 40
001264 82
001536 17
002805 83
002293 8
002655 69
001066 1
001342 77
001657 84
000444 37
002539 78
002126 36
002856 1
001931 85
001618 36
002692 9
002776 20
002851 0
002760 23
001701 0
000405 8
002817 20
001413 86
000564 87
001799 67
000752 2
001991 0
001723 34
001533 39
002959 56
001223 15
000121 44
001818 79
002984 0
000410 35
001424 69
001905 29
000209 40
002367 32
001895 22
000127 0
001171 39
002036 17
000472 34
001502 45
001755 47
001053 8
001218 32
002003 44
002311 8
001234 67
000786 0
000125 8
000217 19
002366 85
000167 23
000482 32
000229 17
002468 9
000347 2
000899 79
002595 88
000335 89
001598 31
001610 34
000661 26
000351 79
000319 21
001460 80
000627 29
001353 90
000087 0
001825 44
000390 91
000558 3
001495 37
000393 46
000460 0
002970 31
001323 31
002774 67
000731 10
000629 92
000500 37
002894 93
002196 42
002222 32
000124 2
001120 32
000824 37
001875 39
000389 8
002383 79
001870 8
002986 94
002910 1
001740 66
000900 35
000598 32
000631 29
002212 43
002918 32
002396 23
001350 88
002448 20
001476 78
001911 34
001912 15
001714 75
000563 46
000593 45
001860 34
000371 84
001612 84
002099 0
002660 37
001877 17
000066 55
002997 2
000637 21
001948 79
000912 78
002553 45
000006 95
000720 66
002859 3
000404 0
000112 96
001454 0
002144 15
001894 97
002597 77
001245 98
001168 19
000042 69
001797 32
002306 84
000302 39
001108 85
000423 54
002832 19
002820 17
001575 2
002163 66
001441 99
000212 87
002574 100
000158 85
000157 31
001990 66
000605 17
001123 66
002603 84
000933 43
000104 46
000871 66
001094 12
000455 22
000241 101
002599 0
001184 0
000891 23
000141 37
000653 15
000698 20
002480 3
001664 31
002021 102
002739 17
002257 103
000769 2
002326 37
001481 31
002834 36
000719 87
002441 15
000340 66
000878 2
002102 40
002117 17
000195 21
001553 80
001696 21
000809 54
001232 26
001751 22
001708 37
001836 50
001736 7
002388 46
002018 21
001041 31
000035 16
002735 71
001524 43
000271 71
002089 37
002195 17
001445 23
000193 32
001647 79
001265 21
001345 65
002534 79
000331 17
002513 104
001883 30
002862 8
001048 87
001434 35
002385 2
000326 17
002630 17
002065 17
002403 7
002713 40
000438 2
001282 105
000541 39
000132 74
001052 47
002804 74
001903 32
001211 80
001928 46
002341 45
000884 18
002730 35
000060 66
000363 84
002825 17
002605 19
002880 71
002681 50
002752 69
002434 17
001200 19
002585 3
000552 10
000980 2
000670 46
000978 1
000184 74
002704 21
000294 23
001962 35
000537 8
001661 31
002507 106
001361 10
002892 69
002476 21
002689 0
002662 35
001060 97
001417 8
000304 65
001169 32
002499 8
001833 46
001272 54
001562 23
002288 66
001126 66
000392 50
000842 0
002720 107
001157 4
000039 87
000943 37
000362 98
000357 22
000092 20
001110 8
002626 67
002286 108
000074 70
000230 7
001746 42
001512 75
000459 43
001496 7
001009 9
002355 67
000083 9
001280 91
001829 37
000273 75
002177 13
001089 0
000693 80
002651 57
000913 2
000447 85
002616 17
002238 57
001049 2
002489 69
001564 31
000603 69
002017 40
001463 20
000730 63
001491 32
001742 54
002247 23
002229 90
002967 21
002822 2
000853 78
000449 47
000213 21
000893 69
002280 40
001488 2
000585 20
001547 100
000725 8
001846 10
002726 43
000857 37
002957 47
002846 22
001545 71
001517 35
000441 47
002297 98
002636 9
001133 8
001839 2
002634 37
000408 96
002740 69
000889 62
001244 10
001383 56
002295 25
002245 45
000973 62
001753 7
002444 109
000286 39
001366 20
000662 66
001116 67
002931 87
001819 8
000750 7
002360 11
001204 110
002806 20
000350 17
002687 13
000915 75
001851 39
002194 85
001489 8
001289 0
001369 46
002818 10
001785 19
001886 50
002503 23
001866 70
002073 8
001304 8
001832 111
000320 74
000516 96
001786 46
000511 69
000801 9
001889 104
002429 45
002106 45
002113 2
001128 47
002038 88
001688 74
001765 22
000356 79
001083 80
000051 0
002052 101
002426 17
000063 98
001707 88
000939 0
001916 16
002318 79
002901 56
002915 9
001585 47
000616 2
002773 37
001156 17
000413 85
001359 19
001938 66
000962 7
002483 9
001845 2
000591 0
002729 17
001660 79
000084 65
000742 34
001798 7
001407 20
001635 10
002150 112
001580 54
000401 2
001205 45
002243 20
000614 31
002246 17
001235 11
001166 32
001201 84
001949 76
000246 76
000223 113
000612 45
002394 14
000375 34
002010 46
001137 100
001260 114
001315 20
001546 104
001261 106
001405 44
001387 23
002206 54
002830 37
001433 32
002941 37
001028 115
001404 0
000968 78
002946 90
001131 69
002365 2
000782 8
000823 45
000606 23
000491 97
000290 23
000465 47
001436 8
000567 0
002598 21
000694 10
001741 57
002837 69
002669 1
001329 98
002527 3
002963 26
001697 43
001670 39
002498 79
001676 22
002129 21
000909 116
000851 117
001946 118
001548 119
001027 1
001044 66
002165 78
002641 9
000555 84
001924 57
000638 8
001348 23
000815 2
002422 8
001062 76
002035 90
002719 4
000916 7
001121 0
001511 32
002440 21
002055 85
002076 32
002809 8
001853 17
000082 66
002104 67
001644 1
000650 85
001792 17
000494 45
001543 22
001943 104
000107 19
002835 21
002494 15
001456 120
002686 0
001560 80
001730 1
002517 50
002953 86
002122 121
001370 86
001015 17
002905 86
002216 2
000169 63
001602 31
000059 32
000464 9
000257 122
001687 10
000342 8
001070 43
001045 12
001653 5
002461 37
000291 123
001955 16
001098 79
001672 36
001010 69
000992 21
001093 2
000589 67
000029 124
002909 37
002333 10
000601 8
002074 125
001478 54
002095 69
001622 54
002501 16
000582 25
000394 39
000710 13
001114 1
000766 21
002582 65
000632 126
002386 88
000689 35
001001 21
002100 127
001100 79
000379 67
002690 104
000998 46
000113 62
001236 19
001158 7
002425 26
002022 50
000301 1
001504 96
002197 54
002181 78
001438 69
001749 76
002871 128
002763 73
000868 129
001032 5
002145 47
001421 67
001611 1
002470 21
000457 66
002124 47
001640 9
002814 7
002680 130
001029 4
000574 17
000877 17
000672 8
000216 32
000129 54
001867 67
000028 8
000529 96
000196 88
002668 15
000793 8
000981 23
002899 13
000974 8
001711 21
001516 32
002316 67
000569 43
001831 45
001505 8
001972 32
000109 87
001182 21
000738 46
002945 31
001183 21
002133 8
000222 19
001312 0
001399 23
000854 8
000205 11
000461 76
000821 17
000489 16
002469 0
000180 37
001993 10
002968 67
002515 26
002742 16
000483 57
000902 131
002633 69
000150 1
001178 46
001569 96
001501 46
000487 45
000641 13
000299 11
000751 67
001994 63
002202 79
000374 73
002000 8
002005 37
001666 91
000508 37
000765 19
000426 98
002694 104
002666 22
002570 84
001756 22
000687 87
002536 32
002572 9
002778 47
000886 2
000032 88
001228 104
001349 11
001393 8
002950 43
002518 32
001301 0
000265 15
000240 79
001403 23
001175 20
000185 7
001193 17
001744 69
002332 21
001544 34
002928 63
000578 45
002192 16
000425 2
000846 85
002544 84
001047 8
000288 12
001318 9
002312 26
000199 34
001278 25
001084 67
002590 32
002952 46
001103 125
000701 46
001684 19
000534 98
000479 86
002843 106
001202 39
000941 2
001758 17
002879 9
001170 104
001827 87
001704 58
001636 32
000917 88
002948 34
001605 23
001820 132
000592 45
002716 45
000098 46
000358 97
001992 79
001124 67
002768 34
002807 7
001748 20
002130 31
000062 80
002188 22
002136 2
001712 2
002325 104
001039 23
002377 103
002667 31
002594 2
001709 97
001757 45
001038 34
001490 38
002707 120
002419 2
002762 54
001338 98
002372 133
000233 117
000681 0
001213 17
002236 80
000312 54
001655 4
002492 11
002881 71
002794 134
002589 66
000512 32
002917 8
000518 123
002723 1
000647 79
000380 46
000690 63
000198 26
001021 19
002810 104
002404 90
000726 67
002545 66
000264 135
001600 15
000664 58
002861 97
002886 12
002368 8
002614 16
000950 23
001344 23
001189 39
000514 22
001500 21
001313 9
002577 23
000017 54
002211 66
001624 76
001913 43
000918 47
002845 25
001639 21
000714 136
002019 54
001822 32
001675 31
001782 7
002876 73
001406 32
001678 84
002187 137
002427 2
000908 79
000929 8
001073 102
000572 137
002002 19
000407 125
000171 98
002363 0
002537 21
002012 19
002639 37
002473 8
000442 7
000982 45
001599 61
001503 85
001781 30
002320 35
000282 21
001656 74
000101 9
002712 15
001973 20
002765 17
000409 62
002153 67
000403 16
000994 67
001880 21
000044 123
002954 37
000140 32
001649 9
000249 32
002604 46
002391 17
002371 2
002994 32
002240 138
001603 34
000771 45
000562 79
001410 30
001724 67
001876 69
000519 17
000012 43
002863 47
001058 75
001457 2
000041 74
000284 84
001188 139
000709 33
001371 44
001118 47
000760 0
001530 57
000206 104
002230 31
002263 140
002688 8
000027 12
001589 32
000816 75
000086 47
002463 23
001508 43
002299 34
001294 46
000080 75
000876 1
000148 46
002259 1
001929 74
001477 47
000528 23
002635 141
001458 104
001773 0
000566 21
001214 79
001088 3
000311 142
002227 26
000382 21
002961 88
002875 10
002405 79
001302 98
000597 34
001086 12
000493 34
000579 123
001162 143
001778 69
002495 5
002543 47
002183 0
002152 75
002558 69
002663 32
001607 8
002097 84
002471 96
002508 11
001425 0
001803 19
002191 14
001209 79
002848 2
002487 121
002186 46
000921 91
001298 144
001968 104
001532 21
001694 54
001207 61
000434 67
002446 145
002484 7
002291 4
001671 37
000983 63
002576 87
001061 146
001729 17
001904 147
001225 79
002645 66
000207 80
002262 0
001770 15
000749 98
002091 71
000949 43
000928 74
001568 54
001594 47
002618 54
001800 32
000021 20
000869 45
002714 29
000122 3
000635 73
000200 8
002643 8
000704 21
001681 9
001673 78
000745 17
001574 5
000037 19
000305 9
001050 104
000522 97
000019 148
000665 7
001380 10
001590 45
001332 32
000047 97
001164 73
001146 104
002013 149
002672 17
002642 42
000486 10
002342 34
002315 43
002900 0
002436 35
000523 32
002709 67
001095 34
002200 19
002923 111
002032 45
002897 25
001199 32
002132 150
002504 32
001198 20
001947 37
002782 17
002382 111
002784 0
001848 69
000505 151
002030 8
002237 21
001224 85
002644 54
000543 12
002732 69
002867 152
000538 69
002086 63
002579 86
001556 69
000753 8
000244 74
002250 20
002540 21
002161 65
002120 54
001960 104
002884 55
001669 0
000289 45
000894 15
002916 153
002045 9
000003 154
002083 46
000568 80
001068 155
000400 88
000181 75
000147 86
000630 10
000761 2
000402 16
000414 34
001105 1
000860 21
000607 88
000173 13
000668 2
002054 32
000228 69
002119 16
000476 90
001513 137
000488 8
002028 8
000643 45
000576 79
002793 8
001970 76
002940 69
001005 19
000204 31
000412 66
000259 31
002803 156
001626 130
000792 19
000531 34
002607 85
002514 45
002430 20
001801 63
002524 23
000966 6
002340 8
000834 12
002960 0
001586 157
000551 9
002279 5
001578 46
001337 43
002693 31
002460 158
000804 1
001727 159
001987 74
002115 0
000388 19
001932 21
001396 9
001390 67
002696 20
002827 47
002384 160
002140 46
002433 87
002677 67
002285 20
002408 161
001352 37
001368 32
000703 31
001297 3
000780 8
000676 31
000422 31
002255 57
002467 69
002632 10
002014 8
000611 124
000038 45
000475 79
002684 162
002151 54
001465 75
001921 80
001885 3
000634 47
000145 87
002718 98
002850 7
002401 75
001844 34
000383 46
001074 63
002989 74
002992 23
001140 16
001809 37
002414 7
002592 2
001151 0
000770 17
000298 20
002588 75
001259 8
001442 96
001134 21
000005 67
002972 39
001840 69
001180 137
001143 44
000102 19
002047 11
001092 8
000610 19
001461 39
001310 19
001155 46
000732 5
001374 84
000735 8
002011 17
000468 96
001381 17
001016 19
001628 47
001080 161
001735 45
001111 137
002077 79
002199 17
002802 35
000671 32
002511 125
001222 16
001606 2
001959 47
001780 21
000757 56
000702 16
000285 65
000116 67
002549 2
002796 120
002700 63
002380 25
001497 8
000266 87
001910 67
000194 14
002317 16
002442 67
000783 38
001127 88
002300 32
000734 39
002977 23
000712 21
000947 69
002044 46
000812 0
000628 9
002828 76
002379 35
000123 75
002458 21
002252 21
002218 31
002628 7
001411 74
001645 62
001621 32
001957 150
000106 100
000182 152
002009 32
000875 153
001256 88
002738 93
001283 2
001378 150
000867 45
001549 22
002849 2
002336 20
000907 86
001415 69
000680 40
002491 101
001154 47
000960 47
002710 87
002745 87
002609 67
002182 32
002852 163
000964 32
002265 45
000272 2
000100 86
000170 34
001692 6
002331 54
001054 67
001328 8
000669 130
000510 16
002349 69
000248 32
000746 8
000700 125
000428 54
001814 0
000154 44
002114 22
002004 14
000011 164
002991 37
000826 23
001364 25
000808 23
000977 132
001775 98
000341 44
002920 21
000830 36
002142 153
002094 165
002411 2
000963 97
001258 142
000844 26
002424 32
000421 37
000499 69
000417 32
000621 67
002174 30
001808 39
000361 47
001014 16
002008 45
001522 26
002410 14
002345 96
000469 23
001539 16
000138 39
002551 7
001466 32
002271 80
000841 44
001699 43
001075 17
001541 93
000692 67
002346 96
001291 166
001492 17
000225 100
002659 153
002376 14
002975 104
001459 71
000996 66
002759 167
001891 98
001658 69
002053 34
000081 23
001176 46
000034 85
001356 15
001064 17
001241 34
002264 31
001616 37
001000 75
001864 32
001971 2
000805 115
000135 91
000325 161
002621 21
000880 20
000914 43
001113 43
002583 47
001408 20
002792 57
001453 21
002847 46
002190 58
001648 2
002416 78
001346 17
000864 32
000024 87
000149 23
001646 71
001892 1
002969 97
001416 66
002170 161
000931 12
002146 5
000280 168
002833 20
000077 153
001358 97
002646 17
002555 67
002640 69
002108 13
002103 21
001732 46
002321 168
000547 14
002063 7
000501 142
002587 1
002096 34
000506 37
002750 71
002281 54
002270 17
002435 0
001737 54
000958 24
002400 84
000166 54
001450 1
000202 34
001796 98
000239 23
001051 23
000986 120
000553 32
002217 5
002454 15
002159 37
001979 9
000990 36
002907 45
001196 37
001281 2
001400 2
000624 145
000049 79
001788 37
002464 31
002983 39
002829 169
002703 8
002573 30
000115 23
001768 20
001379 47
000791 20
002874 76
001935 153
000897 20
001097 45
002328 23
001194 170
000221 17
000515 37
000151 96
001432 19
000716 34
001484 74
002815 8
001129 0
001967 19
001779 4
001096 34
000954 43
000863 54
001747 1
002860 17
002387 171
001898 54
000189 84
001738 21
000924 4
001776 172
002903 38
002213 4
002727 39
001055 57
002701 38
002831 54
001956 12
000269 173
000309 73
002164 37
001942 35
002751 34
001243 9
001925 16
002116 126
001091 55
000822 57
002913 76
000108 87
002350 19
002955 20
001414 74
001257 13
002292 7
001365 174
002761 32
000458 54
001276 32
000759 97
000707 45
002743 75
001295 84
000093 19
000817 46
002872 14
000856 8
000870 2
001026 37
000143 50
002066 175
001483 176
001474 84
000163 21
002344 73
000862 2
002407 98
000617 18
001674 22
001428 10
002134 47
001451 37
001945 34
001810 67
000571 76
000711 32
002248 46
000932 46
000328 134
002926 73
000580 34
001402 36
001579 49
000858 32
001534 17
000926 142
002728 96
001002 114
000952 84
002554 128
000245 93
000322 161
000788 34
000855 46
001807 62
002824 2
001132 46
001452 13
002081 2
002415 46
002842 74
001125 31
000882 177
002882 12
001212 22
001632 54
001817 2
001031 85
002472 16
000885 0
001319 73
002873 46
000520 80
000057 66
001152 23
000845 115
002505 15
001914 25
000772 37
000256 88
001354 96
000236 73
002571 23
001841 43
002665 69
000344 85
000339 137
000697 4
000991 8
001429 20
002329 20
002148 23
000316 46
001976 104
001145 21
001326 19
000208 114
001443 9
002902 23
001067 54
000594 37
001652 8
000657 87
001382 20
001035 17
001554 23
002973 178
002373 78
002001 75
002118 63
000906 19
000797 11
001944 47
000179 10
001007 44
000536 22
001444 21
000609 16
001791 17
000002 0
000336 8
002352 73
002046 32
001641 37
001772 1
001423 50
001197 34
000649 46
000560 8
002497 179
001003 34
001920 73
000188 46
002836 98
000232 16
001311 26
002438 37
001613 16
000775 46
001273 32
000800 22
002215 0
002337 8
001625 80
000756 23
001717 104
002176 50
001250 26
000615 113
002189 79
002671 87
002251 31
001902 8
000387 5
000187 0
001834 32
002854 47
001339 91
001514 47
002877 35
000262 0
001680 37
000905 142
002254 23
000253 46
002253 37
001659 70
000679 8
000075 37
000599 79
001726 8
000317 10
000938 73
001469 9
001455 20
001148 88
001980 67
001307 111
002048 67
002080 22
002037 69
002978 70
002173 30
000636 37
001117 103
001268 56
001286 125
001473 5
002658 98
002034 21
001210 32
002528 16
000744 7
002623 37
000287 145
000956 47
000153 47
002995 2
002168 32
000762 161
000478 0
000985 21
002056 180
001812 147
000263 45
001082 161
000430 76
000250 37
002958 31
002801 47
000020 1
002510 47
002786 98
000659 9
002965 36
002040 98
000807 31
001510 163
002301 17
000922 19
000819 19
002652 32
000343 162
000354 23
000521 100
002866 79
000016 71
003000 179
000843 97
000565 17
002175 80
002982 17
000052 73
002381 84
002068 91
002819 22
002697 3
001595 90
001906 46
000395 19
002087 8
000832 147
000448 17
001324 3
000972 13
002201 85
002521 34
001856 4
000043 12
002777 7
001388 45
002736 23
001384 35
001377 17
002520 153
000431 85
000076 150
001252 31
000639 80
002420 0
001922 67
000156 87
001873 20
001177 54
000353 54
002581 84
002698 96
001372 181
001868 79
002542 37
000695 144
002981 109
000814 84
001498 125
002277 16
001794 96
000120 9
002650 74
001939 16
000159 26
000747 34
000190 100
002339 123
002298 8
000957 32
000852 9
002338 2
002734 19
002565 80
002121 55
001226 70
002314 43
002566 74
001843 9
002158 23
001915 111
000065 71
000850 91
002180 20
002893 31
001802 46
002207 73
000741 45
002753 0
000524 0
000955 1
002675 125
002224 17
001617 46
001215 40
002450 0
002139 12
001419 67
001385 20
002242 20
000887 32
001331 46
000840 18
001239 65
001821 66
002885 31
000588 5
000064 40
000297 31
002235 88
002939 8
001099 70
002721 125
001122 45
001308 31
000678 91
001022 44
001321 182
002798 80
002691 2
000451 45
000811 88
002268 25
002156 106
000443 21
001555 37
000164 4
001563 16
002308 8
001771 34
002591 84
001422 23
002208 120
001761 17
002412 2
001220 8
002409 25
001072 39
002445 93
000133 66
001572 8
002799 87
001609 54
001355 2
000144 9
001163 40
002223 142
002840 69
000303 34
002601 97
002812 8
000381 154
002481 20
000802 0
000315 37
002811 39
000360 31
001537 20
000255 46
002079 34
000847 20
000721 98
001279 50
000920 88
002564 23
000613 17
001018 85
002209 9
001638 67
001691 13
001754 160
000688 84
000008 45
000584 22
001878 35
000117 167
002304 14
001334 137
002795 46
000979 126
001571 101
000961 84
001263 8
000872 130
000079 183
001764 69
002575 76
001389 46
001141 0
000324 2
001683 19
001464 22
000549 66
000925 88
000174 10
000548 21
000736 45
001583 46
002951 147
000437 79
002767 56
002541 19
001690 2
002138 17
002889 17
001248 62
000238 63
002756 58
000748 47
000096 45
002522 22
000046 69
000728 17
002725 46
002007 19
002919 90
000898 96
000953 9
000818 97
000191 16
001752 15
001019 66
001705 9
001940 97
002273 67
001437 21
000763 0
000503 10
002455 22
000586 66
002757 85
002682 32
000424 19
002058 108
002934 47
002171 88
002649 130
002353 84
001267 85
002908 33
002006 69
002769 66
001475 17
001871 184
000540 73
001285 45
000946 31
000575 2
000119 153
000787 106
001227 31
002789 67
000110 19
002477 47
000784 66
001952 8
002578 185
002717 35
001119 57
002258 69
000215 0
000779 87
001551 19
000310 186
001161 2
002533 15
000219 88
000429 73
002622 35
000713 187
002141 160
002284 98
000009 46
002906 17
001662 66
001221 145
002179 17
000596 39
002857 125
001472 19
002296 91
002226 37
000517 7
001588 188
002016 120
002449 20
001663 19
001874 78
001217 44
001806 2
001333 46
000675 98
000820 2
000432 0
002746 17
001069 67
001774 70
000314 8
002303 189
002737 20
000061 190
001963 21
000683 69
001908 32
002766 84
001153 20
000890 37
000945 191
002057 79
001336 2
001862 44
000645 40
001887 83
000527 192
000507 74
001231 67
002927 47
000717 37
002024 25
001842 45
001017 34
001969 39
000055 79
000050 8
000767 174
002475 98
002157 20
000810 17
002071 36
000377 88
000737 193
002580 17
000595 32
000349 19
000094 67
001249 8
002788 12
002883 0
002567 20
002375 31
002509 9
001682 19
002962 19
000136 75
002465 31
000936 2
001715 61
002988 67
000778 31
001135 45
001679 20
001665 8
000708 135
000561 22
000654 76
001271 20
002808 7
000418 88
001879 32
000987 25
002538 2
000131 25
000848 9
001150 8
000025 66
001805 59
001890 40
001528 1
002204 0
002276 54
001023 97
000873 57
001567 9
000226 37
002023 76
001470 20
001462 8
001057 46
002432 8
002670 19
002228 17
000948 14
001909 84
002059 43
000355 69
000068 16
001698 32
000722 43
000146 8
000416 104
001531 20
002949 2
000172 20
000727 21
001896 5
000056 96
000139 153
002244 39
000450 88
001998 8
000989 15
000970 20
000137 8
001897 69
000175 135
001966 125
000386 11
001725 86
002741 10
000445 39
001102 17
002781 10
001828 67
002922 32
001884 17
001290 8
001582 126
000090 67
002451 47
001306 54
002101 8
002049 40
002178 43
001030 22
001330 189
000040 0
001013 11
000944 21
000666 20
002327 23
000453 7
000781 100
002987 98
001149 21
000178 84
002185 23
000337 16
001919 88
002167 34
002979 76
001557 23
002890 75
001601 20
001642 86
000352 194
000625 31
002241 3
002519 57
002478 23
001552 88
002184 47
002561 85
002090 97
000724 67
000699 31
000359 137
002868 22
001322 93
001614 67
002980 23
002563 86
001526 67
000619 69
000466 8
001435 62
002733 96
001420 35
002496 17
001703 88
002128 65
001988 123
000492 2
002869 98
001766 40
002474 32
002459 16
001789 101
002938 2
001482 147
002657 11
001136 22
001936 20
002378 43
001581 46
000480 46
002266 85
000103 46
001479 8
000743 67
002775 2
000054 69
000988 57
002619 46
000069 85
000718 79
001101 23
000334 45
002417 23
001392 96
001240 45
000785 75
001174 7
001159 23
001316 46
001138 0
000128 29
001584 106
001975 32
001262 19
002695 67
001107 110
000951 32
002123 9
001130 12
002898 98
001559 37
000462 20
000640 88
000758 8
002637 0
000930 114
000231 39
001320 84
000556 79
000544 67
002547 17
002488 74
002399 9
002486 2
000099 20
001431 98
001251 154
001888 47
001900 43
001006 69
001471 153
002061 66
002310 39
000295 96
002402 37
002674 80
002790 2
002354 17
000160 17
001237 87
000651 17
000910 23
002816 0
002620 80
001558 179
000321 21
000015 37
000976 54
002456 142
001447 22
000463 22
002944 8
001693 71
001720 43
000644 63
000620 63
000652 43
000254 31
001882 20
000874 17
000467 37
000754 16
002611 195
000942 0
000883 20
000292 69
000234 13
002943 46
001305 21
001767 196
001519 76
002272 40
002841 7
002098 37
002418 8
002026 66
001486 96
001242 20
000535 71
000526 17
001426 25
001081 13
002685 8
000590 79
000674 39
002678 1
002155 47
001347 47
001376 79
000836 20
000252 2
000667 87
002210 17
001872 18
000391 34
001468 5
002548 79
001363 14
000795 47
001985 88
001934 7
002105 67
000682 62
001206 87
001078 2
002895 44
002395 74
000152 17
001525 87
002771 22
000828 71
001255 17
000525 17
001266 17
002070 23
000406 15
000258 22
002838 96
002437 39
000186 85
002092 46
000474 39
000813 40
002389 137
001167 56
000365 76
002936 32
001859 32
001351 75
002364 197
000330 15
000513 22
000663 78
000346 67
001604 53
000833 153
000684 73
002629 80
001677 25
002947 37
000773 45
000067 100
001951 161
002706 67
001716 2
002421 150
000235 1
000646 21
002466 70
002348 43
001667 96
001823 22
002078 43
001139 88
000542 20
001314 71
002896 54
000201 198
001964 74
001296 3
002362 84
000307 44
001309 79
000130 199
000396 75
002864 87
001930 98
000327 17
000192 15
000723 4
001855 45
000308 164
001065 18
001398 11
000496 44
000385 74
000583 32
000398 17
002933 75
001630 79
000162 31
001335 102
002724 21
001104 50
000937 17
001040 69
001367 79
001275 16
002749 35
001927 37
001950 31
002069 91
000570 5
001160 153
001561 71
001592 71
001881 32
002530 20
002082 16
000048 35
000030 8
001596 46
001926 69
000502 7
001847 22
002502 23
002755 23
001186 20
001269 74
002559 23
001857 7
001863 95
001795 76
002648 16
002550 85
000433 36
002302 46
000997 80
002855 17
002791 20
000367 104
001077 19
001079 22
000261 73
002347 91
000557 50
002067 8
000573 19
002912 21
002274 17
000600 21
002661 46
002042 15
000420 87
002137 17
001303 17
001247 65
001233 46
001449 11
002267 17
002356 36
002205 20
001813 10
002220 45
001467 45
000276 63
000706 20
002335 107
000454 97
000114 70
000072 23
002029 17
002131 44
002935 36
002064 43
001826 87
002584 46
002290 88
000919 95
000452 31
002624 2
002453 96
001515 21
002393 22
001566 1
000740 87
002413 46
001654 65
000105 32
001858 91
002821 32
002887 87
002722 0
000242 2
002479 44
001989 15
001570 76
001620 71
000097 95
002516 8
001191 40
000085 2
001719 109
000010 76
000879 0
001340 85
000774 67
001386 200
000277 43
001409 17
001593 46
001373 65
000089 31
000091 86
000281 74
001907 46
001485 3
001824 8
001325 47
001427 55
000993 46
000366 88
002072 46
000677 17
002027 79
000999 54
001190 47
002359 13
001760 2
002289 142
001343 32
000095 32
001287 86
002147 35
000168 63
000497 20
001750 148
002324 201
000715 66
001540 21
000332 69
000220 125
002482 32
002937 32
002772 45
002535 34
001538 117
000532 26
001865 87
002797 69
002309 97
001981 79
000306 84
001650 67
000197 161
001165 22
001619 9
001147 160
000495 34
000111 97
001109 86
001270 35
002562 31
000370 19
000794 37
000927 0
002322 7
001816 10
000397 35
001179 2
001216 17
000798 202
001299 21
001063 154
000419 65
000376 65
002512 97
000471 31
001542 67
002608 21
002351 67
002631 39
002990 45
001762 32
000799 98
002060 46
001487 17
000539 2
002676 47
002330 12
000984 56
000481 8
001480 203
000224 22
000673 204
001394 45
002985 79
000995 22
000581 23
001046 45
000078 25
002596 69
002996 57
001759 34
000827 21
000126 19
001253 23
001961 25
002770 16
001597 25
000577 101
001576 20
000622 8
000768 205
001230 69
001341 32
000660 88
002853 8
002888 19
001518 0
002758 47
002974 21
002785 96
000260 79
000283 9
002683 90
001615 21
001185 31
001974 115
002523 84
000456 22
002369 4
000435 200
000300 57
001763 39
002485 34
002865 1
001933 13
000439 2
002374 17
002025 67
002452 7
002613 37
001627 16
000293 13
001838 23
000279 2
000656 32
001059 16
000733 80
000554 79
002143 54
002914 147
001901 40
002294 4
001192 15
001527 74
001996 34
001357 32
001695 4
000776 32
000427 32
001787 8
001187 88
002198 47
002275 69
000866 22
001710 20
001793 12
001246 98
000901 69
002748 98
001529 97
000602 20
001292 23
000218 2
002269 78
000214 22
000036 79
002443 20
000368 43
000013 84
000477 57
001721 96
002283 113
002744 17
001085 19
002904 91
001633 21
000014 32
002112 147
002783 84
001024 162
000965 19
000608 46
002062 96
000436 125
000018 35
002813 23
001783 55
001804 22
002397 84
002256 160
001115 37
002390 97
001954 23
000345 84
002844 17
002600 16
002647 32
001718 20
000033 32
000373 17
000658 174
002221 61
001087 32
002457 32
002929 58
002249 76
001317 76
000861 96
001608 15
000045 13
001535 80
002878 39
002971 39
000490 85
000504 0
002261 4
000134 43
002109 91
000691 117
002075 40
002149 164
000975 69
002999 142
000777 8
000789 1
002569 22
000364 79
002358 47
000796 80
001937 31
001629 63
001277 20
002593 8
000940 21
001506 130
002490 21
000648 32
001004 162
002525 107
002111 19
001173 9
000484 161
001811 37
000053 206
000243 17
002084 70
001986 34
001203 7
000739 10
002169 79
001300 32
001020 17
002093 66
000837 8
002125 153
001745 69
000369 2
000268 76
000729 9
002493 45
002552 43
001520 1
001034 87
001713 106
002334 74
000296 32
001849 108
000626 2
000278 16
000498 2
000485 54
001521 19
000183 79
000971 17
001852 34
002225 3
000685 98
001769 50
002976 114
002085 8
001181 67
002051 107
000755 10
000509 20
002546 47
002357 97
001982 8
001439 21
001446 96
000142 19
000865 79
002232 10
002323 67
001011 107
000849 47
002560 39
002780 80
001995 23
000888 17
000118 40
002162 32
000546 69
001790 7
002214 84
001977 73
002233 20
001984 9
001397 20
000275 8
000705 154
001025 161
001591 21
001565 66
001743 54
000384 79
001430 17
002610 32
002911 87
001830 20
000177 43
001360 10
002428 97
002568 66
000831 66
002556 47
001643 7
002462 13
001634 87
000623 47
002921 7
000859 97
000642 31
002307 135
000835 9
002711 66
001499 90
000338 8
002447 77
001448 207
002654 14
001965 26
001685 75
002529 79
001144 78
002966 10
001706 208
002924 46
001739 73
002708 24
000790 96
002305 46
000969 16
001668 5
001689 209
001899 2
