0 22.97665762901306
001292 0
000596 0
000237 1
002825 2
001291 2
001400 3
002517 4
000672 5
000333 6
002888 6
001436 7
002500 8
001396 6
001029 9
002146 3
000231 10
001802 6
002711 11
000143 12
002040 13
002945 12
002403 14
002492 15
001764 16
000982 17
001012 12
002698 18
001081 19
000172 20
000558 12
001227 6
002592 21
000339 22
002855 12
002320 6
001158 14
000650 23
000314 12
002732 24
002383 25
000550 6
001191 12
000632 6
000153 26
002129 12
000111 27
002938 12
002894 28
000730 29
001597 6
001872 3
002399 6
001103 6
001468 3
001410 12
002460 13
000108 13
000481 30
002902 13
001078 21
001564 20
001480 13
002019 31
002043 1
002672 12
001216 12
001369 32
001406 33
002617 20
001140 3
000528 10
002033 10
000266 34
002131 35
002300 33
002431 36
002695 8
002992 37
001853 38
000348 39
001487 40
000832 41
000241 18
002692 42
000356 43
000905 36
000521 33
001137 33
001734 42
001573 33
002110 13
002235 44
001738 12
001620 20
002703 5
002706 45
001051 3
000064 46
002954 47
000737 18
000867 20
002633 16
000577 18
002665 16
001849 48
001177 34
001314 49
000994 8
002137 12
000271 50
000369 21
000099 42
000597 10
002537 12
000016 20
001115 47
001882 42
002122 41
001333 6
000291 41
000789 5
002873 12
001888 26
001212 49
002002 49
001569 51
002115 1
000957 33
001108 23
000557 49
001753 14
002511 6
002494 6
000489 52
001326 34
001615 12
001428 49
001448 49
002531 49
000144 41
000524 1
001026 47
000530 53
001112 49
002737 54
000219 44
000612 17
002823 41
000740 34
000858 4
002374 38
001129 1
000123 38
001807 55
002375 6
001515 21
001203 14
002417 10
000281 38
001294 38
002748 4
002754 4
001873 20
002483 6
000600 21
000817 6
001557 10
002310 56
000782 57
002813 13
000717 47
001798 14
002578 58
001679 59
002486 21
002485 10
000113 60
000158 47
000495 42
002865 5
000682 61
000260 10
001249 5
002871 62
001805 16
001720 38
001988 4
002117 12
002401 9
002866 63
001090 48
002675 3
001355 21
000929 64
001195 18
002387 41
000028 5
002629 10
002721 10
001463 20
002133 65
000825 34
001276 33
000628 6
000069 66
001993 67
001013 41
002606 33
000516 18
001981 43
002204 68
001486 18
000102 34
001390 8
001495 12
002183 1
002101 12
001306 34
000500 47
000080 24
001736 14
000766 21
001654 34
002526 68
002333 69
002324 70
002767 38
002513 53
001509 33
002539 4
000342 5
001443 6
001577 34
002747 52
002845 6
001073 53
001688 38
002830 47
001847 71
000159 53
000055 26
002831 41
000063 72
000313 10
000959 10
000205 34
000132 70
002536 33
001984 42
002326 47
000337 33
000085 21
002465 70
000242 21
000791 54
001394 17
002026 4
001425 73
001467 74
001497 65
000077 13
002851 22
000094 8
001709 27
002708 10
000138 10
000843 27
002872 41
002412 21
002789 8
001821 11
001490 52
001345 34
002739 38
001062 75
001488 21
001860 10
001891 70
002013 76
000759 27
001149 21
001578 32
002712 6
000073 12
000228 16
002440 21
001493 68
002488 77
001007 8
000809 47
002506 10
001940 24
000130 24
000983 19
001102 3
000664 5
002505 6
001057 32
002305 32
001354 18
000222 34
002149 9
000693 78
002162 33
001461 79
000586 6
002937 30
000956 26
002838 18
000745 38
000733 10
000476 8
002870 54
000735 5
000005 80
000962 14
000660 81
002138 3
000070 12
001836 49
000921 23
002145 26
002859 12
001933 19
002094 42
002005 47
002263 53
000049 26
000254 70
000503 67
002849 21
000083 6
000734 82
002595 44
000061 64
000024 34
001634 34
000506 47
000522 27
000827 21
000970 20
002329 65
000924 26
001269 24
002781 67
002875 69
001600 49
001464 71
002551 14
002192 52
002489 16
001731 1
000585 8
001248 55
002166 18
002372 64
000477 42
002274 38
000799 72
000318 13
000469 10
000402 33
002946 27
001175 33
000104 32
000512 33
002575 75
001687 67
000997 83
001774 84
001482 41
001347 26
001592 20
001689 52
000620 1
002393 71
000185 14
000457 6
001831 17
002613 85
002582 34
001160 18
002051 30
000945 4
002939 5
001266 3
000103 32
000468 10
002278 86
001607 5
001322 28
001781 12
000131 41
002063 14
000828 20
001496 14
000587 4
001806 21
001627 68
002784 1
001692 87
000531 53
000264 33
002456 17
000777 5
001867 8
000141 47
000552 69
001730 30
001717 71
002191 41
001746 12
000787 20
002993 34
000763 1
000473 28
001920 13
001284 1
002410 41
001662 1
001004 88
002262 13
001209 89
000653 41
001614 8
001710 54
000785 90
002929 5
002815 30
000995 71
002025 8
000898 18
001647 63
000581 28
001551 6
002281 34
001819 23
002344 17
002953 91
001349 92
001776 4
002630 38
001941 24
000538 16
002436 6
000096 17
002959 38
000464 41
002014 5
001382 20
001156 3
000220 6
001747 5
002585 30
002546 26
000770 38
002907 48
001828 8
001727 17
002168 33
000329 93
002366 33
002037 16
000112 18
002529 43
000967 17
000432 1
002288 10
000149 10
000908 89
000261 17
000376 34
002520 72
000019 94
002969 27
002988 8
002663 30
001998 44
000274 53
002626 8
001128 26
001642 91
002139 95
001432 4
001237 34
002066 3
002125 13
001883 12
000269 96
001939 33
001650 8
001611 17
002962 4
001117 10
002000 65
001079 4
000364 13
002064 38
001711 21
000034 23
001726 5
002173 12
001537 59
001659 16
001305 21
001698 33
001735 24
001417 30
000279 21
001795 75
000935 69
001572 7
000363 8
001961 41
002568 11
001440 97
001424 16
002847 32
002395 78
002099 68
001565 11
000708 33
000386 41
002229 98
002024 24
002175 10
002400 8
002328 28
002075 55
000987 41
001678 99
000659 6
001568 31
000856 100
002118 1
001991 101
002213 26
002893 70
000527 34
001956 95
002077 43
001750 94
001596 30
002837 30
001904 41
000287 68
001835 14
000268 75
001874 86
002793 41
002425 10
001506 102
001788 72
000644 29
000647 43
002319 103
002342 10
002577 3
002165 104
002614 33
002768 7
001996 105
001919 44
000210 15
001264 17
002930 5
001331 32
000622 65
001265 21
002086 19
002116 19
000564 34
001966 3
000200 65
001437 21
000015 47
000209 106
002726 38
000834 95
001098 63
002337 33
000692 8
000684 17
002477 26
001119 42
000582 41
001721 18
002525 107
000120 42
002176 49
002227 53
001606 21
000295 18
002258 16
002985 43
002237 21
001449 3
001190 26
000009 32
000311 36
002370 21
001165 71
000478 1
001729 12
001066 108
002382 109
000505 110
002141 52
000355 16
001256 44
000038 111
001704 5
002790 21
002593 5
001748 59
001749 33
001258 36
002574 54
001146 30
002819 71
000941 21
002915 41
000640 44
001093 21
001070 53
001126 11
000656 33
002690 112
002354 38
000419 34
001231 80
001143 35
001172 8
002474 32
002224 38
002664 73
002089 47
002228 38
002661 32
002481 20
001719 65
000203 21
002679 21
000811 44
002981 65
002480 113
002631 56
000370 23
000195 21
002610 33
000502 14
001584 94
002484 14
000887 33
001768 20
002688 64
002702 114
000298 8
002058 48
002246 38
001107 38
002919 27
002041 68
002874 75
002475 4
000233 87
000930 115
002918 116
001147 52
002275 16
002567 20
002913 75
002579 91
001167 38
001978 17
002047 117
000643 48
002038 44
002911 34
002885 103
000736 17
000685 13
001591 21
001295 87
001715 118
001670 65
002004 41
002955 20
000808 10
001626 20
000991 5
000985 21
002668 6
000361 26
000330 49
001778 16
001476 86
000598 32
001700 38
002608 21
002496 3
001635 67
002549 21
002603 8
001042 99
002968 80
000109 34
002010 32
001544 91
001416 119
001232 53
000128 12
002434 38
002186 32
001552 44
001395 19
000616 3
002418 5
000661 13
000365 75
000965 34
000701 32
002416 32
002509 10
001368 33
000591 0
000504 17
000623 10
001325 26
002844 38
000157 70
002773 47
002749 86
002979 75
001005 10
000840 17
001399 28
001527 38
001420 86
002612 20
002912 21
000007 32
000869 17
002119 33
002109 120
000602 42
001289 1
002042 6
000595 33
001323 30
002571 13
002398 38
000892 32
000835 6
002364 47
000837 44
000739 67
001562 13
002462 114
002082 33
002081 21
001862 35
000774 49
002744 3
001096 27
000630 69
001559 47
001315 54
000216 33
001856 3
001556 30
002053 10
000292 16
002001 90
001530 90
002681 54
001902 33
000227 20
000542 54
000857 47
002090 27
001633 21
002522 71
000217 34
000720 10
000830 32
001977 17
001638 10
002242 20
000174 67
002927 121
001257 19
002135 12
002507 20
001293 41
002933 90
000322 20
000324 21
000270 75
001206 34
002285 20
000754 33
001159 10
000427 33
000004 5
002642 12
002006 16
002501 33
001471 13
000565 3
001517 86
000357 71
001999 10
000955 5
002381 8
001316 32
002421 35
002563 91
001925 33
002350 41
001197 10
000474 79
000247 49
000201 122
002883 1
002752 123
002203 24
000181 90
001668 38
000350 38
000875 13
001273 33
001618 78
000847 124
002007 34
001864 33
002479 35
001742 125
001358 27
002069 120
001757 111
000345 126
001383 38
001740 95
000731 67
002924 32
001763 79
000588 38
001380 10
000862 21
000177 38
000455 71
000373 3
002564 13
001105 45
002598 21
002148 10
002541 52
000961 127
001811 47
002775 21
000601 5
000317 67
002699 30
000783 52
001869 1
001843 6
001268 38
001348 28
000593 111
001262 23
002349 128
001344 13
002956 73
002922 33
002039 38
002743 9
000915 38
000283 6
000186 23
000453 14
001037 49
002622 86
001501 32
002307 33
001745 128
001477 26
002359 114
002504 33
000696 71
001168 24
002766 126
002365 21
000849 26
002323 49
001765 71
001936 54
001771 97
000548 21
001188 129
002114 23
001817 21
000607 44
000973 55
002674 72
001820 10
000814 8
001733 33
001303 67
000796 10
002487 41
001088 30
002247 28
002778 28
000511 128
002367 33
002982 3
001640 42
000288 95
000076 130
001023 27
001661 103
000100 11
000750 14
002396 13
001353 8
000306 8
000316 32
001793 95
000072 28
000309 17
002926 17
002560 56
001032 38
002296 131
001401 132
001313 6
001405 80
002899 19
000678 78
000826 13
000666 124
000335 32
000124 21
002449 20
001240 111
001267 23
001985 44
000366 81
000285 34
001381 38
000488 133
002787 21
001582 19
001871 42
000134 38
002756 30
001460 72
000958 10
002197 31
002841 14
002596 16
001967 34
001684 34
001895 71
002742 73
002550 23
002852 50
000037 4
000954 38
000118 106
002452 14
000392 17
001301 68
001135 24
002277 101
001124 8
000599 25
000492 21
000615 5
002801 26
000918 26
001478 31
000788 97
001716 21
001896 3
002439 32
001545 134
001224 23
001913 38
001854 135
000756 3
000841 35
000273 90
000572 22
002682 32
001230 16
001357 33
002251 70
000167 10
001909 96
001278 113
002691 21
001491 33
002272 106
002111 56
000540 17
001824 44
001162 136
001438 128
002084 24
001816 67
001064 38
001550 5
001690 21
001865 34
000910 10
001714 90
000062 70
000800 71
000780 33
001414 137
000689 86
002314 38
002463 10
002895 35
002521 97
001236 24
002380 6
002905 20
001707 44
001812 133
000579 11
000778 103
000293 19
000460 72
000035 73
002573 12
000543 95
001901 46
000998 32
000257 25
000371 126
000081 0
002420 1
000497 54
000729 6
001022 13
001641 47
000446 86
001696 21
002723 47
002659 72
001777 103
000517 14
001520 5
002994 33
001009 42
002177 19
000433 67
000276 19
001047 5
001724 8
000282 21
001885 30
001541 28
000646 21
001893 38
002161 4
002591 8
002220 17
001178 32
000039 34
000336 138
001125 103
000541 115
000943 47
000383 32
002384 52
000885 0
000240 72
002448 20
001675 103
001489 44
001388 17
001929 24
002725 32
002209 42
001163 14
002896 125
001288 10
001377 12
000243 38
002361 31
000569 24
002190 139
000218 21
000649 32
001937 103
002222 33
001299 21
002806 54
000757 4
000146 30
000289 111
002760 3
000560 65
000059 33
001625 70
001930 72
000221 12
000232 73
000926 36
003000 17
000147 91
001131 16
002357 27
000084 34
002185 28
001671 47
000244 38
000771 111
001077 129
001255 12
002476 21
001238 16
000182 34
000795 26
001182 21
001752 6
000576 63
001456 33
001458 81
001132 32
001946 17
002635 56
002394 41
002558 16
000304 34
001797 32
001261 20
001161 21
002556 26
000786 68
001818 43
000212 34
001282 27
001973 54
001952 1
002335 30
002502 10
001318 7
001455 20
000571 75
000465 26
001758 140
002810 53
002616 38
001421 8
002524 13
000117 19
000461 75
002451 26
000621 8
001528 3
002020 44
001270 86
000978 5
002221 118
001694 31
000712 21
000405 44
000430 75
001631 94
002694 141
000518 142
000769 21
002730 86
000046 16
001792 38
000467 47
001796 90
002347 33
002210 3
001655 3
000810 3
000690 19
001637 67
000758 5
001982 30
001446 143
000753 5
002261 26
000307 13
000482 33
000162 103
001254 38
000923 47
002917 27
000852 6
000449 26
002826 29
000652 38
001186 20
002248 32
002317 33
001989 6
001075 38
002995 21
001201 126
000609 33
002594 21
001309 43
000912 32
001581 32
001243 6
001055 27
002975 33
000040 68
000031 53
002590 32
002297 4
000732 3
002052 144
001931 23
002298 65
002250 54
002153 1
000388 24
002200 22
001067 31
002532 7
000377 44
001673 20
000249 33
002325 30
002833 54
002031 26
000044 142
001702 3
000456 71
002132 17
002719 26
001813 69
002055 23
000415 3
002073 5
001979 42
002223 36
000115 13
001080 30
001801 145
002255 42
002065 3
001848 128
002343 18
002700 19
002134 26
002750 20
000170 146
000749 147
002796 133
001441 90
000523 33
002605 24
001657 8
000713 148
001221 68
000917 44
000804 5
002011 3
000525 3
001965 53
000722 38
001866 54
000977 79
000746 44
001987 38
000471 70
000338 12
000567 117
001855 17
002619 32
001878 86
002280 14
002299 97
001024 30
002127 71
002792 42
000626 21
001605 13
000053 112
002740 16
002353 126
000196 44
000645 106
000066 12
001810 8
002910 41
000424 149
000399 112
000784 11
001887 87
000284 8
002714 17
001360 69
001253 13
002552 150
002618 31
001063 47
001686 5
001769 17
002253 47
002059 38
000904 33
002970 56
001142 90
002218 90
002812 30
001452 19
001772 5
001251 47
002680 20
000553 32
000829 10
000198 10
002023 75
002469 1
002036 109
001144 32
002686 0
002478 10
001166 32
001027 5
002249 75
002644 96
000603 16
000387 38
002799 34
002861 27
001336 21
002653 151
000805 35
000953 6
000493 97
000697 26
002032 48
002771 71
002832 23
000166 31
002646 38
001370 117
001576 20
000485 31
001744 16
002584 32
001423 49
000155 47
002358 26
000592 111
002142 13
001756 71
000379 8
001028 35
002828 152
002339 142
002689 153
000067 33
000119 13
000003 47
001518 73
002239 15
002113 21
002814 14
000412 1
002974 21
002252 21
000838 3
000250 47
002271 71
001505 30
000533 154
001976 155
000272 21
000344 23
000278 33
000466 5
001330 156
000574 38
000280 157
000368 158
000023 26
000760 159
002976 115
000836 54
000086 26
000845 35
001903 32
001975 33
002652 33
001538 160
001016 34
002856 47
001141 1
002231 132
001951 30
000353 31
002405 43
002923 109
000008 17
001522 53
002829 128
001560 5
002120 96
002234 10
002627 12
002717 86
000236 17
001651 34
001145 21
002611 31
000950 10
002304 41
002056 161
000539 21
001069 34
002701 154
002557 18
002497 11
001339 33
001639 21
002906 3
002705 90
002535 97
000764 13
001109 91
001247 34
001723 53
000202 10
000872 65
002404 8
002107 21
001554 10
001222 33
000976 31
000889 55
000952 8
002545 11
001153 54
002898 90
001949 75
000633 162
002645 11
002736 13
002746 3
000886 21
001099 84
002049 106
000142 34
001799 8
000816 24
001091 12
000082 4
000156 34
001041 70
002243 20
002003 35
002450 73
002150 8
002798 70
000184 117
000611 18
000618 38
000881 87
002219 27
001229 49
001986 146
000319 21
002169 43
000161 6
001636 33
000362 30
001076 163
001889 30
000095 33
002776 54
002921 14
001280 33
000334 111
002581 8
000459 52
002163 10
002709 8
002095 16
001321 86
000509 164
002181 32
000448 3
000447 23
000975 16
000779 34
001045 106
002544 96
002931 34
000347 21
000127 22
002091 20
000340 11
002021 53
001089 1
001465 128
001019 6
001470 20
000974 33
001039 13
002230 72
002466 84
000551 31
001052 26
000375 142
001851 82
000484 30
000888 38
000401 21
000263 17
002602 73
001783 12
000992 21
001773 73
000821 38
000472 36
002385 21
000944 21
000451 17
001643 14
002445 165
002632 69
001877 140
002044 32
001312 22
001531 124
001439 21
000394 166
002862 5
002881 134
001767 167
000676 103
000824 47
002977 13
001513 22
002027 63
001508 38
001703 44
000302 79
001151 73
002467 128
001630 43
002950 52
000480 32
001610 97
000561 71
002245 17
001761 38
002848 21
000773 17
002363 73
002157 54
001343 33
002621 168
002289 36
000842 68
001785 135
002685 5
001297 162
001210 32
002016 24
002731 16
002493 17
002415 32
000718 43
000041 38
002877 86
002160 21
000012 38
000663 90
002990 169
001015 38
001959 26
000584 71
002454 6
001960 81
002241 30
002199 3
002427 21
000359 22
002660 47
001870 7
000853 32
000105 33
000235 71
000695 74
000194 41
001561 8
000617 170
001879 33
001049 21
001056 52
001916 171
001157 26
000514 71
001595 8
000634 26
000385 77
001543 4
002604 32
000850 172
002295 113
000714 128
001542 35
002718 56
002311 44
001583 32
000090 8
002035 8
001837 16
000308 9
001311 53
002009 33
001935 70
001171 32
001363 41
000743 93
001590 13
000922 56
000211 17
002916 13
000384 43
000691 173
000709 10
000403 33
000702 52
002377 74
000999 31
002085 5
000544 8
001208 12
000404 73
002667 103
001083 10
002225 30
001945 146
000442 14
001524 53
002991 47
002196 125
002308 7
001934 14
001533 82
000559 44
000861 18
001134 21
001502 111
002824 21
001947 47
000087 0
000546 16
002785 18
000463 4
002512 27
000815 21
000854 33
002050 42
002158 10
001665 65
001006 16
000234 19
000395 4
001603 97
000189 8
002070 13
000614 103
000437 43
000164 174
001844 10
001219 17
001200 52
000820 21
001547 175
000515 47
000776 30
001469 30
002045 41
001963 21
000487 176
002625 113
000793 44
002508 27
000583 32
000578 17
001412 47
000748 26
001850 12
002206 31
001787 5
000566 21
002301 140
001838 13
002763 17
000580 97
002903 154
001290 5
001593 32
000803 17
000259 70
000458 31
000725 5
000116 8
002151 31
001104 49
002772 17
001842 17
001298 33
002345 124
000547 41
001755 26
002226 47
000418 44
000047 4
000310 16
000878 21
000721 13
002332 21
001525 34
002447 93
001728 0
000947 16
001808 79
002908 71
002901 3
000150 5
001213 140
000408 18
001340 23
002423 32
002607 23
000806 32
001454 1
000846 23
000625 96
002868 71
001880 21
002600 33
000193 33
000331 3
000122 30
002864 34
001384 86
000312 96
001082 30
002184 26
001043 38
000741 17
000883 54
002390 27
002647 32
001404 73
001858 79
001942 86
002498 43
000018 86
000354 10
000258 71
001263 33
000863 125
002468 42
002734 34
001529 27
000060 177
001612 8
001994 1
002623 47
001095 97
000519 140
000422 90
001570 75
000860 21
000013 126
001829 47
000372 16
000389 5
002470 21
000420 34
001494 8
001712 21
001800 32
002965 67
001567 41
002123 6
002046 23
000938 17
000494 17
002762 44
002839 13
000638 70
000428 31
002290 44
001308 96
002820 38
000305 31
002428 27
000909 178
000409 55
000716 97
000981 10
001442 18
000920 44
001307 109
000088 41
002533 49
001649 6
000513 71
000110 52
000680 179
002017 14
001725 91
002379 86
001894 14
001827 34
000398 3
001274 38
002967 21
002753 73
002172 26
000662 1
001185 103
002194 23
000797 117
002140 12
002878 82
001695 26
000738 32
002729 38
002836 90
001782 14
001462 5
002963 53
001453 21
002461 47
001926 180
000679 5
002949 21
001558 17
000822 42
001857 14
000042 128
002650 137
000213 21
000772 47
000323 33
002336 20
002376 41
000931 95
000979 19
000303 97
001992 43
001260 115
000092 20
001044 63
001365 111
001207 118
001622 96
000022 71
002889 3
000949 38
001106 31
002205 54
002426 140
000423 79
002126 181
000175 33
001287 20
000208 115
000499 128
002188 71
000071 17
002850 14
000635 17
002561 23
002887 34
002782 12
000021 90
001685 90
000925 44
001038 97
000613 38
001310 34
001356 6
000045 19
002759 109
002897 113
002707 133
002106 17
001971 21
000129 31
002530 20
001427 11
001621 33
000239 13
002327 13
002609 8
001604 33
001917 59
001743 31
001097 72
000665 14
000454 27
002777 14
002330 95
000687 34
001020 182
001003 97
001846 69
001516 32
000520 10
002392 44
000178 8
001918 22
001250 10
000204 90
002900 1
001337 38
001366 54
002980 28
001130 95
001713 20
000290 28
000048 86
000160 38
001521 4
002733 18
002651 42
002783 8
000933 38
001196 85
001018 66
001924 42
000068 25
001387 3
001133 5
002693 103
001059 101
002080 71
001598 103
001415 128
002360 22
002867 34
002464 90
000406 49
001304 31
000286 82
000707 111
000946 103
002909 47
001697 38
002096 97
001184 68
002321 157
002794 78
001154 132
002419 21
002313 46
002356 67
000667 34
000252 21
002195 38
001546 30
002510 132
000700 23
001285 17
001693 134
000604 183
000986 133
002755 10
000906 34
001669 73
002947 47
000526 38
001194 106
002232 67
002678 5
000545 38
001914 6
002957 31
002817 54
001834 33
002279 183
001908 112
002751 10
001653 3
002757 47
000706 54
001225 43
000673 184
000762 20
000378 12
002860 3
001852 10
001683 149
001372 77
000744 14
001068 185
002802 86
001861 42
002270 38
000654 75
002268 30
001826 34
002373 186
000868 121
002316 35
000848 6
002015 187
002028 33
001092 30
002971 115
002964 26
001444 21
002174 12
000139 72
001619 41
000326 140
000341 35
000554 43
001040 16
001183 21
002437 10
002797 128
000238 29
002519 8
002528 101
001279 17
001084 8
000648 33
001897 128
000253 32
001732 32
002935 65
000328 162
001434 86
001972 33
001539 73
001000 90
001418 5
002518 32
001164 17
000728 3
002932 24
001574 3
002941 47
002999 36
001928 32
000183 25
002067 5
001035 38
000790 18
000358 27
000942 1
000173 19
002720 30
000594 47
000470 38
002805 87
002362 126
002840 16
002435 73
001648 33
002722 73
000165 75
001485 113
002677 8
000251 30
001085 34
002657 73
000400 44
000802 1
001969 79
002572 31
002553 17
000029 188
000642 70
000927 73
002998 180
001061 54
000452 20
001957 65
002334 77
001932 21
001825 35
002414 14
000380 32
000536 4
001762 33
001575 3
001841 38
000352 73
000294 13
002391 38
001169 32
001116 35
002346 18
002072 32
002543 26
002458 21
000091 91
000960 162
000001 44
001646 20
000683 128
000382 21
002637 159
002523 126
001492 140
002178 38
001252 70
000627 12
000916 14
000705 47
002315 38
000619 16
001645 55
001510 50
001422 13
000320 77
000224 71
000214 71
000573 135
000078 113
002892 128
001413 91
000440 176
002217 3
000343 30
001033 30
002944 5
002676 132
001859 33
000491 27
002472 73
002628 14
000932 32
001921 70
000686 54
002727 0
000255 32
002639 56
002207 17
001875 82
002943 32
001223 6
000296 32
000710 19
002060 32
000641 114
001868 43
001334 22
002216 21
001737 31
001839 21
002008 17
002264 103
002312 53
002649 65
001352 47
001511 32
001602 70
000190 33
002424 33
001373 11
001296 30
000556 89
002713 14
001111 22
001189 56
001892 54
001121 13
000698 20
001218 33
001886 17
000988 42
000327 12
002960 73
001180 22
001708 47
001555 47
002155 132
000668 21
000874 38
000057 4
001054 8
001503 23
002858 14
000017 31
001435 55
002254 13
002124 189
000135 120
000002 73
000438 21
002827 162
002459 33
002809 190
002687 19
001346 3
000568 5
001192 6
002846 71
001087 33
000426 13
001114 5
002804 77
002745 34
001181 8
001466 32
001699 38
001536 3
001008 12
002987 54
001155 32
002978 16
002879 10
002433 34
000871 73
001498 3
001138 73
000866 71
000768 181
001954 10
001205 111
000180 47
002835 21
001122 4
001779 191
001962 86
002770 171
000864 33
002769 4
001617 32
000346 8
002368 5
001275 33
001320 8
000051 0
000969 171
000121 3
001317 75
002914 41
001968 7
001393 192
001217 35
000844 53
002284 190
001286 3
001995 10
000479 91
002658 13
001571 18
000075 47
001211 5
000575 21
001457 21
001804 71
001036 33
001790 14
001876 128
000964 33
000655 5
001021 135
002293 64
001234 3
001204 27
000902 193
000441 162
000984 27
001881 33
000206 30
002105 8
001409 38
000501 36
002062 18
000532 53
000742 10
002788 95
002673 17
001335 53
000590 42
002286 48
001905 12
001451 47
001174 14
000606 10
002882 95
000176 109
001214 43
001784 117
001481 103
002340 5
000413 23
001391 101
001342 93
002078 38
002890 10
002201 23
002936 32
002446 68
002764 26
000349 41
002514 17
002322 14
000884 17
002843 20
002891 82
000265 6
002786 90
001624 75
002587 5
001179 21
002098 47
002071 32
001563 171
000882 194
001431 16
001283 21
002276 96
002034 21
002934 195
002156 20
001389 196
001681 6
002984 75
001549 71
002079 97
000011 9
001629 29
000439 21
001367 43
000972 19
000711 33
001483 197
002371 21
000670 32
001193 140
000126 52
002306 8
002670 23
001927 47
001338 72
002012 34
001060 27
000199 18
000629 101
000410 86
002741 67
001741 42
002443 54
001199 32
002761 33
001202 65
001300 32
002765 3
000014 32
002951 41
002620 72
000657 34
000537 23
000968 32
002589 1
001666 33
001663 34
002402 47
002212 53
001136 71
001594 26
001459 134
000483 42
001245 47
002583 26
002179 38
002780 5
000694 69
002601 27
002074 6
002121 12
002547 38
001540 21
001579 4
002061 73
001472 34
002724 21
002455 71
002257 198
002352 4
001601 54
001534 12
001907 162
002389 22
000812 68
001371 35
000154 35
001329 199
000043 95
001241 10
001419 8
000879 73
001950 96
002559 13
001484 38
000360 103
000056 18
000880 54
001319 15
000027 95
000681 1
001239 34
001514 162
000136 10
001535 10
002259 5
001378 130
002989 38
002104 8
001001 21
001863 140
002265 111
001065 30
000397 86
002920 21
000054 16
002294 26
000179 69
000508 47
000301 5
001553 72
001664 70
002634 85
001002 115
000079 42
000996 11
000727 21
000229 3
000819 34
001398 117
000989 49
000030 1
001658 128
000562 36
000226 47
000006 140
001228 200
000445 82
000033 32
000966 87
001682 34
000894 6
000669 192
002211 21
001359 34
001407 20
002554 62
001397 20
000152 3
002669 5
000223 5
002490 21
000703 70
001667 18
002666 34
001445 136
000855 32
001833 32
001587 33
001526 103
000114 84
002097 8
002338 21
001101 28
000207 70
002534 36
001148 44
001822 33
001411 77
000890 47
002972 54
000900 86
000833 13
001246 90
002983 23
001242 54
001983 21
000870 21
001660 43
000674 70
002457 33
001375 41
001677 113
002599 73
000140 116
000490 23
000914 53
001616 47
001672 67
002214 126
001899 21
002562 103
000813 106
000215 68
001944 26
002180 54
000315 47
002187 22
000417 33
001030 4
002087 65
002102 14
000137 65
000747 146
001475 38
001123 128
000794 47
000036 43
000026 13
000658 111
001403 10
000450 44
001402 181
001259 7
002351 35
000752 21
001271 54
002958 103
001450 5
002422 77
001053 7
002438 47
000245 28
002152 90
000277 38
002442 35
002159 47
000589 56
002208 133
000971 38
001948 12
002570 8
002624 21
002388 32
002378 150
001760 21
002182 116
001324 113
000168 19
002273 56
000928 137
000025 11
000807 103
000444 47
001780 21
000151 18
002791 54
002143 31
000755 67
002266 23
002430 25
001048 34
000781 33
000901 16
000865 43
001953 53
002341 17
001198 54
000101 41
001050 30
001628 10
002444 65
002538 21
001272 31
001759 42
002684 30
001379 26
000767 111
000751 80
000963 27
002716 17
002291 26
000169 19
000074 14
002973 33
001884 38
002167 10
001139 44
002569 71
000993 32
002054 32
001500 21
002303 156
001906 32
001094 95
001385 20
002432 30
001739 17
002648 33
001504 18
002565 70
001632 31
002103 21
002516 5
000267 30
001034 34
001830 20
002586 87
001845 21
002108 114
002641 31
002215 1
000145 13
000332 16
001974 35
000248 33
000374 17
000381 201
002548 43
000321 21
002240 10
000637 21
001588 4
001332 32
002842 24
002638 8
002615 3
002283 5
001215 106
000431 23
001011 107
000192 49
002655 16
001176 32
000436 90
002735 20
001691 19
001943 30
001281 21
001900 38
001187 44
001017 97
002233 20
000688 8
001566 54
000639 5
000570 3
000934 21
001408 54
001170 30
001361 67
000534 13
002996 135
001823 172
002715 140
000197 135
002482 32
001803 34
000496 35
002640 16
000937 3
000980 21
002429 17
002076 32
001302 72
001814 73
001656 77
000396 24
002369 4
001706 112
000148 32
000798 54
001751 4
000624 68
002287 112
002029 3
001010 16
001519 75
000911 56
001623 5
000896 52
001474 126
002822 21
001362 21
000107 34
000351 89
001548 27
000651 140
000390 23
001473 3
001118 26
000555 126
000300 202
000171 13
001277 54
002355 80
000416 30
002966 67
000765 34
000429 1
000187 73
001840 16
001915 109
002318 43
001890 34
000631 12
000951 33
000163 21
000414 10
001074 145
002144 203
002147 86
002018 21
001031 23
000877 38
000818 27
000823 17
002256 52
000873 42
000246 75
000230 14
000907 91
002057 43
000897 20
002236 204
002884 12
001754 52
002925 47
002154 5
000792 97
002238 42
001911 18
001328 5
002309 27
002193 125
001652 5
000699 103
002491 18
000891 13
002643 5
001718 54
002580 38
000895 65
001152 3
001447 172
000058 67
001980 8
001923 34
001058 205
002331 44
002411 21
002292 14
000093 34
001235 117
002386 44
001014 73
001701 91
000948 41
001794 18
001110 33
000191 33
002088 67
001532 168
001997 20
002683 206
001955 24
000724 207
002112 41
002282 1
000677 3
000106 175
002948 97
001964 5
000903 208
002302 32
001433 32
002471 1
000775 32
001233 32
000859 27
001429 124
002030 65
002128 34
000990 67
000498 21
002942 21
001608 6
002136 21
001990 6
000065 134
002654 41
001815 139
000275 7
000726 35
001680 209
002597 93
001150 30
002202 43
002662 86
001364 113
000411 10
000831 210
000913 21
002566 137
002093 11
000391 146
002269 86
002189 43
001374 8
002406 41
000723 132
000262 211
000899 89
002244 54
002164 47
000719 34
002441 118
002068 32
002407 90
002876 17
000936 21
002803 212
000421 47
002198 26
000010 75
001938 6
001120 33
002928 12
000535 134
000549 128
001585 10
000299 123
002171 44
001386 118
002758 26
002863 162
002818 67
001676 4
001392 18
000089 103
001644 17
000098 67
002100 16
002397 126
000510 73
002260 106
000704 21
001970 75
002795 32
001046 17
001507 18
000940 21
001430 140
001809 47
001912 19
002940 16
000608 32
002886 95
002527 30
002540 21
001071 113
002413 32
000297 103
000050 65
001512 10
000225 33
001775 13
001244 67
001922 8
000851 38
001786 32
002696 20
001226 14
000563 32
002671 34
002853 30
000605 3
000443 21
002473 5
001599 118
001025 20
002588 10
002816 73
002811 18
002738 28
000188 32
000407 3
001173 6
002800 14
002961 44
000462 20
000671 33
002704 21
002834 181
001958 20
000715 11
001351 90
000425 21
002092 32
002710 34
000636 47
000529 18
002267 38
001766 46
002869 72
002997 21
002952 32
002904 120
001499 206
000610 52
000486 67
001479 30
001086 95
002130 103
001705 6
000325 20
000020 54
002503 13
000839 10
002022 120
002807 14
001674 71
001341 32
002083 32
002857 75
001791 38
001613 162
001523 47
000801 42
001580 31
000097 140
002495 3
000475 89
001789 18
000367 156
001898 31
001722 55
001910 8
002555 56
000761 21
000919 140
001426 113
002808 14
000393 32
001770 6
000507 137
000435 118
002697 162
002048 8
001832 109
001586 25
002986 54
000133 11
001589 33
002499 65
000032 44
002170 30
001376 89
001327 12
001113 38
001350 44
000256 44
000893 16
002408 30
000052 17
000876 5
000939 1
002821 33
001127 44
001220 5
002728 18
002854 26
000125 5
002453 18
002779 135
002880 20
001072 79
002774 8
002636 10
002656 111
000434 31
000675 13
002409 6
001100 43
002515 53
002348 38
001609 31
002542 47
002576 34
