0 21.61633849143982
529082 0
039372 1
483257 2
011726 3
090178 4
005913 5
008685 2
076078 6
070505 7
406683 8
248792 1
061018 1
293673 1
002656 1
025820 2
110897 1
138134 9
132164 10
016053 11
387562 12
021279 13
039697 1
003121 14
076938 15
072611 16
053467 2
337035 17
459019 14
015414 18
069707 19
266108 20
200258 21
032422 22
112492 7
421086 7
071948 23
260986 21
318621 7
322337 24
138585 25
133591 26
010359 23
005876 27
009827 28
042034 27
014110 14
112965 7
043294 29
060733 30
258354 7
501957 1
026650 1
087439 31
047967 1
298195 32
210073 25
414291 33
011588 34
007312 35
025423 36
006721 37
004476 38
038939 39
244050 21
002559 40
025033 37
221428 40
052722 21
000037 19
460039 41
479568 40
023908 42
032831 21
001750 43
490961 3
153471 37
007168 31
010248 44
508330 21
298701 2
007754 45
046127 7
339018 46
391712 12
091206 38
386552 47
052733 14
093413 48
053167 49
447035 46
004264 50
060188 19
097466 51
046925 52
146730 53
421387 54
505417 55
000546 56
300537 12
063213 17
008801 23
066219 57
017942 40
435012 58
000031 7
445259 58
008461 34
152779 5
491986 40
026526 17
120358 17
484291 40
449745 43
260110 7
000032 7
006938 7
101433 58
033400 40
089059 22
322090 59
006577 1
126808 19
029716 38
423886 60
391333 21
360102 8
083010 14
001376 50
167136 61
296354 40
203014 62
512267 40
037759 38
136744 17
186380 40
116461 63
311477 61
331619 18
054749 19
003830 50
417647 64
159067 17
147919 40
108002 41
180558 65
370136 66
169526 67
218411 40
052345 14
007752 7
501775 68
159367 39
483690 17
336171 18
189337 38
024390 50
383777 18
035301 42
002025 5
261957 40
082276 69
298252 43
404891 70
407872 71
010161 67
309240 40
299197 17
123339 40
374550 61
137822 40
140233 27
254812 5
468755 39
006274 37
233314 5
277191 72
293304 41
008353 37
347358 17
344527 73
215846 74
002921 14
079182 40
377260 7
396316 40
043488 22
108442 61
444721 75
528360 7
501520 42
265037 19
258913 58
283725 76
147768 40
012851 49
060700 8
002711 40
014361 5
092977 14
025230 77
097182 17
105925 2
100968 17
322562 46
284959 25
027851 44
400286 54
102145 40
249733 7
023640 37
024118 50
066448 5
206197 12
471006 17
026126 8
121808 78
001287 34
010042 22
424501 40
181897 41
411665 2
005909 27
102049 30
000057 49
204801 21
521348 79
088834 7
348455 50
006806 50
155595 40
067303 2
407542 30
013748 14
402381 40
096246 11
054065 19
233989 80
114209 81
395731 17
116978 21
069505 82
139798 17
487439 40
184653 15
028559 44
085683 6
043132 83
418888 28
036860 21
326315 27
398639 21
337800 18
130317 40
358429 75
033156 30
152593 19
086762 84
135028 40
009661 37
346841 85
298328 81
017868 40
102445 14
010329 2
107700 81
004818 14
000642 50
247056 19
285934 17
034952 21
275377 39
223695 40
208900 86
278085 40
067102 40
002009 22
316638 61
444248 40
045220 12
024087 17
330882 40
195093 15
037078 87
426717 6
164720 17
060125 1
424810 76
182857 30
224423 1
327729 44
073603 54
167736 88
023717 21
114951 8
536662 17
485637 17
016346 2
065436 49
019981 22
045126 19
359423 86
036120 49
029357 2
486310 17
055585 49
176098 25
022286 4
121881 89
017754 40
285078 8
444513 83
065637 34
091844 38
048241 37
444630 27
217859 81
042973 40
441289 90
133649 1
048541 31
473220 25
002580 21
052876 17
006001 17
494812 91
408151 92
041597 27
005856 37
084243 40
047818 2
454316 58
004550 37
170385 22
385521 54
071816 40
022008 50
444855 93
183670 27
109744 49
343689 79
040653 21
531273 79
053535 7
105883 19
013756 34
120397 94
147552 83
059096 14
138556 50
132113 95
000027 55
034208 54
401567 44
079873 56
433157 80
041625 5
127016 43
023814 19
006552 19
000066 17
026184 19
062258 40
011264 2
514818 17
306889 4
088319 2
526276 61
318041 96
205500 70
183189 42
450453 2
481169 46
014362 5
047413 7
370536 40
335587 40
032924 37
049437 1
031712 2
103035 21
006801 44
101241 95
099661 2
480870 79
046567 17
191426 31
242863 17
024523 23
356984 40
043697 7
213898 30
005057 4
006070 27
236283 80
006727 52
009031 97
348600 40
146508 54
454365 15
087384 25
179928 8
386682 44
475340 79
111478 56
414345 98
210689 67
003939 44
121509 2
087803 18
366867 17
014772 19
088340 13
472806 79
276632 99
007708 2
376825 19
411799 40
409136 62
001347 37
429183 19
010588 8
067855 14
040982 2
016726 17
143461 4
493781 25
433612 41
006481 37
346269 100
212894 2
055843 37
002026 5
171822 40
169735 44
043721 23
069550 19
509958 50
008475 54
013880 50
085102 70
096383 19
207471 86
480893 54
089299 63
041484 2
017100 2
147657 8
057127 80
063552 37
178498 40
020127 18
291549 46
061323 79
054317 79
425819 80
293498 17
079431 2
008885 44
136896 38
115067 41
060263 2
080779 19
006805 37
025278 17
447494 54
052948 4
071740 14
036813 52
005094 13
408879 49
048103 1
273851 54
281964 46
001101 7
114861 101
074656 2
132545 102
035842 17
016474 7
020601 14
019789 19
199396 103
157488 7
074374 21
474746 79
059385 9
091364 46
049310 5
110929 17
064426 80
016520 56
444607 41
424203 46
002985 42
001214 1
081520 37
234882 46
009840 8
148251 25
503111 17
065381 40
020010 53
334398 104
062156 77
089196 18
181662 50
141595 21
093519 44
327561 13
016490 44
064429 37
052298 49
008154 49
146824 17
170110 70
060295 13
151871 6
156658 17
195469 40
071508 37
259740 25
009511 105
296476 106
455730 41
024437 18
287149 107
123090 15
015632 50
005556 18
410510 8
368538 25
102042 1
311141 30
009900 2
011881 50
082970 1
140857 25
226245 27
199582 108
012638 19
055735 109
261417 13
162765 38
267574 55
076432 37
049414 17
271912 110
127241 7
068539 34
109607 7
460777 17
472363 22
039070 49
420263 44
508890 111
060956 37
236000 44
443522 40
489621 1
111212 112
128534 17
459649 43
261395 8
378607 21
379520 80
090721 79
461220 42
029331 19
034756 38
468425 40
003506 27
378446 7
069205 4
059435 81
005723 56
104108 52
017506 19
012018 79
281126 1
058173 34
156449 40
498348 40
385210 8
082224 40
027003 40
092551 50
394027 25
026774 37
334400 113
000145 44
044877 2
022902 22
285666 46
010473 21
039890 40
074089 40
229179 18
401685 114
309423 93
017437 40
038315 19
219753 50
024142 44
049343 115
064848 7
017537 40
035314 111
264198 18
087130 41
156306 44
244927 17
004051 44
254402 40
024579 31
003596 2
286408 49
018420 5
372709 1
052638 41
288818 44
231061 87
237983 29
065109 116
161265 19
008037 49
426212 101
029055 40
041598 28
059997 21
023355 44
068870 14
469211 43
029715 19
205096 52
047507 18
306418 117
341311 37
362102 79
171706 44
216769 55
309691 13
252570 58
406599 14
003794 2
072576 118
039086 37
028639 19
118103 13
030130 5
060274 14
030047 40
048053 19
007707 2
100843 19
126090 54
011342 14
459322 119
082022 2
024792 37
390379 1
280380 120
439946 27
533849 39
014412 48
156491 37
285276 83
030681 49
003313 79
075014 14
056216 40
001717 19
459866 7
064335 18
024471 2
190018 6
024861 2
056331 50
041624 5
005912 5
007148 4
284989 8
130941 19
514588 17
060503 2
228382 40
072111 121
006802 44
042970 44
101414 50
004040 37
098263 38
007167 56
088556 41
270595 21
043784 2
018758 14
017160 27
123836 9
046881 40
030621 18
056215 2
526558 2
131177 39
026639 34
065295 38
003321 41
118673 116
467106 21
274808 40
021807 34
144599 7
381869 49
017711 21
166160 64
440909 79
024779 21
027911 22
360851 122
516745 116
296052 37
246663 14
433552 80
327321 1
272861 123
293825 79
109791 27
497100 63
353242 40
390651 81
036806 38
017905 124
114783 125
164702 38
099421 44
331390 40
028133 2
019199 2
506194 44
300681 2
068126 37
114956 80
075736 87
126970 17
011434 7
127922 5
012303 37
147756 48
036093 95
377061 79
006313 37
227601 2
013430 21
470852 40
108894 126
055070 50
089547 7
093146 7
473176 17
378300 49
124039 4
029614 120
031406 14
317600 17
032317 49
001527 15
018753 18
077350 27
148400 46
063316 50
043745 19
050183 54
141679 127
050258 27
010215 34
099106 40
009873 40
009007 34
366388 49
091066 2
071509 37
408881 87
004037 49
041864 30
350717 18
047020 19
260919 40
040091 56
247014 58
214925 59
493392 6
063934 21
196098 15
277841 128
463165 31
051528 7
340344 19
505493 40
034603 40
191163 70
074745 1
004017 14
533905 17
072573 38
093729 19
126503 40
065294 38
009899 2
028132 2
069079 2
015745 56
021492 100
067403 44
127387 17
053434 14
367599 30
011392 50
192400 19
082486 17
254892 7
360166 39
096474 80
002439 34
240504 40
484722 102
004951 19
029152 14
266164 66
005663 50
213006 8
068820 37
014850 50
023639 50
499024 50
000433 75
087132 5
269000 19
262108 83
405895 123
072620 2
069356 37
006069 27
470245 49
261961 44
015183 15
136663 38
003938 34
137286 8
183913 1
327014 40
001842 67
033043 129
056665 37
263164 81
099326 61
010563 2
169491 80
100941 49
007800 49
114834 55
362009 37
093397 27
149924 56
049788 79
321320 124
448255 87
007311 50
090564 30
174203 37
026435 24
243522 54
005855 37
023593 79
016199 2
001183 21
095193 62
039795 14
084697 4
109656 40
021273 19
075889 54
004052 34
004475 38
005272 27
007529 14
100827 107
339610 49
010311 56
155498 40
381107 17
140309 130
030056 37
005450 50
010796 2
045213 1
024473 2
107727 54
245727 14
254282 131
297398 81
020383 42
039796 14
480335 63
340735 17
393798 6
305640 131
070360 40
177774 44
070278 5
310641 19
278219 8
068962 40
204524 53
144396 2
170776 1
445312 132
477463 75
133063 62
011708 56
124717 39
135299 80
171971 40
266590 42
053120 50
215435 86
021548 50
061999 19
218360 133
164217 40
009171 2
110798 21
232936 44
010565 50
259519 2
098264 38
056862 92
365504 109
214006 19
051836 49
057725 17
035933 49
134655 55
218260 14
062741 50
376093 8
069708 38
167858 2
318703 134
344026 135
024297 49
009830 38
014111 14
004944 1
080309 79
067767 27
036801 136
014767 37
377887 40
517038 61
077671 39
000643 50
021876 49
416536 101
359982 82
410785 25
318547 137
062335 7
064362 7
175152 6
322185 61
245279 7
085811 50
517839 13
352698 49
084740 38
033412 19
283672 37
045157 80
065116 2
004018 14
073544 18
005122 37
056424 15
006171 49
023310 70
029994 27
286019 7
145013 22
000547 56
115207 79
002323 44
486307 30
005724 31
094135 40
035123 56
129972 5
023070 21
176811 44
007059 1
029359 34
057440 111
140200 49
125673 49
000759 0
007522 138
082962 61
161981 139
029148 50
111105 17
078703 56
466878 61
080722 38
012259 14
046731 27
105997 4
010234 49
399919 25
032233 37
012191 49
536363 14
031224 56
460674 30
022048 140
467579 130
169012 49
042016 37
088874 1
366772 141
141142 44
017308 49
050259 27
311255 120
054267 50
499633 22
047573 46
291688 142
015413 18
365708 40
053296 27
006749 34
000691 40
001375 50
203329 61
010251 18
007060 1
006937 7
180722 143
038211 49
207801 87
025933 14
004351 49
035921 1
295096 42
025672 18
105596 4
116503 83
388362 41
382758 40
082222 58
034942 49
352783 22
000038 19
181439 22
013749 14
390259 8
111008 97
018053 50
004352 49
264666 87
302973 44
333741 19
008041 27
069862 50
249718 54
180592 7
163368 25
325088 22
323037 25
235566 25
174014 15
150541 1
218253 7
008578 7
111722 17
011263 2
399261 66
046902 34
008066 56
004506 2
431686 144
415932 12
145012 145
043544 2
081682 6
113823 17
024486 44
156299 87
452219 74
263212 146
165873 22
006080 7
012717 49
380815 18
372487 129
207541 25
174191 15
068431 2
031295 80
015547 2
069108 34
000188 141
396879 54
106677 147
010312 56
181996 101
065326 19
490362 1
027359 38
034816 41
081242 19
370677 61
010562 53
448309 21
097123 22
315658 7
024942 40
006100 49
036296 5
010495 27
175350 23
489593 12
054064 19
355594 25
208313 86
026596 17
045090 7
392368 42
396092 40
071825 148
151828 44
394580 59
245078 66
312757 18
132426 54
317782 14
411882 83
176263 81
127449 40
076936 5
035032 2
005938 40
071446 17
037921 34
029949 40
311795 79
231298 38
221251 81
001348 14
002264 34
020190 50
073163 79
053000 41
085684 6
024472 1
333249 101
263546 17
121442 4
022218 4
519878 8
019546 21
163439 2
161207 4
023071 21
105306 1
012217 79
021770 80
425373 61
477303 19
121567 55
211842 44
429395 105
009849 5
208799 40
002930 38
041576 1
168505 58
014129 37
118283 40
191965 8
005058 4
006800 49
020201 49
251640 22
121510 2
030696 49
240454 17
045561 41
168575 107
021374 19
218851 81
010437 37
093475 31
055048 80
075894 50
212909 40
224152 149
017110 18
035003 40
102249 59
029987 80
515651 46
268447 44
213254 107
049864 37
397061 21
393308 37
065098 150
096805 61
093414 48
207342 151
001977 40
452739 152
206183 48
013144 49
100431 7
047414 7
175596 30
064694 40
299143 79
172432 81
427115 8
477852 111
088399 61
165711 61
117230 152
163938 13
070221 37
470052 7
008509 37
090513 59
061377 14
055922 37
242875 58
362507 11
079206 41
400841 54
375177 2
243075 62
044269 49
144711 101
137217 7
067393 50
042621 4
173869 41
020660 42
083500 2
140190 17
039651 49
359613 46
083048 124
029501 38
266130 25
450531 102
062742 50
440457 37
068558 8
096028 40
012718 49
399334 42
300954 86
331289 27
299713 58
015277 40
129985 86
407860 38
003829 50
135874 70
030400 21
498120 107
536364 153
193781 37
282739 154
318368 77
120229 7
014297 21
233443 54
004367 37
008800 14
003260 56
004950 19
163624 2
235090 155
479544 44
066920 54
118125 2
117686 34
059015 70
119685 79
288609 25
456251 61
268145 66
453479 38
318938 44
018052 50
034554 50
067545 19
171713 56
420406 73
061559 151
012442 40
017811 19
152925 25
502394 1
015631 50
405877 54
003350 37
025231 40
019842 2
020012 54
511837 81
013689 18
070263 156
407143 19
311758 2
456765 7
371495 11
044317 53
336255 87
027499 12
027083 2
486718 17
277501 13
085165 2
006380 40
228378 18
049323 40
006079 7
202974 157
093170 66
007842 44
097567 40
432027 19
033833 50
151533 8
006748 34
232604 1
519743 54
112586 27
018277 19
115180 25
161827 8
204525 53
482477 30
018629 19
001886 49
312532 17
536744 8
407036 2
255764 70
040230 22
440101 158
037698 19
026264 23
343231 159
281025 83
338414 53
095224 18
014695 2
527040 27
263283 38
081385 7
356365 160
002322 34
093145 7
123128 81
053243 161
080440 19
161554 14
272394 22
463990 79
400627 44
000146 44
011167 50
016524 37
121937 86
275782 50
000209 79
396342 83
005123 37
407087 49
235089 79
182935 40
446982 17
454955 101
029377 40
105251 38
159596 54
022214 107
189031 151
356763 49
121337 39
353071 26
123169 80
061254 1
353380 81
157977 38
035894 6
463432 2
445473 19
300205 54
134237 2
018355 44
261713 58
521537 23
514716 42
132696 1
094018 141
025673 18
004039 50
011435 7
057489 27
067460 101
038502 7
230643 66
399900 54
253369 44
055974 21
024862 2
475504 31
221762 3
253241 88
048102 1
076565 37
278687 162
491765 21
001358 19
373030 163
423800 42
130011 80
374525 80
048856 111
489644 17
275889 164
021712 19
259973 30
439871 25
099507 14
321207 120
297672 61
114669 50
448032 40
531698 79
246597 165
068515 151
148385 1
018917 38
231140 1
051786 5
446658 42
408330 8
042615 50
014696 2
267209 17
097562 6
086109 50
023786 50
065784 14
400679 19
302975 87
180857 61
395135 8
028645 25
207285 18
123592 14
048801 43
117128 44
025066 40
358965 7
395452 44
152406 120
046592 81
062858 38
055782 41
264646 49
314803 61
023868 63
062336 121
122595 102
011877 40
007918 44
006551 19
083195 7
324876 11
284437 44
346310 87
203857 49
099593 50
074023 4
020128 19
011476 44
063073 25
458475 80
222125 61
492085 17
087547 2
000078 18
069864 54
407273 46
362592 19
041575 1
269286 31
005883 38
418953 63
032423 7
175720 42
159150 37
078819 90
178751 15
039774 49
091205 14
124262 166
100703 27
370065 25
032509 7
421719 30
368672 17
002032 57
086097 24
162836 6
474271 167
074017 168
405648 75
212350 61
258009 49
184303 169
083976 61
233333 4
276150 21
185861 145
201408 101
225059 1
053870 40
016519 56
080914 56
195942 81
329417 87
190330 170
201049 44
111301 2
013779 37
054786 21
052949 4
319557 22
477551 40
314002 19
107492 38
047968 171
017159 27
010011 27
012241 37
500841 29
020550 172
284036 40
318399 40
092097 30
222885 80
091951 21
390906 17
022509 50
339057 79
078586 37
024204 7
205836 1
011091 2
042108 19
236710 173
170967 151
081588 121
033069 37
040059 7
467044 17
452992 54
091007 40
395028 46
063168 7
145010 17
089595 40
037916 34
055530 53
303774 174
216730 1
217566 37
205083 21
505727 44
074655 2
025984 34
140581 7
032837 19
042294 94
078084 37
005908 27
361605 101
229696 175
033359 34
313091 67
111905 2
317260 61
055435 34
105882 38
035211 170
403933 19
157187 61
519858 39
052284 41
324676 80
023718 21
016764 53
379074 75
330848 33
101696 5
001749 14
020342 37
403369 30
316157 61
037213 101
457215 151
390419 25
163635 176
017854 19
046237 44
017535 75
109124 4
170275 17
185774 23
207363 41
438595 101
191934 38
252821 38
055061 9
010958 19
277944 2
026054 19
137496 2
153694 70
524812 7
170295 14
382662 40
258509 30
130752 62
048242 37
022873 19
381703 78
050535 14
017057 14
010472 21
155826 40
001039 49
012639 19
080454 22
356859 98
023147 14
142423 111
053632 2
064428 37
003595 2
471929 177
002712 2
009848 5
047300 44
164703 30
062000 19
020420 50
051649 101
316417 8
071981 81
178595 8
242206 79
014287 38
381165 19
057933 56
094946 87
296876 74
451754 152
320530 8
152612 12
096787 19
014927 53
339260 101
134780 44
025000 17
033339 37
018953 44
332421 17
529996 56
226178 75
402157 63
004914 17
184297 49
010433 49
034839 86
241938 6
017595 27
537585 19
243441 42
029874 1
011477 34
476242 30
191820 76
074131 15
012214 34
504192 44
203596 41
504225 61
010012 2
109071 37
356139 40
528473 25
007975 18
010307 17
219729 54
024260 18
449648 12
109728 4
242154 7
277308 18
008510 50
480004 30
060557 38
474371 7
001718 38
397468 49
165755 31
052933 1
121847 178
009006 34
068332 17
181129 48
040173 14
246772 30
017259 19
135164 40
044474 41
004893 49
318651 179
001810 37
002892 14
025987 37
342116 44
426676 180
011393 50
040251 54
003544 37
106091 7
167907 7
532438 41
002265 34
124131 43
066256 2
009132 181
121060 24
012304 37
002067 7
367398 14
413955 8
035414 2
001646 80
014930 23
334070 19
069872 49
226927 151
123848 61
012397 18
039445 44
227177 49
021858 94
165146 44
468186 182
005375 40
489379 66
030554 9
006312 50
485928 183
008428 14
532481 50
043898 44
011804 56
051617 49
093237 3
014670 21
119370 50
176094 40
010321 2
502444 61
311303 15
496461 19
418783 25
089160 17
333813 7
007530 14
158787 79
506673 25
051663 38
184792 13
326823 14
029993 27
337158 79
020672 49
079614 124
022064 44
024735 42
297489 107
041716 44
030835 18
002561 49
080153 2
443795 61
027636 44
005092 184
130795 141
217650 46
146342 46
043626 2
066915 37
216590 185
010523 22
061483 170
001357 19
011373 40
143048 54
024734 34
005359 40
061179 18
290887 186
017491 81
396310 187
020607 2
323656 7
269551 8
188516 120
007445 2
170194 87
057359 2
006614 27
065980 37
235961 188
457660 113
312582 40
093901 40
372092 189
026363 40
013216 50
328300 46
296710 50
002893 50
081027 2
020105 49
015139 38
021549 50
463850 12
032200 19
066604 158
478186 54
184310 49
266389 57
043097 37
234555 17
310373 111
028415 19
193031 49
102117 80
006099 49
343082 30
281287 190
042223 191
023148 14
076575 192
178158 41
174579 124
001062 1
001100 7
226647 135
013049 2
174567 193
002986 44
088971 27
454600 57
006480 37
259511 194
136377 3
032957 7
328819 80
036057 21
222720 30
106451 1
142825 34
027906 165
011709 56
267940 44
017109 18
020307 49
025937 21
078382 37
491525 86
167940 12
187145 158
029413 14
192869 75
120668 4
199664 38
035043 38
367361 107
108830 86
077764 37
244763 54
039332 21
037175 2
026185 19
048346 50
007801 49
172042 17
132275 54
421073 27
463093 120
032854 44
069665 40
020096 19
047194 40
483757 18
491709 49
044686 7
030647 49
363093 126
034616 54
086369 37
065850 38
139755 53
035932 2
333812 38
092553 141
358160 111
262969 46
247066 30
104593 49
002374 19
301597 4
038557 40
228919 62
261365 27
055033 195
107900 19
150483 8
091414 14
001215 1
399856 34
008577 7
189796 196
037657 21
358637 197
005449 37
295282 38
049639 34
223714 59
037130 18
138910 95
001772 27
018066 151
337520 31
015784 50
018711 17
019500 2
028429 14
182640 40
029737 198
030580 11
221936 22
084698 4
164809 80
410768 199
375342 56
479713 7
159405 42
331120 38
331482 152
021693 34
025032 37
023975 40
320977 1
109453 4
004415 49
002566 77
022630 200
003261 56
043605 2
055923 37
081383 99
446842 75
209897 201
059242 49
171655 42
463789 30
242113 19
294669 202
129216 27
220694 203
217163 5
018001 117
180066 81
040060 7
019329 44
036620 61
228674 1
139754 2
047808 18
240163 38
049696 34
005715 53
118351 81
446491 54
017651 113
195244 25
312726 48
076452 107
105595 4
310176 2
438404 1
051939 37
132922 7
000876 50
025695 1
316103 34
090589 50
493693 8
476214 80
065743 49
006613 27
067903 27
383803 30
028736 21
320680 25
057405 27
122241 74
134878 59
477152 58
128406 44
006275 50
028885 50
189702 204
356840 30
241940 40
209789 17
309186 19
014931 50
024438 18
123507 111
066399 167
107811 40
113387 205
020628 49
104923 30
455052 41
044318 2
040238 40
227959 1
088743 6
032694 75
017761 34
482700 6
012441 40
051489 5
213325 55
143273 19
025318 14
083273 7
014142 21
030048 37
061147 18
384311 170
176498 6
013778 50
075955 19
033176 37
115459 2
190630 61
391332 21
236937 22
234219 50
063768 25
126974 48
361334 75
052182 40
095273 141
103452 18
278381 50
496165 2
074326 37
158918 6
253211 38
197922 38
082818 107
176151 41
198114 8
391690 19
089358 8
396641 6
025815 14
214487 206
314941 19
083628 38
036777 42
059991 207
008839 4
375473 63
066853 40
441491 208
049591 81
006799 49
241311 8
054010 209
085451 50
004407 19
016814 21
414750 41
078623 40
325877 67
013373 50
077287 7
012852 49
064674 38
192828 158
288682 210
040096 61
007751 7
328149 30
279554 7
334979 31
033070 37
126186 22
079339 54
482190 7
385938 25
399425 52
173312 4
063207 14
150162 75
328805 101
004848 23
004446 44
125452 25
074097 50
467989 70
203087 120
152806 54
119464 6
433311 40
191586 65
387897 56
231724 50
260106 39
454491 75
050123 37
373542 46
069074 7
004044 2
098452 38
004251 50
235235 37
488996 120
048082 2
058067 120
091886 17
032645 40
035679 25
133426 44
408967 19
330065 8
035498 19
122390 30
344960 43
473438 211
028280 49
019621 19
000526 37
393365 22
229261 141
485287 8
189819 50
086522 75
046919 38
528506 25
039850 56
434016 30
358720 25
213248 40
051057 27
215410 8
334420 18
005664 50
066410 2
115123 14
240469 120
334839 17
282690 212
419366 40
351619 34
384013 56
510223 213
412281 214
244491 50
281245 30
170676 7
005358 2
026997 8
062873 215
461944 61
145110 39
065311 216
231428 19
278711 38
027004 40
226732 17
051475 217
054444 44
215236 41
056037 4
125972 17
024580 56
508539 34
294482 158
381253 42
078383 21
476681 40
080301 2
261512 40
234592 40
075768 58
004408 19
027517 19
184711 80
447128 30
364017 19
022036 54
011521 27
040946 218
502376 169
066929 56
355604 61
532677 124
010957 19
298116 219
282919 220
060504 2
389697 18
028236 19
257314 172
492917 22
017258 19
069278 1
088660 19
395344 19
239980 221
508922 49
287657 113
008040 27
197280 30
359110 21
018091 4
421717 135
470634 4
141382 25
429999 85
049438 1
254281 75
077345 4
003795 2
058035 40
092809 43
048521 222
082121 101
050806 37
496689 25
148008 27
050523 80
272327 70
281055 49
416081 58
059095 14
430520 59
386010 2
000817 39
458019 101
076618 37
176844 40
239402 46
284256 14
008867 70
004038 49
043043 50
024163 40
217862 40
137401 86
181747 61
197559 61
019200 53
019399 1
341650 25
053415 37
291511 101
230250 55
107923 8
421783 75
011397 34
149859 37
296461 40
388724 50
019487 56
273511 223
005042 19
503489 17
001962 21
280385 8
038362 2
002010 1
010436 14
322296 1
512458 141
080285 49
000966 38
040229 22
067768 27
124799 224
111699 187
414085 30
037037 136
045289 13
021713 19
106002 8
413863 75
095432 120
075916 14
153445 27
075290 17
002509 50
286726 59
026614 56
295167 225
488828 17
405831 48
242155 7
441628 49
329193 19
276557 75
034937 38
471559 40
003750 1
231403 120
181725 151
295891 43
004507 2
001063 1
450320 19
027618 14
169806 37
021634 40
020472 14
071913 73
095300 226
143261 23
472549 24
031868 19
322668 227
047330 31
002581 21
017456 2
423077 57
077430 37
072463 46
005555 18
056303 37
474663 17
410236 49
092311 80
056078 151
247869 81
049732 27
440799 228
052522 37
115793 40
061027 42
209298 6
005718 1
335824 162
506935 101
264427 151
042587 40
254916 167
339191 30
026773 50
504042 50
091744 54
046667 2
138120 43
015140 38
018759 14
156737 8
013690 18
064334 18
014490 37
007019 62
047195 40
015115 1
390331 21
124988 120
028174 40
033093 37
253411 85
013889 21
079487 38
093588 83
182152 30
333006 7
318193 40
034819 66
006437 49
009172 2
191409 229
489211 49
050805 37
504479 17
036835 7
035930 37
005877 27
372316 66
446933 40
007016 2
159734 22
240539 7
009036 2
136042 18
338492 226
234122 230
298111 40
014221 49
040373 49
010249 37
085510 4
054287 21
009588 1
027082 2
481785 231
287715 19
332145 41
016783 27
009874 40
177432 197
011168 50
039690 124
271428 7
139308 27
005745 21
275565 192
462051 40
433431 165
014999 38
479278 56
039426 2
001809 37
235492 49
345488 30
132172 136
022217 4
016782 27
250573 62
005514 44
077414 44
003982 40
454993 25
345782 50
343912 232
067597 14
398413 40
009826 2
178157 37
155087 17
370509 8
283864 50
004250 50
005434 74
018954 44
498166 52
263379 169
167854 44
026053 19
205939 233
268897 4
010859 34
021009 44
007446 53
391598 58
015954 50
491809 49
239977 30
344782 41
346313 143
108004 234
028430 14
017490 46
429047 111
000525 37
384266 58
310418 197
015732 22
067236 11
328231 235
271197 40
005882 38
014288 38
281772 25
290085 19
003507 27
015596 5
145125 14
407565 25
001286 44
360637 19
344489 2
046983 151
221900 7
024203 7
038296 44
017507 19
003062 1
002567 40
140488 7
024261 18
050856 19
106024 30
234924 39
197387 18
045091 5
077258 17
420321 99
039980 150
149383 1
007753 14
334363 19
120042 63
237833 124
049440 70
001933 44
299213 19
030971 19
056302 37
461041 75
424690 19
040724 50
126142 141
218188 49
223210 25
339417 79
004447 44
004416 49
009037 2
145833 58
118192 39
397469 49
000077 18
091321 21
068398 84
028713 1
106997 2
321175 41
011396 34
019547 21
468275 75
026104 124
034776 49
145914 2
066152 37
040092 56
153802 97
318197 24
015766 37
066930 56
216720 2
148917 4
003749 1
024989 27
025765 18
024272 50
022729 14
067435 80
226812 19
022508 50
311271 236
386248 46
466790 40
089123 74
069277 37
069839 237
047181 14
326766 30
026259 4
169427 150
014071 37
012252 44
018429 21
018419 5
029885 212
067788 17
057736 101
386325 87
344315 14
505131 1
403898 46
056644 81
453424 132
034135 18
229868 58
140021 38
288398 49
381854 25
310711 30
029425 102
103047 34
300045 61
464321 46
205806 30
382258 30
117143 17
078187 80
045623 50
011882 50
482487 21
245580 27
095743 58
114998 66
366277 58
152583 42
006438 49
066465 27
009632 50
078693 136
121220 41
051605 238
017812 19
015309 50
176268 7
164707 23
520948 80
028721 18
242167 19
525213 49
534668 185
047724 38
114804 2
056321 13
054116 14
089546 5
245761 37
145489 2
026645 61
024296 49
066484 56
001885 49
011343 14
059367 19
024793 37
316394 81
474323 25
019254 1
427048 44
138229 44
036847 14
445581 101
041760 58
144701 19
037620 38
049184 37
130098 50
077734 50
018172 1
024723 56
128488 30
159296 42
012544 7
011092 2
474272 40
042620 40
322130 8
006502 42
158845 2
370382 120
037617 7
010370 14
083629 8
175518 101
102677 50
076902 136
535850 23
420275 239
029169 38
356643 63
039387 5
005041 19
002920 14
037006 98
015733 7
002066 7
037340 22
033031 2
020826 18
042586 40
064935 41
361364 41
030055 50
439867 61
054190 25
306677 52
009662 37
138230 8
437543 113
198910 4
024572 38
051527 63
288519 17
002438 34
397712 17
186212 41
130137 37
506404 18
456263 30
180644 40
313838 30
371608 220
011797 38
039755 21
020126 18
256399 34
098357 17
081601 58
515697 56
023367 4
482014 17
180240 41
107152 40
053868 240
256931 111
153031 5
351244 63
193898 241
311564 17
032295 7
173547 13
306463 49
361963 17
030340 40
007976 18
018194 21
194015 5
142602 30
010322 2
477290 242
346800 40
019980 7
035931 2
152628 43
102320 14
066854 40
187610 243
017135 2
000877 50
069258 27
152058 17
471785 8
355363 7
184850 1
330767 14
001182 21
027331 2
409664 49
107901 19
189329 19
008838 4
026613 56
372576 25
273850 40
244954 30
356165 8
017171 7
114169 21
073336 70
389359 75
202305 14
020169 17
239480 17
003349 37
050006 37
136860 17
184562 40
075209 34
074665 50
045974 4
004265 50
001978 40
438932 21
065284 40
155441 8
268654 41
002375 19
020827 18
045891 61
399645 44
116044 4
049460 38
059802 39
033427 2
164404 244
025911 44
043413 7
044331 19
365967 62
036152 38
005656 38
195943 81
043700 27
465692 124
485009 54
346892 25
531500 53
124127 27
123316 95
260444 101
167444 1
071756 14
487312 1
312790 67
171256 38
014442 42
050265 18
460160 37
004368 50
070739 33
105454 40
040046 34
428063 61
008462 34
053892 78
056332 50
497733 40
001934 44
068871 14
367829 38
308316 94
007919 44
108633 80
142409 30
080913 56
154637 1
118873 6
532042 75
482987 46
289243 101
407025 189
025023 56
365925 245
224541 61
180521 50
238437 81
107021 1
377262 46
383762 124
480704 70
163592 115
067852 40
036836 7
474694 246
182874 19
353847 40
055955 54
001961 21
387500 30
237296 8
034522 1
026856 1
461713 247
039092 248
070277 22
036297 5
288546 39
320035 141
010524 22
034936 38
435450 18
184278 50
002508 50
013088 82
008067 56
298974 17
082345 19
014926 2
020542 34
517656 17
537334 81
284553 79
113162 4
374098 56
038984 49
392252 102
334285 7
032032 19
197017 38
182601 46
047485 19
208934 66
041016 249
027127 38
106087 8
024715 94
068373 7
061315 38
471288 190
075917 2
041669 2
465120 87
302477 8
013113 44
128068 151
069337 56
109436 109
036435 44
355382 21
270976 4
015953 50
422197 250
018918 38
054840 8
458478 38
497810 55
405974 17
421100 58
417490 21
000967 38
419918 39
297580 2
461513 86
005746 21
127166 56
049715 34
489838 33
461731 130
078670 37
516686 27
014958 38
178244 80
414584 8
179782 79
028722 2
018296 19
142484 154
025422 37
046047 50
215185 101
010564 50
143295 13
457493 44
010371 14
216192 75
030030 42
178992 21
113767 80
162078 4
023803 2
108858 87
029453 49
039225 14
133135 251
369018 34
241356 2
277847 55
299458 19
066734 21
003061 1
061318 4
243413 22
396075 46
478880 67
018276 11
434502 40
486011 42
019396 50
276985 8
249792 151
035033 27
030021 44
002929 38
051558 40
339502 7
024960 7
013650 21
011796 38
233784 50
