0 21.63691520690918
010251 0
001357 0
105997 0
207285 1
395028 2
195469 0
396075 0
011264 0
014930 3
529996 0
426212 0
355363 0
041864 0
027003 4
344527 5
065436 3
054840 6
091066 7
010958 8
201049 9
387500 10
285934 11
199664 0
028721 1
002322 1
102042 12
207801 1
053535 13
089196 1
029715 0
176811 14
403369 10
005663 10
452992 10
492917 13
157977 0
295282 0
270976 13
167940 0
290085 0
082022 14
026614 1
047414 15
070277 16
337800 13
318621 10
230250 17
244763 15
111905 18
016053 0
299213 0
157488 19
001348 10
184310 20
458475 15
491986 15
036860 15
372709 21
389697 22
005909 23
090564 24
395344 0
213254 18
050523 25
474663 13
034942 3
298111 14
379074 26
473220 27
159150 3
008801 28
120397 15
242155 29
029148 10
125673 3
027499 30
158787 15
399900 31
402157 0
018277 8
346892 32
074326 33
027082 34
283725 10
083628 35
006275 3
028885 36
105306 37
113387 38
298974 13
499633 39
267574 0
498120 14
045891 3
348600 0
477290 38
014767 0
043413 16
334285 40
007311 41
029331 42
334070 0
010796 14
244927 15
331289 18
109124 0
489211 43
093397 23
278687 15
245727 3
010563 14
006721 3
097567 14
464321 6
297580 44
218253 13
252821 0
092553 34
083629 14
027331 0
053167 3
118192 15
218188 43
323656 29
480893 45
410236 3
055048 25
040724 10
130098 10
012241 0
471288 43
003321 18
343231 43
011091 14
045220 14
068332 14
137286 14
088340 43
351619 46
198910 0
061377 33
158845 47
051786 16
066854 4
313091 38
091844 35
056302 33
300045 43
011804 1
023070 15
316417 14
014362 16
149383 48
089123 14
356763 3
457660 38
019396 3
311303 49
007148 50
148385 18
072611 38
152612 38
502444 51
228919 14
066256 52
030681 3
293825 38
263379 4
025695 37
286726 23
268897 53
408967 31
156449 14
109744 54
064426 25
155595 14
006438 3
014361 16
020105 3
045561 18
039697 1
008800 10
376825 0
133063 55
311795 56
446982 14
024942 37
092311 18
397469 14
429047 57
006805 3
154637 43
353071 58
075917 14
105596 59
006502 20
107900 42
277847 17
528473 60
418953 0
324876 35
081027 47
244954 40
006069 23
025231 4
095193 61
007167 14
400679 0
014958 35
089358 6
280385 14
531500 14
002930 35
005434 20
091364 58
247056 35
102249 6
062258 20
031712 47
006614 23
012217 37
088660 0
088556 6
059802 60
206197 14
107923 6
449745 15
452739 38
260986 15
021858 62
048053 42
448255 19
042294 62
072463 2
051649 47
020827 14
123090 47
030580 0
370136 0
003260 1
306889 59
385210 14
367398 3
040092 1
013880 33
026054 0
048346 10
470634 53
046983 15
100827 63
039774 14
066929 1
461713 64
017711 15
022286 59
106087 14
108858 19
117143 31
082222 15
105251 65
145012 66
488828 42
024297 3
360166 47
468186 38
058173 1
115123 3
405648 0
034616 58
311255 31
095743 33
318547 18
156299 17
377260 14
233784 33
009031 14
068962 31
474694 67
382258 40
021712 0
009848 16
001842 68
467989 44
001101 13
009661 0
294482 44
399645 14
517839 8
006551 0
024579 1
467106 50
184850 37
035033 14
033833 3
013373 3
020628 3
142484 31
025815 33
081383 10
474746 43
069205 53
288398 3
214006 0
093237 14
159734 26
008066 1
080309 69
000037 0
153445 4
027618 3
022729 33
017171 16
176151 70
018419 16
126808 0
006552 0
001215 37
281055 14
075916 3
132172 3
044317 14
381854 71
028415 11
127449 14
446842 2
214925 44
532438 17
268447 14
002375 0
197922 0
512267 31
100843 0
069356 33
146342 19
228378 14
005724 1
197280 43
068871 3
041597 23
004446 20
011373 14
460039 70
049732 23
085683 22
400841 31
092809 38
143048 31
068558 14
361605 30
095273 72
186212 6
493392 26
044686 13
005094 43
182640 31
508890 57
030621 22
057440 57
004507 14
037620 0
053120 33
020672 3
510223 40
012544 13
009006 1
060504 34
051527 15
306463 3
072620 47
043132 40
063073 13
214487 73
137401 19
397061 50
024862 47
281126 37
010859 74
007842 20
173547 8
112492 16
126974 22
171971 14
062873 13
022508 10
288546 25
266108 8
181662 10
021009 20
471785 0
423800 20
461513 18
172432 75
035933 3
299143 38
019500 47
417490 15
088834 13
266590 20
474371 23
359110 40
169012 3
017258 8
009172 47
423886 76
004408 0
026596 57
024472 37
021876 3
168505 3
084740 0
215846 14
039980 77
047300 20
223210 71
024989 23
050806 0
221251 71
046592 47
382758 57
218411 78
035498 0
007019 14
161207 59
018172 37
501775 79
278381 28
040982 47
519743 31
005092 38
123836 14
454365 47
014221 3
272394 29
446933 4
426676 38
034208 0
340344 0
211842 20
069505 38
124262 38
071913 80
039070 3
128406 14
067545 0
296876 21
018954 20
446491 26
189819 10
448309 35
035842 3
130137 0
012303 81
241311 82
141679 20
484291 83
029993 84
496461 0
291549 2
083048 15
463093 43
145110 25
308316 58
298328 75
528360 13
065326 0
051489 16
046047 3
179928 85
059242 3
047181 3
004550 0
012717 3
278219 14
178157 3
291688 50
065784 3
431686 86
496689 71
011588 74
033043 38
063207 3
320977 87
219729 31
456263 88
046881 89
042973 57
111722 14
373030 14
038315 0
015183 3
192400 0
034816 37
480870 56
103452 22
309423 90
006099 3
020201 3
025937 50
270595 40
084698 50
300205 71
237833 14
183189 20
390259 14
367361 63
501520 91
057127 5
375342 1
065850 35
221762 8
056216 14
164404 92
059367 0
124717 25
277501 43
156737 82
145833 30
093901 14
346313 5
316157 3
407273 2
064335 22
075894 33
309691 40
181129 22
109607 23
410510 57
320035 72
236283 25
035414 47
407087 14
015732 16
047330 6
024118 33
247014 58
102049 40
300537 38
222720 93
055530 47
225059 12
046667 4
320680 71
091951 15
456251 0
395452 50
017595 23
152628 15
037698 0
353380 47
072576 94
339260 30
342116 20
399261 68
007918 20
017456 14
387897 57
407872 95
132545 51
113823 21
099326 44
494812 19
159596 50
068539 74
006748 74
104593 3
147919 0
425373 51
114804 14
000691 31
140857 71
288609 6
042034 23
063213 3
024142 20
076938 49
085510 50
065295 35
203087 43
012304 0
002986 20
298252 57
140488 13
020010 47
082121 3
062000 42
027636 20
377887 50
445581 30
023355 20
028645 71
414291 14
429395 96
014297 15
457493 14
477303 0
299713 44
255764 97
036296 16
005058 50
057405 23
328805 98
052298 3
156491 33
397468 14
026650 37
032837 0
034937 35
094135 6
077345 50
285078 2
012718 3
503111 31
234882 3
453424 49
195942 75
263546 25
040946 99
094946 19
043488 16
059015 68
035032 47
460777 57
006080 13
011521 23
040173 3
010011 14
069708 35
124988 31
322337 71
053434 33
028133 47
001347 10
079873 1
372316 50
190630 50
182874 0
085684 22
414750 82
339417 56
148008 23
278711 43
112586 23
407025 100
030647 3
268654 6
241938 22
038939 25
016524 33
050258 23
121881 101
059997 15
491525 12
025066 14
106997 14
024087 14
258509 22
391598 44
025820 47
150162 2
244050 42
009588 37
226732 58
500841 0
020420 33
067903 43
045623 41
002580 15
093729 0
120229 13
419366 102
310711 103
226245 23
083273 13
012397 22
171706 14
432027 0
015547 14
042621 50
502394 12
346269 75
005855 33
016783 84
180521 10
126970 3
421717 45
188516 81
260106 25
472549 23
025933 33
463850 35
035043 0
144396 47
265037 0
077430 33
003938 74
356840 40
165711 3
021693 74
322185 51
271912 104
074089 14
187145 40
293498 30
212894 14
014772 0
178244 25
081520 0
173869 25
488996 43
213006 14
249718 50
254281 0
071981 50
421387 35
026526 21
483257 56
042016 33
123316 2
039795 3
068870 3
002508 10
012638 0
125452 71
399856 105
107811 14
140581 13
006613 23
020342 0
482014 31
193898 40
496165 47
222125 3
231061 18
136860 57
047413 29
004037 3
151871 22
278085 23
074745 12
519878 57
399334 91
083010 3
037130 22
038557 31
000188 72
010370 33
143295 106
440799 107
047194 4
090721 56
297489 56
102145 108
062742 10
040230 16
107727 42
026774 33
067597 3
489621 21
205836 37
423077 109
141382 71
350717 2
331619 22
079206 6
028722 47
039445 20
381869 43
172042 6
011709 1
378446 29
362102 40
049440 110
000031 13
471006 50
036813 80
360102 6
234592 50
030056 3
022509 10
019254 37
086369 33
126142 47
302973 14
227601 47
053632 14
071508 10
375473 0
411665 4
236710 111
001375 10
143261 102
069074 2
091886 112
311564 57
167136 44
130795 72
006274 10
240163 35
010524 16
051528 13
178158 6
241356 47
173312 53
007445 47
153471 33
169491 25
317260 51
088743 10
505727 14
197017 35
197559 72
009037 14
502376 57
036120 14
018711 25
078623 19
441628 3
114998 56
269000 0
309186 0
061999 0
074656 47
050805 0
027359 35
322130 31
236937 26
439946 45
016520 1
128488 40
047808 22
039332 15
446658 91
180722 5
011708 1
024486 20
371495 35
372487 38
428063 14
181897 57
325088 78
353847 14
039426 14
486307 113
091744 50
067303 47
298195 114
346800 18
051836 3
052284 82
037916 74
000078 14
014288 35
407860 35
114956 115
001376 33
029737 44
009132 51
074017 57
002929 35
114861 21
377061 56
048541 1
010371 33
089059 29
019487 1
528506 71
111212 116
080285 3
235961 117
055070 10
205806 21
399919 71
130752 102
243413 16
010588 82
087439 11
401685 118
061147 22
010359 3
013778 10
004017 33
028132 47
181996 30
099421 14
406599 3
075736 19
312726 18
421783 31
082224 31
068373 29
052949 50
210073 71
006577 43
047724 35
376093 8
075955 119
207541 71
053243 120
069707 35
007976 22
259973 56
396310 121
026856 37
000038 0
066399 72
112965 5
006938 13
444248 57
461944 91
022217 53
064935 6
010311 1
516745 68
330882 14
013430 15
470852 119
020660 122
177432 10
029055 4
005057 50
013690 22
391712 42
076078 22
065381 4
114834 30
248792 50
161554 3
052933 37
060188 0
015954 10
025987 0
242863 71
152583 20
023803 14
010307 57
035211 123
109436 124
213898 43
152806 50
001286 74
011434 13
033093 0
024261 22
016474 13
509958 51
136663 50
027911 16
022630 14
004893 3
074097 33
000027 25
002009 37
476242 40
485009 68
115180 71
067767 23
020307 16
331390 125
009007 74
240454 31
516686 23
107700 8
164217 14
108002 70
012018 126
030971 0
026104 31
217862 112
001885 3
105882 35
054444 20
182935 6
008838 59
486011 30
106091 13
364017 8
137217 29
023640 0
026363 4
008578 13
386248 2
046902 74
130941 42
224152 12
139308 127
226927 15
121567 128
284959 71
076432 33
276557 0
491765 15
010957 0
018420 16
026259 59
003544 33
068398 129
014931 10
261512 14
243075 61
017160 23
414345 3
208934 53
116044 0
298701 130
005375 0
203596 3
037617 13
152779 2
003829 33
035679 14
384311 123
493693 14
000525 0
087130 6
153031 16
243441 131
105883 35
375177 3
020472 33
015139 35
057489 84
240504 45
065109 34
457215 132
358160 57
356139 14
176498 22
239480 100
118673 68
433612 70
482487 15
123507 26
016519 1
072111 13
007754 33
069079 47
023718 15
491809 3
018296 0
130317 14
040060 29
080779 0
029994 84
107492 35
039690 57
037175 47
010564 10
028429 33
497810 30
096383 42
424810 10
140200 3
159296 58
087384 133
007752 13
331482 40
504192 20
077764 33
505131 37
091206 35
060956 0
458478 35
334398 40
086109 33
227177 3
312532 14
031224 1
000433 45
120358 6
119464 22
076902 82
109791 23
021374 0
059385 14
042108 0
025033 33
000526 0
059096 3
297398 38
036152 35
051663 35
477551 25
275377 59
049343 130
070360 6
017754 57
073163 134
159405 20
006070 23
051558 31
282739 135
093588 44
006171 3
508330 136
027517 42
029453 3
033069 33
036435 20
332145 18
003982 20
441491 40
118103 31
054065 0
194015 16
005272 23
180644 18
019199 47
048103 37
317782 45
390651 63
008461 74
121509 47
006313 3
483690 82
253369 14
120668 50
408151 40
010321 14
017308 20
066920 71
013113 20
089546 16
005882 35
481785 56
240539 16
356984 51
024437 22
011882 33
024204 13
069665 14
029377 4
189329 42
467579 66
013748 33
408330 14
465120 83
503489 58
123128 75
005856 33
103035 0
536662 82
045974 50
178498 45
005912 16
044877 47
007975 22
036093 2
143273 107
385521 137
004914 25
481169 120
258009 14
055735 43
189796 37
055843 41
454993 71
391332 50
114951 6
468275 2
361364 6
015115 37
008428 3
283864 10
007168 1
369018 82
443795 44
087547 56
004367 33
257314 138
326766 40
055923 0
013049 47
098263 0
152058 31
239402 58
254282 47
070278 16
032295 13
003121 33
218360 139
508539 18
041016 71
192828 102
052876 31
078819 140
095224 22
018053 33
066219 109
047818 14
318193 18
145125 3
000966 35
026645 44
052345 33
049437 37
191426 1
462051 141
033176 0
061559 142
085165 47
011393 10
223714 25
009036 14
098264 0
050265 1
096246 0
447035 2
002566 4
392368 91
049184 33
062335 29
078383 0
352783 13
186380 143
439867 51
405831 144
032509 13
067852 100
054786 15
053296 23
472806 19
175152 26
028236 0
184653 49
116503 38
110798 50
114209 75
189702 20
005664 10
282919 145
006800 3
433552 25
020826 22
505417 25
418888 14
471559 14
388724 50
477152 44
004251 33
176098 71
170676 29
029614 43
118283 14
170776 37
284437 14
124039 53
020169 57
192869 7
506404 146
079487 35
012214 74
334979 57
142602 147
536364 72
262108 148
138120 10
030400 50
001646 25
398639 50
069550 0
386552 16
235090 149
433311 14
148917 50
531698 85
216590 6
012191 3
275782 10
000642 33
145489 47
316103 74
042586 4
266389 82
145914 47
130011 115
005359 14
068431 14
468755 112
007529 33
245761 33
002438 74
311477 44
497100 0
150483 14
252570 10
170385 16
386010 47
189031 47
533849 25
013779 10
461220 91
009826 14
174567 22
514716 20
063552 33
032317 3
348455 33
330065 18
057736 30
002066 13
029501 35
004264 33
049639 74
217566 33
324676 25
490362 37
284036 35
045126 0
184278 13
047195 4
081242 0
138556 33
164720 82
004848 6
007446 47
051605 35
472363 16
486718 15
155826 45
506935 2
461041 45
454491 45
314803 47
035930 0
067393 33
197387 1
514818 150
014442 8
021770 50
004506 47
068515 142
174191 33
006001 3
056215 4
381253 20
355382 50
092551 10
038502 13
254402 14
263283 44
199396 42
171655 83
024792 0
014287 35
089547 29
040046 74
466878 44
065284 6
077258 21
450453 47
311758 56
379520 25
365504 124
023071 15
361334 45
246772 151
089299 15
022064 74
053870 14
050006 0
056321 130
017651 110
007753 33
071825 0
234555 31
491709 3
404891 4
026773 33
333006 29
049696 74
114783 40
333249 25
185861 66
170275 82
014490 3
514588 82
229868 44
029169 35
036847 3
148400 37
152593 0
082345 0
075768 21
005745 15
140021 35
052522 0
030340 4
184303 152
028639 0
080153 34
022008 10
277944 14
024438 22
098357 112
038296 20
085451 10
007016 14
101241 2
296710 28
018001 153
133649 31
035921 37
293673 53
008154 3
515697 31
043294 74
055435 74
034839 18
233314 154
051617 3
497733 1
473176 6
060733 40
036620 72
295891 57
403933 0
290887 65
011796 35
071740 3
061018 0
082818 109
033427 47
285276 148
234924 83
029413 33
259519 47
394027 155
276985 25
071816 31
017491 47
067788 82
022048 4
210689 68
258913 44
004352 3
463432 47
323037 71
091321 50
026184 0
008067 1
069864 23
401567 20
506673 71
007800 3
102445 33
022873 42
032957 13
062156 47
004950 0
212350 44
414085 40
136896 35
144599 13
356643 0
079431 47
010329 14
090178 59
133591 58
031868 0
182601 2
105595 59
041716 20
041625 16
015953 10
029874 21
175720 91
239980 156
021273 31
372092 0
249792 57
007919 20
132113 157
023367 50
019789 0
365925 158
002559 14
079339 159
092977 33
008475 15
033339 0
075209 20
032423 29
039755 15
133135 160
229179 22
016764 47
040373 3
229696 71
011396 74
334363 0
010436 33
318938 9
115207 56
247869 161
018066 44
007059 37
034819 162
010562 47
023639 0
106451 37
002264 74
031406 3
237983 74
036801 82
249733 13
138134 14
325877 163
003750 37
406683 6
011092 47
213248 1
069277 33
069839 35
056331 3
018753 22
049310 16
535850 164
176844 4
015784 10
008040 23
199582 40
053415 0
043097 0
030696 14
043605 47
346841 165
190330 123
030048 0
196098 71
022218 50
078382 33
193781 31
043745 0
460160 3
183670 23
409136 61
288519 57
108633 25
453479 35
438932 15
420321 44
180592 13
005913 16
034603 78
246663 14
232604 50
006481 0
030554 47
065311 166
032694 45
233989 25
077350 43
017535 45
053467 14
018918 35
132696 80
203014 61
480004 167
027004 4
035314 57
009827 47
419918 35
526558 14
026126 168
093519 0
471929 38
421086 75
056862 40
479568 6
256931 6
046919 35
161827 57
532677 57
236000 14
036057 15
400286 42
273851 0
409664 3
489379 50
024572 35
189337 35
140309 30
117230 40
106677 169
018917 35
217859 75
012441 4
115067 37
044269 3
044474 3
121060 43
134878 44
226647 45
531273 37
056303 33
368672 31
027127 11
231298 35
005123 0
139754 47
334420 22
002581 15
070739 56
002985 20
271428 13
310176 47
504042 10
311141 40
009830 35
018052 41
078187 59
025422 33
048242 33
416536 25
231403 43
099593 3
477463 2
000546 1
170967 142
480335 15
135874 44
078693 13
014850 10
195093 91
334400 100
005358 47
346310 43
078703 1
171822 100
136042 22
396342 73
044318 47
033400 125
005723 1
004039 10
455052 2
028736 15
107152 4
002323 74
003507 23
001886 3
534668 67
004250 33
226178 1
014412 22
028430 3
003939 1
370677 44
005908 23
238437 71
245078 162
013749 3
356165 18
362009 0
345488 125
329417 14
097123 16
421719 75
060125 37
023975 4
011168 33
312757 22
267940 20
101433 58
026613 1
049460 35
000066 30
063168 29
261961 20
012252 20
358965 13
449648 125
076575 35
174579 71
524812 13
060274 33
007312 33
095300 133
011342 3
487312 37
093413 22
027083 47
046237 1
164809 25
140233 14
028280 3
052182 4
175596 21
024473 52
036835 13
183913 53
391690 83
216730 40
015745 1
034952 0
006480 0
152925 56
060263 47
014110 33
179782 43
440457 10
153802 61
310418 80
184711 25
138229 20
339018 19
536744 18
033156 36
004951 0
195244 13
096787 0
378607 127
043721 3
006749 74
149924 1
039086 3
054064 35
046567 30
061179 1
408881 19
136377 37
005938 45
069278 37
020127 22
070263 170
040238 14
003749 37
358637 3
012442 4
009899 14
260919 4
366867 30
147768 57
066734 14
454955 171
047968 172
131177 44
170194 3
424501 20
013689 22
137496 47
162836 14
001039 47
134655 62
104923 40
264646 14
327729 20
118125 14
020126 22
212909 89
465692 173
417647 174
025423 33
012851 3
040229 16
209897 19
281772 71
026185 0
017854 0
285666 8
015309 10
234219 10
002920 33
504225 43
075290 50
261417 43
026264 164
027906 102
297672 3
019981 16
010312 1
147756 22
474271 175
090589 33
384013 1
125972 112
384266 44
042615 10
156658 56
059435 75
393308 33
037921 74
062858 35
011263 52
440909 176
007060 37
001100 13
065098 77
014670 15
081588 13
000759 61
111301 47
169427 77
310373 3
013088 177
085102 0
425819 25
385938 71
208900 178
004040 10
025672 22
420275 179
370536 14
015733 29
333813 13
473438 30
259740 19
059991 31
055585 3
504479 50
004447 20
055061 14
113162 53
064334 22
023593 125
005883 35
405974 15
008885 74
405877 164
015277 14
362592 0
074665 33
003596 47
037657 50
318399 4
052638 6
191820 10
299197 13
075014 33
076452 2
454600 14
003313 21
313838 43
114669 10
018091 59
360851 180
146730 47
266130 102
113767 25
114169 14
068126 41
381703 127
340735 82
111105 57
339057 21
478880 163
048856 57
536363 3
208313 18
032422 16
038984 3
056037 50
083500 47
388362 130
052722 15
318703 25
064694 4
002921 3
240469 41
424690 0
359982 10
001063 37
169806 33
264198 22
485637 50
229261 72
045213 37
004475 35
153694 47
081385 13
245279 13
008577 13
132426 15
014696 47
012639 0
180857 60
182857 181
109656 4
537334 75
003062 37
269286 11
017110 22
055974 15
191586 33
024723 1
138230 18
407036 34
448032 182
251640 16
450531 183
025023 1
123169 43
073544 22
000146 20
085811 10
155087 14
208799 14
002892 3
086097 57
061323 177
207342 142
499024 10
261395 14
014927 14
220694 184
247066 40
184562 100
049438 37
482987 25
470245 44
161265 42
110929 30
233443 75
013650 15
065637 20
002439 74
126090 45
254892 80
038362 14
004368 10
029359 74
437543 115
191934 35
014071 0
161981 91
015632 33
405895 158
140190 6
067855 33
135299 21
321320 173
396092 4
489593 0
020190 33
250573 13
007530 33
052948 50
043898 74
011726 21
043697 18
253411 44
316638 177
016199 47
057933 1
040059 29
470052 100
034554 10
456765 13
008041 23
263164 75
010495 23
176094 0
032831 50
242113 0
036777 20
134780 4
411882 40
367829 35
422197 185
009900 47
019980 29
034756 35
007522 56
380815 22
049414 6
023786 33
102117 25
006727 30
000032 13
326315 23
365708 6
337520 186
003794 47
007801 3
521348 56
312582 6
051475 142
067768 23
321175 15
361963 57
066410 14
054267 33
377262 0
024960 13
012259 3
123339 6
037759 35
099661 47
327561 43
368538 27
056665 33
276632 44
474272 6
089160 8
111478 1
077734 10
317600 50
226812 0
224423 43
166160 174
071948 3
041624 16
006380 4
001287 74
345782 33
479713 13
420406 5
413955 74
482190 2
065116 14
014926 14
100941 3
253241 0
370509 6
000547 1
167444 37
100968 112
016726 56
019399 37
176263 63
032200 0
000817 25
387562 20
318368 4
032645 1
260110 8
111008 14
339610 44
002712 14
122241 21
076936 16
009171 14
062741 10
010473 15
024296 3
083976 70
137822 14
133426 0
383762 42
253211 112
434502 1
015631 33
020096 0
096028 57
061318 50
262969 2
256399 20
107021 37
347358 3
215236 18
392252 53
066465 84
533905 57
145010 112
013756 74
037340 16
460674 77
359423 178
022036 31
082962 187
421100 44
005122 0
084243 13
093145 13
003261 1
018276 42
002067 13
017057 3
002032 109
065980 0
032032 0
075889 15
099106 45
151828 4
469211 188
267209 57
049591 189
003795 14
037006 70
167736 190
024861 47
204525 47
309240 31
080454 16
083195 13
289243 47
336171 18
280380 31
008685 47
170295 3
017259 0
433157 50
004052 74
005656 35
286408 43
063768 71
441289 140
330767 33
474323 71
034135 22
010248 20
175350 3
451754 191
034776 47
070505 16
093414 22
318041 6
066484 1
134237 47
228382 50
095432 58
424203 66
141595 15
004415 3
305640 47
011476 74
527040 84
025318 33
005718 37
023868 15
231140 71
343912 57
138585 32
344489 14
009662 0
001933 20
024272 33
232936 14
024735 74
459649 10
300954 44
205500 192
162078 50
008509 10
054116 33
283672 33
071756 33
180066 38
228674 21
039890 4
311271 193
005514 20
084697 50
061027 91
215185 50
532481 33
064429 10
046925 194
037078 19
018953 20
216192 45
008037 3
439871 71
040091 1
383803 4
097182 30
480704 110
108830 2
006312 33
030835 22
033412 0
066604 100
023147 33
334839 195
087803 22
378300 3
029987 25
328231 38
328149 196
069872 14
284553 56
337035 14
009511 145
058035 31
296476 23
069108 74
021634 6
302477 25
073336 192
043784 14
202974 19
039225 10
007707 47
021492 142
030130 16
019546 15
101414 33
281287 63
040653 15
039850 1
322562 50
004351 3
288818 20
463990 85
106002 31
028713 37
050856 0
026639 74
035003 4
408879 3
068820 33
069862 10
102677 10
057725 14
242875 44
004051 74
165873 16
279554 29
106024 10
427115 31
312790 163
261957 1
024715 62
060557 35
018194 15
163439 47
074655 47
021807 74
005877 23
426717 14
415932 15
016814 15
427048 20
382662 125
395135 31
005042 0
445473 0
000077 22
191409 7
282690 15
365967 127
016346 47
274808 31
202305 3
001961 15
014111 33
400627 47
039651 3
026053 0
053868 93
344315 33
359613 6
009840 22
396316 124
014142 15
146824 50
360637 0
093475 1
118351 197
390419 155
048521 125
017942 4
021548 10
001214 37
205096 83
393798 22
159067 50
135028 14
020601 33
025911 74
372576 71
235089 21
022214 63
080914 1
147657 18
117128 4
115459 47
010234 3
010215 74
207471 19
103047 74
025673 22
042970 20
475340 100
024203 13
001717 0
001183 15
277308 22
081682 22
167907 13
017135 14
145013 37
013144 3
397712 63
001750 33
096474 50
506194 6
017109 22
215410 18
010472 15
019200 47
056424 198
322090 44
515651 2
054749 0
117686 74
281245 40
444607 31
327321 37
007708 47
275889 148
057359 47
109071 0
163635 199
319557 29
056078 44
016782 84
264427 38
058067 44
017490 47
390331 50
115793 4
234122 200
520948 25
339502 13
064362 16
344960 16
287715 0
005746 15
175518 89
358429 63
006079 13
322668 50
337158 31
067460 30
017437 4
055033 201
444855 90
293304 31
006100 3
445259 44
203329 3
204801 127
118873 18
150541 82
356365 14
332421 25
287149 63
198114 197
263212 31
268145 44
002025 16
091007 31
088319 47
081601 44
066930 1
062336 13
344026 45
310641 0
049864 33
176268 16
003350 33
205083 50
127166 1
136744 3
178992 6
010042 26
314002 0
185774 3
041576 37
001062 37
294669 142
316394 75
271197 1
080301 47
517656 31
004476 35
468425 45
366388 14
143461 50
505493 31
181725 112
043700 23
041575 37
054287 15
525213 43
355604 51
221936 16
049788 56
217163 16
023908 74
139798 14
329193 8
098452 35
020012 50
169526 5
055955 26
336255 19
005556 22
174203 33
478186 50
026997 202
144711 47
119685 2
148251 140
026435 189
402381 0
165755 83
073603 4
174014 49
482477 203
213325 17
121808 119
155498 45
221428 1
008462 74
042223 204
019547 15
170110 192
015766 0
438404 37
051939 31
107901 42
054190 71
483757 19
277841 1
139755 47
004044 47
011797 35
124131 44
017761 74
067403 20
082276 21
315658 44
010012 47
019842 47
435450 22
060295 8
463165 6
155441 14
000145 20
370065 71
393365 16
023717 15
008353 0
061483 205
011435 13
485287 25
004038 3
078586 10
019621 0
276150 58
079614 173
017905 82
021549 10
129216 14
475504 1
011167 41
064848 13
018429 15
146508 42
013216 33
035932 47
178751 198
047507 22
017812 0
086522 47
204524 47
167858 34
219753 10
000057 3
097562 26
082970 37
003061 37
120042 15
158918 35
277191 206
344782 177
218260 3
127016 33
320530 6
004265 10
242206 125
041598 47
242167 0
031295 59
111699 121
027851 20
352698 43
159367 25
055782 70
015140 35
116461 15
010161 68
005876 23
015413 22
532042 45
074374 50
235235 36
447494 0
036297 16
216720 14
010565 10
003349 33
467044 207
386682 74
079182 3
180240 37
171256 35
163368 53
001962 15
126503 31
040251 66
399425 26
216769 17
023148 33
034522 37
032924 33
235492 3
459322 31
477852 57
239977 40
030030 91
024523 3
014999 35
184792 40
407143 0
105925 47
371608 145
020128 0
024580 1
045289 40
394580 13
032854 20
004407 0
041760 208
014695 47
048102 21
019329 20
000967 35
025765 22
035894 63
076618 33
445312 209
195943 75
303774 38
005449 3
200258 130
314941 0
164707 102
230643 210
001978 4
526276 72
066853 4
246597 125
284256 33
254916 175
362507 0
035301 74
493781 155
163624 47
391333 50
231724 13
054010 211
327014 1
396641 91
511837 43
157187 44
093170 68
001358 0
209298 125
046127 13
009849 16
005041 0
038211 3
209789 47
030055 41
141142 20
306418 153
002893 33
009632 10
476214 25
421073 23
011397 74
050259 23
010437 3
339191 38
333812 125
326823 3
001182 15
001934 20
039387 16
333741 43
163592 130
264666 19
489644 112
017868 57
184297 3
091205 33
242154 29
012852 3
151533 31
390906 31
009874 4
017159 23
053892 3
056644 75
452219 21
017537 4
053000 0
014129 33
168575 63
498166 82
182152 40
235566 71
061254 37
355594 56
537585 0
039092 19
121937 51
191163 0
074131 67
092097 40
206183 18
108004 14
036836 13
017507 0
492085 30
482700 57
489838 14
261365 45
090513 59
069258 47
030021 74
093146 13
300681 18
028174 4
066152 33
233333 53
121220 57
048082 47
330848 6
015414 22
108894 50
025000 57
138910 2
381165 0
050183 4
272861 158
041669 14
002561 3
025032 33
063934 15
374525 25
061315 35
018355 74
356859 83
241940 45
029425 112
412281 212
082486 14
162765 35
164702 35
037037 82
000877 10
077671 112
063316 33
024779 15
129972 16
128534 31
006937 13
049715 38
065294 35
065743 14
001527 213
273850 43
072573 35
177774 83
363093 6
169735 20
338414 47
006806 33
003506 23
023814 0
286019 13
147552 214
025278 6
108442 60
000876 10
135164 89
171713 14
091414 33
028559 20
413863 0
127922 16
067102 31
335587 78
024471 47
132275 15
056332 10
318197 71
041484 47
275565 180
123592 3
508922 3
007751 13
002374 0
433431 125
036806 35
121442 50
407565 71
035123 1
064674 35
258354 13
033070 33
152406 43
037213 57
016490 20
420263 14
080722 35
017100 47
018758 3
430520 44
403898 2
086762 10
273511 215
025230 4
020607 47
006437 3
044331 0
017506 0
298116 216
281025 40
190018 8
005715 47
011392 10
009873 4
221900 13
116978 50
025984 74
018759 33
055922 0
030047 4
099507 3
071509 10
123848 3
102320 33
444721 202
343082 86
373542 2
060503 14
223695 10
512458 72
124127 43
396879 159
335824 159
383777 2
024734 20
287657 2
001772 23
071446 30
142409 24
201408 44
001977 4
341311 10
328300 2
005555 22
105454 43
501957 20
331120 35
217650 47
416081 44
259511 56
013889 15
407542 43
101696 154
121510 47
386325 19
077414 20
429999 109
018629 42
043544 47
039372 0
295167 43
033031 47
281964 8
050123 31
008839 59
218851 187
434016 36
010249 0
011343 3
458019 30
296461 125
003830 33
410785 71
104108 26
029949 31
002026 16
207363 47
000643 10
269551 0
097466 47
187610 217
015596 16
078670 33
338492 0
459019 218
165146 50
322296 3
078084 0
353242 45
261713 44
024260 22
029716 35
069337 1
479278 130
087132 16
020383 91
479544 20
498348 6
042620 4
244491 10
077287 13
129985 56
389359 45
064428 10
459866 13
343689 37
178595 18
366277 44
010523 16
001718 0
011881 33
302975 19
096805 51
066915 33
429183 0
043626 10
191965 6
484722 112
003595 47
122390 40
010433 3
374098 1
109453 59
156306 14
002509 33
438595 219
047967 31
149859 33
054317 152
008510 33
443522 45
004944 37
132164 0
288682 220
067236 0
088399 26
047573 2
109728 50
181747 43
059095 3
022902 29
390379 12
076565 33
490961 221
004018 33
476681 222
020550 35
039796 3
418783 71
002567 4
301597 31
070221 3
381107 57
215435 18
052733 3
237296 14
486310 43
450320 4
032233 0
000209 125
045091 16
011877 4
410768 223
004818 33
306677 26
463789 40
519858 25
024793 0
110897 224
119370 225
002656 37
299458 0
366772 72
049323 6
033359 20
066448 16
089595 83
205939 57
042587 4
318651 226
435012 166
124799 227
260444 3
048241 33
045090 16
002265 74
128068 142
444630 82
047485 0
088874 37
180558 44
040096 72
529082 228
035931 47
351244 15
074023 50
370382 17
296354 14
047020 0
001810 3
008867 10
181439 29
045157 25
021279 40
321207 17
245580 47
521537 102
080913 1
046731 23
414584 47
050535 33
121847 2
231428 0
010322 47
001749 3
144701 0
001809 3
291511 50
023310 10
440101 40
024163 4
127241 29
284989 6
203857 47
461731 229
029885 5
017811 0
121337 230
034936 35
094018 72
142825 1
193031 20
024390 10
266164 44
122595 183
328819 25
167854 50
005450 10
006801 20
224541 25
227959 37
006799 3
341650 56
004416 3
100703 84
060700 31
296052 112
163938 231
164703 24
243522 68
011477 74
222885 232
067435 25
021713 0
454316 58
374550 233
048801 44
100431 13
367599 40
002711 14
051057 23
272327 43
080440 0
002010 37
132922 13
411799 6
254812 16
088971 84
455730 70
517038 51
029152 3
127387 33
444513 40
142423 57
029357 14
295096 91
447128 38
126186 16
043043 33
006802 20
466790 31
020542 74
395731 30
485928 56
487439 1
398413 4
358720 71
