0 21.29382014274597
046592 0
024861 1
373542 2
476242 3
136896 1
024723 1
008577 1
124039 1
088834 1
066410 4
313838 3
128068 5
182874 2
444248 6
449648 6
454955 7
066219 8
067102 4
399645 4
473220 4
391598 9
366277 9
002559 10
005042 9
003795 11
039372 12
147919 13
007446 14
001717 1
508330 15
112586 16
117230 15
102145 17
343082 15
405895 18
056332 19
515697 20
082022 21
328805 22
068373 23
014772 24
121567 25
001977 26
529082 15
467106 27
034952 27
180240 28
053296 16
019789 24
056665 27
048801 21
153802 29
387897 21
298974 15
027499 15
040092 13
089059 9
156737 15
096383 30
062742 31
033176 16
082345 32
008885 21
358429 13
501957 33
005555 33
519878 21
091886 15
041484 10
012639 34
004352 15
171706 35
040251 36
500841 15
365925 37
163635 38
022064 21
182640 39
264646 15
443795 40
161981 2
260110 41
050805 42
018277 34
152612 43
105596 44
051786 45
050523 46
066854 26
243413 47
081242 1
460674 48
087384 4
025673 33
335824 49
008037 50
043721 51
075916 29
462051 52
126186 53
113387 54
403933 24
400679 2
439946 13
176098 55
264427 56
418783 57
129972 45
338492 58
483257 59
028132 10
381165 1
036836 1
087130 16
318197 26
079873 13
014670 16
407025 16
039890 26
014930 51
477152 9
333249 9
140233 16
508922 50
345782 52
176151 60
533905 13
003830 52
122595 25
223714 46
482700 13
499633 1
401567 21
060125 54
039755 61
051489 45
528506 55
322185 9
015309 19
029885 37
295891 13
433552 46
081027 50
273850 40
189031 13
057359 10
050183 26
042620 26
032233 42
006748 21
029501 13
105997 44
355363 37
030056 19
023367 27
253241 9
153471 27
444513 37
493392 62
169427 48
152058 15
433157 40
273851 1
356984 9
159367 46
502376 9
300045 12
261713 9
223210 55
000967 13
171655 2
072463 2
000817 46
033031 26
282739 27
033339 42
029169 13
056216 10
504042 19
059802 46
365708 21
128406 12
035211 55
006805 27
000433 13
013880 29
210689 55
010524 47
322090 46
042294 63
277944 21
071740 15
334400 64
370536 13
004039 31
260986 13
472363 47
276985 46
050806 42
102042 54
076452 2
145110 46
240469 52
471785 21
339502 1
339191 55
001101 1
179782 57
032032 24
138120 13
167136 9
152628 45
001809 19
110929 22
491765 65
011588 21
083010 19
346841 66
087439 55
351619 22
068820 46
028430 19
120397 4
011476 21
084697 44
037620 13
067393 52
134655 63
434016 67
490961 68
104593 50
395135 21
075889 24
277308 33
374525 46
026650 54
058067 63
216590 69
038211 50
021858 63
537334 37
293673 48
116503 70
180722 71
283725 19
016764 10
488828 9
180644 21
386325 64
013049 10
089160 55
228674 37
042034 16
182601 2
005449 19
102049 61
091321 27
421719 57
446491 26
006312 19
001214 54
044877 10
198114 21
001062 54
145833 9
281245 9
065295 13
470852 6
012018 59
138134 10
136042 33
021770 40
078382 19
312757 33
070263 72
001978 26
101414 52
239980 73
135874 2
081682 33
005912 45
029152 19
227601 10
308316 73
017160 16
049437 54
064848 1
384013 20
249733 1
011881 29
146342 41
024261 33
032831 27
035314 69
039795 19
002374 32
092977 19
331390 6
009662 42
248792 12
026613 20
330767 74
121442 44
029715 1
091364 58
006799 50
069079 10
051605 75
090721 76
295096 77
067303 10
041576 54
031712 10
244763 12
345488 6
003982 20
016474 1
002509 19
030554 10
480704 2
081588 49
290085 32
027127 34
243522 12
057736 22
091744 78
010565 19
021693 21
025230 26
217163 16
093729 58
114834 22
367599 61
477551 13
165711 9
512458 47
381107 54
375177 9
299458 34
055070 19
068962 39
029994 16
156658 79
316157 51
368672 15
108633 22
348455 52
021279 42
015414 33
391333 27
186380 80
280380 5
086522 13
053632 10
028415 34
003939 21
528360 1
327729 81
298116 82
191820 19
479278 27
020012 1
052949 44
052722 27
103035 27
205083 27
053467 10
130098 29
109656 26
077258 83
059991 84
451754 85
318938 24
433311 20
007975 33
094946 86
014361 45
496165 10
322296 26
033359 2
014695 10
212894 10
016199 10
009006 21
016346 10
061254 54
014288 13
027082 10
216769 15
023786 19
001772 16
024472 54
018172 54
019546 27
241938 33
079614 54
406683 20
377260 37
174014 65
070278 45
100827 2
319557 9
040096 9
066915 87
429183 1
003750 54
009899 10
394580 45
092311 40
050258 16
276150 27
424810 19
024579 20
249718 12
413863 13
288818 37
132172 15
012217 54
327014 13
190018 33
029874 54
023718 27
356859 39
356165 21
245727 19
085684 33
521348 76
111699 88
025423 29
272394 9
000691 39
156299 12
532042 13
012851 50
452739 85
373030 15
034603 33
421073 16
347358 22
193781 20
076936 45
039070 15
536364 54
285934 12
202974 41
279554 49
036093 89
025033 27
048346 31
015784 29
426717 13
101241 89
010234 50
421100 9
333812 1
005746 27
032295 1
042615 19
059367 37
207285 33
531698 54
142423 25
360102 20
236937 53
071981 44
028280 50
141679 20
021876 50
003506 16
049864 27
004367 19
007919 21
180558 9
093414 33
009840 21
041575 54
391712 15
311564 46
049715 21
180066 21
240539 53
404891 2
479544 21
314002 32
375342 13
005856 29
066484 20
067435 46
352698 50
264666 40
489621 54
179928 51
010011 16
008838 44
046919 13
002032 8
009830 13
021374 34
000526 42
032423 23
009037 10
045213 54
018629 34
033043 90
117686 21
017159 16
055922 42
039980 48
410768 76
010436 29
417490 65
077764 29
037213 22
100843 1
229696 61
065098 48
026259 44
505131 15
011092 10
214006 1
253411 9
077287 1
023639 42
114951 20
223695 40
310176 10
186212 16
090564 15
092551 29
037657 27
418953 53
111905 10
298701 91
428063 9
516745 12
309691 15
454600 13
123592 51
231298 13
011393 19
064694 26
051057 16
252570 92
009031 16
044686 1
175596 40
039086 19
437543 93
203087 94
019254 54
474272 20
163439 4
284959 55
197559 47
145013 95
175152 55
447128 20
008041 16
328231 40
017905 96
162836 33
174567 0
022873 34
463789 61
486307 97
477463 2
419918 46
000038 32
471288 74
333741 34
009900 10
396092 20
114669 29
134237 10
036801 98
340344 13
065381 26
036777 20
167907 1
118103 20
047808 33
261957 2
061147 33
199582 18
360851 40
049343 91
143295 40
298111 20
067236 1
161827 20
281287 74
144701 13
130011 99
020169 13
422197 40
163938 100
162078 27
014958 13
110897 101
013430 102
017811 32
133135 89
023814 2
499024 52
185861 103
063207 29
042621 44
123090 9
075955 58
083628 13
005908 16
017942 26
184653 65
182857 104
367398 19
482487 65
132922 1
311141 61
086762 46
424501 105
460777 20
054317 9
042016 19
222125 64
130137 42
016782 16
158918 9
156306 20
006552 32
228919 15
489838 20
140581 1
381703 20
163368 55
010321 10
019200 10
408967 26
277191 33
187145 27
372092 9
121337 106
030696 50
039651 50
175720 77
093413 33
244050 15
407542 3
006001 19
049184 27
414085 61
018759 19
004265 29
056302 27
503489 5
008040 16
173869 46
105306 54
229261 47
172042 20
312582 20
536662 15
213898 104
456765 49
310418 25
030580 32
104108 27
022036 24
071825 42
261417 3
054287 27
510223 107
120668 44
006577 94
025695 54
221900 1
007708 10
064429 19
007530 19
055843 19
426212 19
002438 21
029737 40
005556 33
316394 37
456251 27
320530 46
170110 85
486310 91
478880 27
380815 33
188516 91
297672 9
088399 54
337800 2
004447 21
024793 42
408330 20
433431 6
056215 10
004475 13
113823 37
090513 46
064674 13
470052 45
015733 1
235961 108
012252 21
230643 55
233784 19
195093 77
118283 109
001933 21
030130 45
058035 39
294482 45
284437 21
286019 1
312790 46
402157 53
041625 45
155441 4
181747 9
295282 13
218360 86
025672 33
416536 22
029425 25
007751 1
053868 2
343231 110
189329 34
068515 5
060733 61
168505 9
396075 21
069505 5
092553 94
379520 27
012441 26
433612 65
378300 50
009874 26
296476 37
048103 54
189819 19
080779 13
306463 50
048053 34
040173 19
031406 19
224423 94
536363 19
027331 10
050123 15
002986 21
459322 39
024471 10
030048 42
011521 16
035301 37
008685 10
007522 111
206197 15
048541 20
478186 12
130941 34
247869 6
245279 1
088743 55
027636 21
005913 45
033412 32
005877 16
088660 32
126974 35
047414 23
101696 27
065109 11
000145 21
022902 53
020542 21
007753 19
124988 5
040060 23
006438 50
239480 15
157977 13
339260 22
291511 1
019621 32
191163 2
240454 50
034819 40
035679 35
263546 46
133063 0
033156 67
019399 54
023803 10
381854 55
468275 20
034816 28
000759 112
007842 21
242875 9
177432 25
170275 15
314803 1
027003 26
028639 34
011392 31
011264 10
011709 20
014927 10
026596 46
107900 34
001810 19
063552 27
265037 53
006480 42
064334 33
152806 12
056331 19
270595 40
191934 13
176263 0
027517 32
173547 55
152593 13
215236 42
081520 42
024204 1
068126 19
387500 61
024296 50
324876 24
069205 44
438932 102
151871 55
358965 1
026054 32
008428 19
022218 44
011091 10
014442 37
026053 32
095193 113
178244 46
395731 22
030971 34
098452 13
017135 10
334070 53
013689 33
109791 16
410236 50
099421 20
015745 20
023147 29
008510 29
242154 23
059435 29
020383 77
066152 29
309423 114
214925 12
355604 9
078586 19
080722 13
021807 21
239402 55
031295 40
231724 1
017651 115
038362 10
470634 44
336171 116
330882 20
010329 10
021713 34
204524 14
124262 117
135028 20
480004 118
145010 39
486011 22
006079 1
051663 13
035894 0
012544 1
010859 21
176268 1
361334 2
366867 22
488996 81
438595 119
014110 19
095273 47
074023 44
118125 21
237983 120
458478 24
029055 26
258009 65
284553 76
185774 19
208934 55
015631 19
472806 7
321207 15
001348 29
012638 32
108002 16
065294 13
080914 20
175518 109
004476 13
035032 121
454993 55
282690 65
006937 1
299197 15
503111 50
075209 21
000642 19
458019 22
461220 77
112965 65
050006 42
151533 20
059095 51
018276 34
485637 12
137217 23
494812 122
023310 19
195942 37
121847 40
020472 19
191586 15
165146 81
310373 50
471559 13
018753 33
534668 69
370677 9
078383 27
360166 9
353847 109
000146 21
318547 40
207342 5
326315 16
420275 74
178992 102
508890 69
045623 19
067403 21
137496 10
123848 9
026185 32
078819 123
199664 32
246663 9
006727 27
525213 9
060504 10
061559 5
254282 10
140200 50
017456 10
034135 33
018053 19
197387 33
001183 27
391332 27
069864 51
029716 13
062156 86
009172 10
143048 24
020628 50
263283 27
237296 22
118351 124
099326 9
033427 10
130752 7
007707 10
018052 52
498166 27
109436 125
132545 25
069862 19
120042 27
337158 15
276557 13
046902 21
051649 22
067788 15
000546 20
213254 0
235235 67
275377 46
111105 20
484722 126
379074 13
407087 65
371608 0
531273 54
047181 19
075917 10
020827 33
003544 19
480893 51
045090 1
033070 27
471929 43
464321 12
010042 45
383803 127
089595 2
013749 19
002322 21
205939 69
408879 50
172432 37
492917 23
086109 52
108442 28
001182 27
467989 2
143273 34
366388 20
055061 10
189702 128
003507 16
093397 16
465692 54
004251 19
334285 61
023148 19
015277 20
418888 10
231403 94
318041 129
310641 13
504192 21
330848 20
095300 58
089546 45
047507 33
458475 46
334398 130
475340 64
062858 13
106677 20
288682 20
331120 13
207471 41
189337 13
217566 29
007976 33
002323 21
042223 131
035123 20
024438 33
036813 55
001750 19
049310 45
532438 13
258509 61
017761 21
222885 107
105595 44
085451 19
358160 69
077350 132
170385 23
148385 40
006614 16
002010 133
091414 31
435450 33
017754 69
312726 61
008801 19
465120 2
467579 36
196098 110
138229 21
109071 42
010311 20
057405 16
414291 20
005718 54
444630 16
092809 134
034839 40
147552 37
097567 10
050535 19
089547 23
016519 20
003829 52
356840 61
094018 47
424203 129
247056 24
246597 6
123128 37
431686 135
423800 20
116461 27
029949 40
152925 55
117143 20
363093 5
215846 22
161207 44
026126 4
064935 129
421387 24
044317 10
005938 2
159067 37
295167 81
326766 40
081385 1
043043 19
520948 46
025066 50
390906 15
066920 55
033833 19
358720 55
004052 21
397468 50
395452 12
041624 45
144599 1
015413 33
007019 136
341650 55
386552 45
325877 46
014696 10
046127 1
047330 102
139798 15
184278 52
013088 5
025023 20
037130 33
324676 46
040229 1
407036 11
024142 21
071446 22
004018 19
287149 0
505417 15
027618 19
359423 40
001885 50
055585 50
001934 37
041597 16
178157 19
065637 21
052284 137
033400 6
025000 9
358637 138
013756 21
043488 47
382258 61
474663 1
169491 22
046731 16
407872 139
232936 35
135299 40
296876 37
148917 44
115207 50
037921 21
282919 140
233314 141
466878 9
061323 5
080301 10
029614 94
082224 20
326823 19
101433 92
450531 25
032837 32
359110 61
262108 142
034937 13
097466 50
299713 9
076432 27
355382 92
018296 32
167940 34
134780 26
067545 34
140857 55
083273 1
362102 143
000966 13
013113 21
114209 37
450320 53
120358 15
036620 9
121060 12
102320 74
012259 51
005272 16
082970 54
455052 2
391690 2
049696 21
127241 1
060557 13
014926 10
080454 45
016520 20
253369 33
039445 21
005450 19
020672 50
044331 32
001376 29
007060 54
026856 54
017057 19
028713 54
168575 18
009661 42
038557 39
017171 1
032694 13
002009 95
387562 15
015547 10
029377 26
072576 91
476681 144
215435 145
047413 23
067855 19
014490 19
006749 21
122390 61
463850 1
060503 10
017258 34
104923 61
344960 45
476214 46
334979 1
361364 129
000057 50
056078 9
012304 42
322562 37
164703 61
176844 26
077734 19
001842 146
321320 54
263164 37
491986 64
145489 10
083048 46
468755 8
055048 46
005664 19
441289 123
041864 147
005434 148
119370 16
106024 55
297398 0
266130 7
365967 7
167736 149
178158 129
272327 150
009511 140
107811 20
041598 10
236000 20
057489 16
006481 42
011263 10
142602 151
132696 9
288519 46
448309 27
132113 21
012718 15
142825 21
017868 69
046567 22
213248 2
216192 13
227177 50
025422 27
030021 21
480335 27
138230 21
397469 50
164809 12
059096 19
017506 32
463165 20
399900 53
159150 29
070221 64
474323 55
403369 23
018918 13
029993 16
025820 10
318651 15
195943 37
023593 152
011168 29
126808 34
216720 10
430520 153
004351 15
001347 19
002930 13
432027 34
318368 26
080913 20
159734 53
155087 15
000077 33
028236 34
178595 4
018419 45
316103 21
021009 21
000027 22
035921 54
039387 47
012214 21
057127 40
039225 19
046667 10
226647 2
100941 50
088874 54
003321 40
007800 50
429395 140
115067 28
209789 13
054065 13
001886 15
074097 19
054064 13
293498 22
235090 154
030400 44
118673 146
105251 155
242155 23
328819 46
002581 27
096246 34
254916 113
019487 20
254812 45
125673 50
069356 29
065311 156
055923 42
047968 54
453479 94
008462 21
006069 16
234555 15
052638 129
149383 54
141595 27
229868 9
486718 64
037078 157
447494 24
459649 158
184562 64
286408 9
011343 19
024437 33
078703 20
039332 27
285078 20
260444 50
203329 9
060295 55
029331 34
263212 39
512267 39
424690 34
030047 26
242113 32
003596 10
287657 34
000032 1
305640 10
296354 20
415932 104
470245 9
157187 9
217862 39
024203 1
393365 23
005745 27
076078 33
069550 32
169012 50
217650 2
035003 26
124127 13
003061 54
076565 29
399919 55
028174 26
068431 10
067768 16
333813 1
025278 46
019547 27
259973 159
260106 46
002025 45
362009 9
011434 1
498348 20
025933 29
005359 11
306677 40
009171 10
061483 160
071508 19
056321 91
446842 20
416081 9
012852 50
040946 6
025911 21
021634 125
010433 50
055974 27
020128 32
007168 20
339610 9
131177 9
077430 27
121510 10
328149 161
497733 20
382758 69
069278 54
053120 19
392252 25
058173 21
361605 22
427048 81
148400 20
018420 45
382662 6
002566 26
312532 69
140488 1
228382 20
395028 2
343912 162
004818 19
159296 92
359982 163
067852 16
329193 9
475504 55
086097 46
474694 69
178751 1
049440 2
107492 13
061315 13
084698 44
208799 21
000525 42
438404 9
069872 20
235492 50
066465 16
371495 13
261395 69
024792 42
004051 37
010322 10
479568 20
011797 13
032924 19
100431 1
169526 9
128534 5
533849 46
048856 69
093901 69
029453 50
267209 83
125452 55
024715 63
014142 27
005724 20
059242 50
527040 16
021492 164
291688 44
213006 20
454316 92
001063 54
344527 165
080153 10
388724 23
145012 36
181897 69
311758 86
167854 5
338414 50
261365 20
206183 61
262969 2
102117 46
020127 33
299143 15
017109 33
067460 22
049414 20
068871 19
398639 22
034208 24
370509 20
469211 10
029987 46
009007 21
410510 20
450453 10
164707 51
026184 24
041016 160
049438 166
014767 42
054267 19
035930 42
311271 167
044474 2
362507 34
192869 168
015596 45
496461 13
057933 20
412281 58
195469 21
127922 45
268447 33
399261 55
411882 95
386682 21
473176 15
348600 13
491809 9
079487 13
024087 15
184297 39
022286 44
020420 22
171822 64
071509 19
013650 27
320035 47
099661 10
008461 21
024473 10
030055 29
456263 61
113162 44
277841 20
005092 61
014362 45
164217 2
359613 12
028722 10
105882 13
090589 52
241311 15
479713 23
006502 77
266164 169
011342 19
498120 18
049732 10
071913 55
195244 7
300537 104
439871 55
032509 1
394027 170
385210 69
225059 54
038315 32
025987 42
096805 9
027906 6
226812 34
405831 20
269000 13
288609 64
041716 21
083500 10
226245 16
036860 27
309186 34
472549 55
240504 20
069074 1
259511 79
153694 9
517656 15
149924 20
244954 61
021712 32
019980 23
401685 81
126970 9
013889 27
030681 50
405648 2
024118 29
171256 13
158845 50
010958 34
042973 5
344026 2
275565 102
006437 50
211842 21
037916 21
191965 15
002985 21
440101 171
137286 21
001646 12
444607 5
245078 169
330065 21
189796 172
062336 49
050265 33
018953 21
107021 54
242863 54
004951 32
445312 173
148251 123
023070 27
121808 58
006313 19
455730 60
021549 19
032957 1
344782 5
066853 26
006274 19
224152 174
027851 21
089123 37
267940 20
013748 29
506935 69
141382 55
489379 169
138910 89
042108 34
006100 50
275889 142
323656 1
092097 61
396310 88
005715 10
046925 175
036152 13
124131 67
118192 46
014071 42
026639 21
341311 19
007016 10
142484 27
276632 176
002921 19
002711 10
474746 127
011796 13
297489 177
034776 50
244927 64
140021 13
005663 19
040046 21
035043 13
269551 4
460039 60
009132 21
052933 54
075768 92
061018 32
045220 15
017110 33
448255 7
389697 33
006800 50
065980 42
383777 116
043700 16
035842 29
093145 1
506673 55
053892 20
016726 79
471006 15
247014 92
024960 1
146730 10
184792 135
004038 50
006551 32
010248 21
111008 16
062335 23
203857 50
165873 45
059385 10
482477 61
208900 64
497810 22
461041 13
089299 27
061999 32
036435 21
019199 10
071816 20
029359 21
221251 55
048241 29
340735 15
121509 10
346310 81
526276 9
461731 178
002026 45
446658 77
015139 13
069258 91
298252 46
317782 51
010957 34
084740 13
028645 55
140190 15
008578 1
343689 54
366772 47
243075 179
234592 46
038502 1
018758 19
111478 20
517038 9
017491 1
315658 180
140309 15
001718 13
069337 20
006275 19
057725 15
061318 44
164720 19
390259 69
032422 1
115459 50
023640 42
300205 35
010371 19
004040 19
183913 181
055735 125
074374 27
105454 6
405974 22
296052 39
176094 13
298328 37
191409 168
237833 54
047020 32
103452 33
080285 50
235089 9
407565 55
147657 15
118873 40
036057 28
253211 13
065116 10
393308 19
017595 16
000037 32
070277 45
392368 77
463093 94
001287 21
156491 27
144396 10
234924 146
123507 69
043605 10
017854 32
098263 13
036847 19
314941 13
386248 33
001749 19
051475 5
322668 16
015732 45
085102 2
201049 24
005041 32
300954 9
339018 33
005723 20
018429 27
018001 182
005514 21
010312 183
028885 19
429047 69
297580 2
483690 46
115123 19
197017 13
109607 1
020660 21
080440 13
018711 22
043626 10
059015 102
060700 20
078187 46
235566 55
007312 19
045289 100
074326 29
010562 10
093170 95
066930 20
115793 10
176498 33
378446 23
015766 42
126090 1
070360 20
356643 53
281772 55
093588 40
278219 20
002561 50
005057 44
344489 184
063316 52
039690 21
519858 22
015953 19
502444 9
109124 44
055435 21
334363 13
207801 81
482190 22
334839 49
398413 26
334420 33
268654 129
006938 1
274808 39
364017 34
429999 66
023355 21
318703 185
015183 29
003260 20
004407 32
069108 21
491709 50
110798 12
040724 19
085165 10
010161 146
125972 39
074131 69
026997 15
002656 54
457215 48
129985 145
111212 186
076575 13
403898 2
078084 42
099593 19
407143 53
222720 187
054840 129
097182 22
234219 19
003313 57
061377 29
036120 50
154637 12
190630 91
360637 13
041669 10
021273 53
219729 9
051939 20
355594 55
236710 188
106997 10
425373 9
004037 50
082276 13
095743 9
346269 164
051836 50
043413 45
045091 45
267574 15
288546 46
090178 44
528473 28
344315 29
259740 189
001286 21
028429 19
018066 9
249792 61
116044 44
460160 19
030647 50
167444 54
356365 190
066448 45
463990 191
046237 21
293304 5
329417 33
053243 192
119464 33
205500 2
493781 170
526558 11
034616 2
088971 16
466790 39
029357 10
409136 7
011477 21
164404 15
254402 20
487439 20
353071 13
198910 44
006070 16
506404 35
151828 20
264198 33
174203 19
155826 64
233333 44
148008 16
083195 1
105925 10
124799 193
139755 10
183189 37
040091 20
268145 169
011708 20
260919 26
434502 20
005883 13
114956 107
085811 19
040059 23
159405 81
411665 168
241940 13
444721 194
000877 19
051617 50
044269 50
150483 10
015115 54
285276 142
087803 33
020550 179
169806 29
117128 26
002929 13
474271 113
008067 20
129216 16
028721 33
051527 27
332421 46
008154 50
240163 13
413955 21
068558 15
149859 29
073544 33
001375 29
069707 13
005855 29
078693 7
505493 39
027083 10
449745 46
074017 99
153031 45
281055 15
132426 24
005094 9
133426 13
020307 50
440457 29
018954 21
302973 15
003121 29
037340 45
073163 61
024486 37
226732 5
014221 50
014287 13
009873 26
043544 10
069665 13
069277 27
231428 32
184850 54
209298 6
076938 65
024989 16
197922 13
073603 26
008066 20
166160 65
068398 195
002066 1
150162 116
150541 15
443522 2
337035 15
514716 81
027911 45
170194 61
317260 9
146824 12
041760 36
115180 55
037617 1
321175 22
034756 13
010215 21
333006 23
047300 21
176811 33
311255 20
074665 19
082121 21
004264 29
385521 196
156449 69
290887 155
062000 34
457493 50
014999 13
002264 21
426676 61
012442 26
045974 44
405877 51
091844 13
017100 10
181996 22
012191 50
094135 20
372576 55
005058 44
022048 26
218411 55
275782 29
055955 22
001357 32
284989 129
402381 16
010307 46
040238 197
007752 1
108894 198
400286 53
509958 54
221936 53
353380 86
020601 19
266590 77
083629 15
006802 21
052182 26
046047 19
079431 10
259519 10
043132 37
270976 44
182152 61
313091 199
228378 33
216730 200
025318 29
317600 15
210073 55
004950 34
036297 45
022508 92
099507 1
199396 15
350717 2
032317 50
049639 21
055530 10
004416 50
028133 10
143261 51
268897 44
181129 35
136377 20
164702 13
289243 10
306889 44
011877 26
091205 51
067903 91
421086 37
095224 33
444855 114
020826 33
007311 52
201408 9
047194 26
064362 1
024297 50
376825 13
056424 29
322130 20
310711 201
356763 50
399856 202
097562 24
480870 76
010012 121
461713 65
003595 10
421717 2
065784 19
072111 49
106091 1
109744 50
174579 54
064335 33
009827 10
000547 20
200258 46
227959 54
003749 54
271428 1
035414 10
163592 91
035933 50
032200 32
087132 45
009849 45
311795 55
273511 203
369018 69
280385 16
204801 65
013690 33
025984 21
425819 107
017812 32
514818 33
069839 24
339057 40
025815 29
537585 34
127166 102
414750 16
077414 21
414345 204
004848 101
077345 44
034554 19
501520 77
145914 50
194015 45
016490 21
420321 101
038984 50
089196 33
011167 19
226927 9
004044 10
002712 10
302975 40
076618 29
496689 55
013216 19
011373 10
032854 21
096028 13
003062 54
063213 39
075894 29
318399 20
294669 205
167858 11
013373 19
400841 53
291549 2
010588 15
056644 37
096787 32
485009 12
014850 19
283864 19
062258 20
102249 206
133591 5
138585 189
024580 20
184303 207
054786 27
007167 20
043745 32
033093 42
482987 42
004017 29
011397 21
445473 32
009848 45
015632 52
017308 50
039774 50
068539 170
452219 37
136860 69
293825 113
390331 27
213325 208
320977 116
070505 45
020126 33
134878 153
383762 34
174191 42
026526 37
285666 41
448032 209
086369 27
008839 44
024734 21
056303 29
212909 109
461513 21
501775 210
489593 34
114998 211
055782 13
024735 21
030340 26
102677 29
043697 145
074745 44
074089 109
017535 13
187610 16
024942 39
026363 26
045157 46
181439 1
372316 169
427115 69
193031 50
230250 208
063073 7
309240 39
023908 21
207541 55
396641 2
439867 9
027004 26
009632 19
181662 19
414584 10
044318 10
377061 61
011435 1
040653 27
497100 53
025231 26
024572 13
005876 16
011396 21
311303 65
047573 2
136663 44
040982 10
327321 54
173312 44
078623 39
202305 29
254281 13
491525 116
296710 7
205806 212
158787 57
009588 54
020607 10
385938 55
020190 29
212350 9
381869 9
047485 32
006080 1
047818 10
023868 27
002580 27
065436 50
048521 6
043784 10
014412 33
144711 50
517839 55
157488 1
064426 46
006721 19
445259 9
454491 20
218188 9
082486 213
524812 1
505727 21
026435 160
263379 207
014297 27
049788 76
066399 54
234882 12
322337 160
043898 21
046881 109
036806 13
105883 13
435012 156
181725 86
056037 44
048082 10
085510 44
102445 19
423886 214
328300 2
063168 23
061027 77
361963 20
446982 20
007918 21
024862 10
009036 10
002375 32
252821 13
050856 32
508539 21
241356 10
082818 153
002067 1
002920 19
000031 1
060274 19
108830 40
367361 0
232604 27
132275 215
005375 13
516686 16
055033 109
123316 89
108858 33
531500 216
079182 20
047967 15
037759 13
224541 9
053535 1
532677 15
054749 32
001962 27
368538 189
106002 46
214487 76
374550 57
038296 21
007801 50
003794 10
052876 20
299213 34
064428 19
184310 20
121220 46
396342 46
011882 29
022630 21
097123 45
096474 40
039697 20
051528 1
005909 16
356139 20
346313 40
127016 29
147768 69
065284 20
019500 10
481785 217
042586 26
266108 65
487312 54
367829 13
147756 33
153445 26
083976 91
013778 29
370382 94
074656 10
024523 19
221428 20
012397 33
068870 19
234122 13
532481 29
351244 27
107727 53
003938 21
362592 32
018917 13
093475 20
161265 13
003349 29
020010 10
277847 208
399425 27
123339 20
093519 13
026773 29
043294 120
477290 61
139308 22
441628 50
139754 10
031224 20
535850 51
485928 109
242167 34
001527 110
017490 12
017537 26
022509 31
489211 50
051558 20
027359 13
296461 6
073336 85
099106 2
052345 19
352783 23
035033 16
000876 19
209897 102
390651 0
039850 20
063934 27
010523 45
311477 180
005358 10
023717 27
146508 53
169735 21
048242 87
060263 10
075014 19
130795 47
203014 113
191426 20
515651 33
165755 178
061179 33
006806 29
010473 27
081601 98
390419 107
231061 61
136744 15
054190 55
325088 23
024779 27
171971 26
070739 86
137401 99
397712 0
220694 218
423077 74
052948 44
035932 10
091951 27
208313 2
059997 27
370136 44
481169 192
377262 2
098264 13
085683 33
483757 64
388362 13
370065 55
221762 68
121937 9
026104 20
091206 13
410785 55
072620 10
452992 1
141142 21
024390 19
005882 13
006099 50
004550 42
192828 6
012241 42
084243 219
283672 29
399334 77
057440 69
066256 10
339417 76
440799 34
111301 10
278687 220
461944 77
323037 55
207363 5
255764 221
008867 13
337520 3
180857 49
170776 54
076902 15
082222 9
060956 42
071948 19
004914 46
002439 21
015140 13
015954 19
335587 58
029148 19
256399 21
025937 12
100968 126
246772 128
473438 65
006801 21
005656 13
054010 21
127387 15
457660 51
281126 15
077671 8
011804 20
000209 152
088556 20
005123 42
026264 51
411799 5
251640 23
049591 222
017711 27
372487 46
447035 2
440909 22
045891 9
034936 13
108004 21
026614 20
066929 20
278711 40
109453 44
107901 34
001039 50
331619 33
004944 54
284256 19
506194 20
378607 22
302477 46
109728 44
004415 50
007148 44
155498 2
037006 91
152779 20
482014 9
247066 61
014129 29
004893 50
095432 37
010249 42
233989 46
004250 29
036296 45
421783 20
511837 91
256931 69
056862 14
229179 33
269286 34
281025 95
001358 32
037175 10
320680 55
107923 129
035931 10
119685 143
093146 1
012303 42
177774 81
080309 76
408881 33
258913 9
133649 53
010472 27
243441 1
137822 20
396879 95
089358 129
161554 19
192400 13
072573 13
052298 50
122241 37
120229 1
020105 50
318621 61
463432 10
087547 12
030030 77
016524 29
048102 54
017259 34
287715 34
493693 20
008353 42
017437 26
034942 50
028559 21
441491 61
047195 26
053434 29
012717 50
261961 21
007529 29
170967 5
271912 116
303774 223
038939 22
217859 37
175350 51
004507 10
066604 171
346892 33
029413 19
215185 12
254892 25
013144 50
372709 54
395344 1
008509 29
006380 26
106087 20
477303 34
123836 10
446933 26
039796 19
071756 29
107700 160
065743 15
489644 126
004446 21
003350 27
284036 24
124717 22
396316 64
016053 34
010796 10
365504 125
114804 10
014111 19
014931 19
024163 26
001215 54
049323 20
529996 20
114783 85
132164 20
514588 15
000066 22
008800 19
010359 19
281964 41
068332 15
018091 44
300681 10
231140 54
170676 49
135164 6
100703 16
258354 1
346800 21
155595 15
045561 27
127449 10
088319 10
316417 21
454365 51
182935 33
112492 45
474371 1
007754 19
536744 4
065850 13
069708 13
010495 16
022729 19
062741 19
306418 182
393798 33
130317 20
485287 46
018194 27
278085 16
159596 51
261512 10
114169 27
036835 1
007445 10
184711 46
162765 13
374098 13
419366 224
001961 27
278381 7
060188 34
467044 225
050259 16
072611 34
384266 9
010370 19
010251 13
033069 29
459866 1
054116 19
019329 21
271197 20
022008 29
001100 1
030621 33
377887 27
272861 18
079206 129
204525 14
245580 16
126142 219
143461 44
218851 222
316638 5
386010 10
002508 29
052733 29
215410 15
018355 21
019981 45
286726 12
190330 226
103047 21
390379 54
116978 12
218253 1
504225 91
400627 20
039426 10
193898 227
417647 61
075290 12
142409 61
219753 19
407860 13
025765 33
257314 228
074655 10
126503 39
519743 53
381253 77
205096 179
023975 26
459019 22
002892 19
019842 10
113767 46
032645 20
034522 54
006613 16
026645 49
067767 16
000188 47
107152 26
236283 107
288398 50
106451 54
082962 222
004408 32
053167 50
053000 40
020201 50
053870 4
022217 44
332145 2
091007 20
152406 94
453424 77
002567 26
342116 81
242206 152
020096 34
035498 34
445581 13
203596 2
002265 21
053415 42
114861 22
009826 10
006171 50
384311 27
079339 44
019396 29
067597 19
008475 24
468425 13
004368 19
389359 2
026774 29
111722 15
075736 33
010563 10
037698 32
010564 19
409664 50
045126 13
331482 61
017507 32
250573 40
063768 55
030835 33
331289 222
013779 19
052522 42
078670 19
023071 27
011726 37
005122 42
163624 10
420406 165
238437 51
016783 16
138556 52
098357 126
226178 20
016814 27
062873 2
002893 29
007059 54
484291 2
408151 14
318193 15
180592 1
145125 29
031868 32
010437 19
327561 94
376093 68
025032 87
047724 13
152583 77
336255 15
022214 18
043097 42
054444 21
093237 20
049460 13
042970 21
477852 69
375473 53
037037 96
046983 9
218260 20
024260 33
024272 29
042587 26
180521 19
407273 12
233443 107
028736 27
301597 40
121881 60
502394 1
492085 69
000078 33
490362 54
504479 22
277501 100
244491 29
178498 21
183670 16
205836 54
197280 3
020342 42
040373 15
000643 19
170295 29
406599 19
040230 45
091066 168
521537 51
245761 29
066734 27
088340 100
353242 2
266389 109
123169 40
065326 34
004506 10
420263 13
171713 20
298195 61
039092 99
468186 70
003261 20
081383 176
021548 19
128488 61
397061 12
239977 61
