0 23.093759298324585
001292 0
000596 0
000237 0
002825 0
001291 1
001400 0
002517 0
000672 2
000333 3
002888 4
001436 0
002500 2
001396 5
001029 2
002146 6
000231 2
001802 7
002711 0
000143 8
002040 9
002945 5
002403 2
002492 10
001764 11
000982 12
001012 0
002698 0
001081 2
000172 0
000558 13
001227 0
002592 0
000339 5
002855 2
002320 14
001158 15
000650 0
000314 5
002732 5
002383 16
000550 17
001191 18
000632 0
000153 19
002129 20
000111 13
002938 21
002894 22
000730 0
001597 23
001872 0
002399 24
001103 0
001468 25
001410 5
002460 0
000108 26
000481 13
002902 27
001078 28
001564 13
001480 29
002019 0
002043 30
002672 31
001216 13
001369 32
001406 0
002617 2
001140 5
000528 33
002033 5
000266 34
002131 35
002300 5
002431 36
002695 0
002992 37
001853 33
000348 0
001487 38
000832 39
000241 33
002692 40
000356 41
000905 42
000521 33
001137 43
001734 44
001573 21
002110 5
002235 5
001738 21
001620 45
002703 46
002706 13
001051 47
000064 48
002954 49
000737 50
000867 51
002633 21
000577 5
002665 0
001849 10
001177 10
001314 24
000994 52
002137 0
000271 0
000369 10
000099 24
000597 13
002537 53
000016 17
001115 0
001882 17
002122 43
001333 53
000291 0
000789 53
002873 5
001888 45
001212 24
002002 5
001569 24
002115 2
000957 53
001108 54
000557 24
001753 42
002511 10
002494 41
000489 42
001326 0
001615 21
001428 5
001448 18
002531 55
000144 53
000524 18
001026 18
000530 10
001112 0
002737 41
000219 53
000612 45
002823 53
000740 17
000858 33
002374 24
001129 56
000123 57
001807 10
002375 56
001515 17
001203 26
002417 58
000281 0
001294 48
002748 0
002754 53
001873 0
002483 5
000600 17
000817 53
001557 42
002310 10
000782 26
002813 0
000717 0
001798 36
002578 10
001679 51
002486 53
002485 10
000113 18
000158 2
000495 10
002865 46
000682 59
000260 60
001249 0
002871 24
001805 18
001720 61
001988 62
002117 0
002401 51
002866 13
001090 33
002675 13
001355 13
000929 57
001195 63
002387 53
000028 0
002629 13
002721 59
001463 5
002133 26
000825 64
001276 5
000628 17
000069 13
001993 2
001013 10
002606 47
000516 0
001981 36
002204 24
001486 38
000102 21
001390 17
001495 0
002183 13
002101 0
001306 0
000500 17
000080 17
001736 11
000766 46
001654 52
002526 21
002333 0
002324 17
002767 53
002513 57
001509 42
002539 0
000342 21
001443 18
001577 2
002747 42
002845 65
001073 18
001688 62
002830 10
001847 10
000159 39
000055 5
002831 23
000063 10
000313 10
000959 24
000205 33
000132 24
002536 52
001984 53
002326 10
000337 21
000085 17
002465 66
000242 53
000791 53
001394 0
002026 0
001425 13
001467 61
001497 0
000077 67
002851 24
000094 0
001709 21
002708 13
000138 0
000843 39
002872 17
002412 68
002789 69
001821 0
001490 1
001345 13
002739 24
001062 70
001488 1
001860 21
001891 21
002013 42
000759 0
001149 3
001578 47
002712 0
000073 24
000228 4
002440 68
001493 44
002488 0
001007 4
000809 38
002506 17
001940 10
000130 17
000983 10
001102 10
000664 30
002505 42
001057 0
002305 17
001354 17
000222 10
002149 59
000693 0
002162 0
001461 25
000586 20
002937 25
000956 36
002838 0
000745 0
000733 17
000476 13
002870 3
000735 0
000005 5
000962 0
000660 53
002138 5
000070 4
001836 43
000921 38
002145 17
002859 36
001933 30
002094 13
002005 24
002263 24
000049 4
000254 17
000503 3
002849 4
000083 0
000734 17
002595 38
000061 64
000024 0
001634 50
000506 43
000522 39
000827 61
000970 17
002329 5
000924 57
001269 42
002781 11
002875 61
001600 42
001464 17
002551 0
002192 17
002489 4
001731 0
000585 47
001248 61
002166 10
002372 71
000477 53
002274 39
000799 24
000318 43
000469 72
000402 0
002946 30
001175 0
000104 0
000512 73
002575 61
001687 61
000997 0
001774 24
001482 17
001347 17
001592 0
001689 10
000620 10
002393 51
000185 26
000457 0
001831 10
002613 10
002582 18
001160 0
002051 24
000945 17
002939 50
001266 10
000103 61
000468 43
002278 24
001607 26
001322 13
001781 64
000131 0
002063 34
000828 47
001496 30
000587 13
001806 0
001627 5
002784 52
001692 51
000531 1
000264 13
002456 61
000777 13
001867 74
000141 25
000552 0
001730 0
001717 13
002191 61
001746 3
000787 13
002993 52
000763 61
000473 2
001920 75
001284 39
002410 57
001662 13
001004 0
002262 74
001209 5
000653 36
001614 45
001710 13
000785 76
002929 64
002815 59
000995 13
002025 77
000898 39
001647 78
000581 42
001551 52
002281 18
001819 13
002344 20
002953 0
001349 18
001776 58
002630 20
001941 43
000538 0
002436 0
000096 30
002959 5
000464 51
002014 0
001382 79
001156 0
000220 20
001747 0
002585 10
002546 24
000770 80
002907 0
001828 2
001727 5
002168 59
000329 80
002366 0
002037 33
000112 42
002529 13
000967 13
000432 10
002288 0
000149 17
000908 81
000261 10
000376 64
002520 24
000019 52
002969 17
002988 47
002663 47
001998 29
000274 52
002626 61
001128 5
001642 34
002139 20
001432 17
001237 61
002066 10
002125 29
001883 46
000269 0
001939 21
001650 10
001611 1
002962 43
001117 82
002000 17
001079 25
000364 47
002064 17
001711 30
000034 64
001726 17
002173 83
001537 41
001659 53
001305 64
001698 24
001735 0
001417 62
000279 2
001795 84
000935 61
001572 85
000363 62
001961 86
002568 0
001440 64
001424 46
002847 53
002395 61
002099 51
001565 13
000708 87
000386 53
002229 47
002024 24
002175 10
002400 3
002328 30
002075 0
000987 4
001678 0
000659 61
001568 33
000856 23
002118 0
001991 47
002213 88
002893 43
000527 0
001956 89
002077 20
001750 90
001596 75
002837 33
001904 51
000287 17
001835 13
000268 25
001874 5
002793 36
002425 11
001506 91
001788 74
000644 53
000647 48
002319 13
002342 52
002577 5
002165 52
002614 51
002768 0
001996 3
001919 30
000210 2
001264 24
002930 1
001331 0
000622 41
001265 11
002086 58
002116 92
000564 3
001966 61
000200 93
001437 62
000015 13
000209 0
002726 53
000834 17
001098 52
002337 13
000692 17
000684 0
002477 0
001119 24
000582 41
001721 0
002525 90
000120 61
002176 51
002227 41
001606 0
000295 0
002258 62
002985 17
002237 0
001449 53
001190 64
000009 94
000311 95
002370 6
001165 96
000478 53
001729 0
001066 0
002382 53
000505 58
002141 61
000355 0
001256 13
000038 33
001704 61
002790 30
002593 24
001748 90
001749 30
001258 52
002574 10
001146 33
002819 13
000941 23
002915 20
000640 17
001093 51
001070 13
001126 57
000656 29
002690 0
002354 13
000419 10
001231 21
001143 24
001172 51
002474 71
002224 5
002664 18
002089 61
002228 42
002661 51
002481 67
001719 60
000203 61
002679 97
000811 24
002981 7
002480 10
002631 98
000370 34
000195 71
002610 13
000502 59
001584 62
002484 51
000887 59
001768 10
002688 47
002702 26
000298 0
002058 51
002246 30
001107 94
002919 36
002041 99
002874 53
002475 67
000233 42
000930 5
002918 0
001147 21
002275 24
002567 0
002913 94
002579 62
001167 61
001978 10
002047 62
000643 52
002038 13
002911 80
002885 0
000736 61
000685 82
001591 13
001295 23
001715 24
001670 13
002004 17
002955 46
000808 30
001626 16
000991 20
000985 5
002668 4
000361 94
000330 30
001778 0
001476 30
000598 48
001700 24
002608 100
002496 34
001635 50
002549 24
002603 67
001042 3
002968 30
000109 0
002010 41
001544 1
001416 2
001232 43
000128 52
002434 0
002186 25
001552 51
001395 0
000616 44
002418 24
000661 0
000365 14
000965 30
000701 0
002416 2
002509 0
001368 17
000591 30
000504 17
000623 23
001325 64
002844 34
000157 24
002773 2
002749 0
002979 101
001005 21
000840 41
001399 3
001527 62
001420 26
002612 0
002912 50
000007 102
000869 17
002119 0
002109 48
000602 62
001289 1
002042 3
000595 47
001323 13
002571 17
002398 52
000892 33
000835 13
002364 100
000837 61
000739 17
001562 8
002462 0
002082 20
002081 1
001862 51
000774 0
002744 13
001096 17
000630 17
001559 17
001315 3
000216 59
001856 27
001556 13
002053 17
000292 25
002001 64
001530 61
002681 33
001902 96
000227 100
000542 0
000857 0
002090 10
001633 22
002522 0
000217 21
000720 5
000830 61
001977 11
001638 10
002242 10
000174 0
002927 4
001257 103
002135 17
002507 51
001293 10
002933 104
000322 18
000324 0
000270 51
001206 65
002285 3
000754 0
001159 59
000427 0
000004 13
002642 0
002006 33
002501 0
001471 100
000565 105
001517 0
000357 53
001999 7
000955 0
002381 5
001316 62
002421 5
002563 64
001925 0
002350 53
001197 11
000474 36
000247 34
000201 33
002883 27
002752 32
002203 48
000181 27
001668 59
000350 2
000875 89
001273 30
001618 41
000847 0
002007 11
001864 106
002479 49
001742 24
001358 11
002069 8
001757 82
000345 47
001383 0
001740 33
000731 7
002924 1
001763 10
000588 65
001380 34
000862 5
000177 41
000455 33
000373 107
002564 34
001105 108
002598 91
002148 29
002541 0
000961 67
001811 91
002775 18
000601 53
000317 39
002699 39
000783 42
001869 25
001843 18
001268 47
001348 5
000593 32
001262 80
002349 71
001344 6
002956 109
002922 52
002039 13
002743 41
000915 53
000283 48
000186 0
000453 57
001037 17
002622 11
001501 11
002307 110
001745 50
001477 61
002359 64
002504 10
000696 22
001168 33
002766 47
002365 26
000849 5
002323 3
001765 1
001936 52
001771 33
000548 111
001188 24
002114 0
001817 62
000607 21
000973 102
002674 30
001820 13
000814 21
001733 24
001303 21
000796 61
002487 100
001088 5
002247 13
002778 30
000511 33
002367 17
002982 1
001640 30
000288 61
000076 0
001023 0
001661 41
000100 0
000750 17
002396 92
001353 13
000306 0
000316 25
001793 5
000072 21
000309 13
002926 36
002560 13
001032 112
002296 10
001401 20
001313 0
001405 41
002899 52
000678 67
000826 0
000666 23
000335 0
000124 42
002449 113
001240 20
001267 53
001985 62
000366 59
000285 51
001381 47
000488 20
002787 53
001582 114
001871 14
000134 109
002756 33
001460 17
000958 14
002197 24
002841 100
002596 113
001967 10
001684 0
001895 17
002742 14
002550 115
002852 52
000037 0
000954 0
000118 62
002452 17
000392 24
001301 95
001135 13
002277 0
001124 61
000599 2
000492 13
000615 59
002801 13
000918 116
001478 10
000788 117
001716 11
001896 118
002439 30
001545 5
001224 47
001913 0
001854 47
000756 43
000841 61
000273 24
000572 18
002682 67
001230 27
001357 67
002251 3
000167 3
001909 119
001278 26
002691 5
001491 0
002272 5
002111 59
000540 52
001824 24
001162 0
001438 5
002084 64
001816 58
001064 80
001550 113
001690 34
001865 5
000910 2
001714 24
000062 5
000800 41
000780 0
001414 30
000689 5
002314 0
002463 39
002895 17
002521 42
001236 13
002380 3
002905 13
001707 21
001812 0
000579 13
000778 11
000293 2
000460 21
000035 17
002573 21
000543 52
001901 17
000998 21
000257 70
000371 3
000081 5
002420 120
000497 44
000729 41
001022 51
001641 7
000446 41
001696 13
002723 91
002659 36
001777 17
000517 61
001520 42
002994 41
001009 18
002177 13
000433 13
000276 0
001047 62
001724 26
000282 49
001885 0
001541 20
000646 20
001893 2
002161 94
002591 0
002220 44
001178 24
000039 5
000336 30
001125 0
000541 17
000943 34
000383 10
002384 52
000885 3
000240 30
002448 0
001675 33
001489 0
001388 13
001929 80
002725 17
002209 121
001163 116
002896 36
001288 44
001377 0
000243 4
002361 76
000569 94
002190 52
000218 57
000649 2
001937 122
002222 115
001299 21
002806 67
000757 24
000146 0
000289 123
002760 3
000560 5
000059 51
001625 4
001930 100
000221 62
000232 0
000926 113
003000 124
000147 0
001131 13
002357 0
000084 0
002185 91
001671 1
000244 1
000771 2
001077 0
001255 24
002476 52
001238 5
000182 17
000795 53
001182 27
001752 51
000576 0
001456 61
001458 39
001132 4
001946 24
002635 53
002394 0
002558 1
000304 17
001797 41
001261 50
001161 13
002556 61
000786 17
001818 11
000212 52
001282 125
001973 0
001952 17
002335 0
002502 17
001318 17
001455 0
000571 0
000465 43
001758 0
002810 126
002616 13
001421 62
002524 61
000117 52
000461 13
002451 3
000621 127
001528 61
002020 128
001270 61
000978 129
002221 30
001694 43
000712 91
000405 51
000430 53
001631 130
002694 0
000518 17
000769 61
002730 7
000046 18
001792 51
000467 3
001796 0
002347 0
002210 131
001655 27
000810 123
000690 99
001637 0
000758 47
001982 80
001446 53
000753 0
002261 47
000307 0
000482 36
000162 18
001254 132
000923 0
002917 41
000852 0
000449 26
002826 41
000652 7
001186 61
002248 0
002317 133
001989 0
001075 10
002995 134
001201 61
000609 80
002594 0
001309 0
000912 13
001581 88
001243 13
001055 0
002975 13
000040 135
000031 4
002590 30
002297 0
000732 0
002052 0
001931 47
002298 14
002250 0
002153 113
000388 15
002200 136
001067 0
002532 59
000377 47
001673 62
000249 36
002325 62
002833 30
002031 100
000044 0
001702 61
000456 137
002132 11
002719 0
001813 34
002055 32
000415 0
002073 30
001979 5
002223 61
000115 4
001080 36
001801 52
002255 101
002065 52
001848 14
002343 138
002700 17
002134 30
002750 39
000170 0
000749 0
002796 17
001441 91
000523 13
002605 51
001657 30
000713 0
001221 13
000917 99
000804 62
002011 3
000525 0
001965 21
000722 13
001866 13
000977 0
000746 41
001987 52
000471 0
000338 67
000567 103
001855 0
002619 26
001878 139
002280 61
002299 42
001024 21
002127 5
002792 34
000626 5
001605 42
000053 17
002740 62
002353 0
000196 53
000645 0
000066 0
001810 13
002910 59
000424 94
000399 80
000784 39
001887 3
000284 3
002714 29
001360 27
001253 47
002552 11
002618 24
001063 10
001686 61
001769 53
002253 20
002059 91
000904 13
002970 56
001142 34
002218 64
002812 26
001452 140
001772 20
001251 0
002680 0
000553 2
000829 24
000198 2
002023 20
002469 61
002036 141
001144 34
002686 10
002478 61
001166 34
001027 21
002249 10
002644 61
000603 91
000387 0
002799 5
002861 111
001336 62
002653 34
000805 0
000953 53
000493 0
000697 13
002032 0
002771 0
002832 58
000166 0
002646 22
001370 0
001576 34
000485 59
001744 15
002584 69
001423 80
000155 53
002358 0
000592 52
002142 50
001756 36
000379 0
001028 13
002828 109
002339 16
002689 5
000067 4
000119 96
000003 28
001518 41
002239 13
002113 59
002814 20
000412 42
002974 51
002252 53
000838 0
000250 61
002271 51
001505 46
000533 69
001976 0
000272 4
000344 27
000278 61
000466 24
001330 54
000574 61
000280 18
000368 26
000023 0
000760 64
002976 0
000836 17
000086 0
000845 135
001903 24
001975 48
002652 142
001538 0
001016 21
002856 17
001141 8
002231 143
001951 30
000353 1
002405 29
002923 0
000008 61
001522 13
002829 5
001560 0
002120 50
002234 44
002627 61
002717 0
000236 10
001651 17
001145 0
002611 2
000950 52
002304 5
002056 39
000539 13
001069 34
002701 0
002557 0
002497 24
001339 7
001639 30
002906 49
002705 0
002535 53
000764 67
001109 144
001247 0
001723 80
000202 26
000872 34
002404 34
002107 61
001554 0
001222 21
000976 59
000889 5
000952 5
002545 22
001153 36
002898 33
001949 62
000633 30
002645 91
002736 0
002746 94
000886 42
001099 145
002049 146
000142 0
001799 61
000816 62
001091 61
000082 0
000156 24
001041 30
002243 34
002003 64
002450 97
002150 29
002798 34
000184 23
000611 147
000618 48
000881 18
002219 113
001229 0
001986 10
000319 0
002169 0
000161 0
001636 13
000362 0
001076 88
001889 10
000095 0
002776 0
002921 13
001280 20
000334 0
002581 36
000459 42
002163 0
002709 0
002095 53
001321 13
000509 38
002181 148
000448 41
000447 61
000975 0
000779 139
001045 5
002544 5
002931 21
000347 30
000127 3
002091 5
000340 61
002021 17
001089 71
001465 36
001019 52
001470 17
000974 61
001039 21
002230 30
002466 99
000551 0
001052 52
000375 53
001851 61
000484 42
000888 59
000401 2
000263 24
002602 22
001783 51
000992 52
001773 53
000821 6
000472 57
002385 52
000944 81
000451 42
001643 23
002445 107
002632 8
001877 80
002044 82
001312 96
001531 42
001439 80
000394 3
002862 48
002881 27
001767 17
000676 29
000824 0
002977 13
001513 42
002027 43
001508 69
001703 53
000302 34
001151 47
002467 26
001630 52
002950 0
000480 30
001610 0
000561 136
002245 36
001761 42
002848 30
000773 80
002363 5
002157 13
001343 20
002621 30
002289 28
000842 0
001785 0
002685 20
001297 13
001210 0
002016 53
002731 6
002493 61
002415 3
000718 94
000041 6
002877 64
002160 29
000012 36
000663 0
002990 27
001015 0
001959 61
000584 52
002454 149
001960 61
002241 2
002199 48
002427 34
000359 36
002660 47
001870 44
000853 13
000105 61
000235 5
000695 0
000194 0
001561 3
000617 3
001879 24
001049 24
001056 29
001916 26
001157 61
000514 150
001595 115
000634 43
000385 13
001543 24
002604 7
000850 115
002295 29
000714 67
001542 15
002718 61
002311 34
001583 151
000090 33
002035 109
001837 0
000308 152
001311 46
002009 18
001935 88
001171 71
001363 7
000743 48
001590 0
000922 42
000211 64
002916 59
000384 50
000691 13
000709 21
000403 5
000702 18
002377 0
000999 17
002085 0
000544 115
001208 2
000404 36
002667 153
001083 3
002225 5
001945 22
000442 20
001524 0
002991 91
002196 13
002308 7
001934 43
001533 20
000559 15
000861 0
001134 47
001502 20
002824 2
001947 61
000087 42
000546 59
002785 17
000463 0
002512 14
000815 43
000854 13
002050 17
002158 50
001665 24
001006 10
000234 13
000395 143
001603 0
000189 18
002070 13
000614 10
000437 75
000164 24
001844 64
001219 26
001200 0
000820 44
001547 10
000515 53
000776 26
001469 33
002045 0
001963 30
000487 42
002625 10
000793 36
002508 17
000583 80
000578 27
001412 0
000748 65
001850 17
002206 154
001787 0
000566 80
002301 18
001838 16
002763 74
000580 61
002903 34
001290 13
001593 20
000803 24
000259 21
000458 65
000725 5
000116 30
002151 0
001104 61
002772 13
001842 0
001298 3
002345 155
000547 13
001755 46
002226 13
000418 18
000047 0
000310 2
000878 61
000721 12
002332 3
001525 0
002447 7
001728 36
000947 156
001808 30
002908 5
002901 157
000150 18
001213 24
000408 42
001340 0
002423 27
002607 7
000806 97
001454 3
000846 0
000625 0
002868 13
001880 26
002600 17
000193 111
000331 158
000122 159
002864 17
001384 34
000312 59
001082 0
002184 13
001043 6
000741 7
000883 0
002390 5
002647 10
001404 25
001858 0
001942 5
002498 17
000018 91
000354 8
000258 0
001263 4
000863 112
002468 20
002734 15
001529 116
000060 32
001612 5
001994 13
002623 0
001095 0
000519 0
000422 24
001570 61
000860 0
000013 160
001829 0
000372 17
000389 47
002470 4
000420 22
001494 0
001712 20
001800 30
002965 10
001567 161
002123 64
002046 17
000938 0
000494 4
002762 27
002839 10
000638 15
000428 18
002290 46
001308 0
002820 162
000305 0
002428 0
000909 0
000409 0
000716 36
000981 61
001442 17
000920 61
001307 0
000088 21
002533 140
001649 24
000513 51
000110 20
000680 58
002017 64
001725 67
002379 13
001894 0
001827 51
000398 67
001274 51
002967 59
002753 109
002172 0
000662 24
001185 64
002194 17
000797 99
002140 163
002878 3
001695 24
000738 33
002729 14
002836 23
001782 164
001462 33
002963 62
001453 0
002461 165
001926 113
000679 69
002949 17
001558 17
000822 0
001857 30
000042 33
002650 17
000213 166
000772 94
000323 0
002336 0
002376 11
000931 5
000979 59
000303 4
001992 36
001260 15
000092 125
001044 30
001365 0
001207 67
001622 0
000022 13
002889 0
000949 0
001106 7
002205 80
002426 20
000423 5
002126 23
000175 21
001287 34
000208 27
000499 61
002188 80
000071 3
002850 0
000635 10
002561 13
002887 0
002782 34
000021 59
001685 2
000925 13
001038 32
000613 10
001310 42
001356 53
000045 20
002759 0
002897 53
002707 13
002106 91
001971 102
000129 33
002530 4
001427 24
001621 21
000239 36
002327 51
002609 41
001604 48
001917 0
001743 20
001097 64
000665 44
000454 43
002777 57
002330 30
000687 0
001020 33
001003 3
001846 0
001516 5
000520 52
002392 13
000178 18
001918 0
001250 75
000204 7
002900 21
001337 80
001366 0
002980 51
001130 47
001713 17
000290 2
000048 42
000160 5
001521 0
002733 11
002651 58
002783 94
000933 88
001196 21
001018 10
001924 20
000068 13
001387 0
001133 21
002693 0
001059 64
002080 0
001598 52
001415 100
002360 20
002867 91
002464 20
000406 20
001304 0
000286 0
000707 94
000946 5
002909 0
001697 13
002096 0
001184 123
002321 167
002794 15
001154 20
002419 158
002313 6
002356 33
000667 53
000252 44
002195 47
001546 0
002510 2
000700 3
001285 4
001693 33
000604 127
000986 0
002755 122
000906 48
001669 0
002947 5
000526 100
001194 30
002232 13
002678 17
000545 2
001914 0
002957 10
002817 52
001834 51
002279 61
001908 17
002751 34
001653 0
002757 13
000706 13
001225 17
000673 47
000762 0
000378 5
002860 91
001852 65
001683 0
001372 13
000744 0
001068 168
002802 34
001861 0
002270 169
000654 15
002268 43
001826 13
002373 65
000868 3
002316 10
000848 76
002015 34
002028 170
001092 0
002971 61
002964 5
001444 61
002174 51
000139 4
001619 61
000326 2
000341 171
000554 0
001040 17
001183 80
002437 0
002797 61
000238 91
002519 30
002528 20
001279 21
001084 103
000648 82
001897 22
000253 21
001732 172
002935 23
000328 13
001434 13
001972 11
001539 0
001000 17
001418 13
002518 20
001164 109
000728 0
002932 173
001574 80
002941 30
002999 41
001928 2
000183 0
002067 10
001035 0
000790 36
000358 48
000942 47
000173 107
002720 17
000594 26
000470 47
002805 21
002362 61
002840 61
002435 5
001648 3
002722 152
000165 3
001485 17
002677 7
000251 174
001085 0
002657 0
000400 36
000802 3
001969 0
002572 41
002553 61
000029 61
000642 17
000927 61
002998 0
001061 0
000452 0
001957 27
002334 30
001932 0
001825 52
002414 34
000380 22
000536 75
001762 10
001575 52
001841 10
000352 25
000294 10
002391 13
001169 13
001116 13
002346 0
002072 42
002543 61
002458 0
000091 53
000960 47
000001 27
001646 100
000683 123
000382 3
002637 42
002523 61
001492 43
002178 32
001252 0
000627 0
000916 24
000705 61
002315 20
000619 3
001645 26
001510 0
001422 0
000320 13
000224 61
000214 52
000573 27
000078 32
002892 0
001413 62
000440 0
002217 0
000343 0
001033 52
002944 33
002676 0
001859 26
000491 5
002472 46
002628 80
000932 52
001921 42
000686 2
002727 7
000255 64
002639 57
002207 2
001875 175
002943 0
001223 24
000296 37
000710 67
002060 41
000641 0
001868 176
001334 28
002216 51
001737 177
001839 0
002008 27
002264 0
002312 39
002649 27
001352 0
001511 23
001602 18
000190 42
002424 17
001373 0
001296 49
000556 51
002713 100
001111 111
001189 107
001892 0
001121 13
000698 36
001218 21
001886 5
000988 64
000327 0
002960 48
001180 13
001708 33
001555 36
002155 178
000668 20
000874 26
000057 0
001054 0
001503 30
002858 99
000017 0
001435 0
002254 0
002124 179
000135 3
000002 4
000438 13
002827 13
002459 47
002809 0
002687 67
001346 111
000568 22
001192 5
002846 61
001087 6
000426 180
001114 91
002804 22
002745 52
001181 17
001466 61
001699 18
001536 13
001008 59
002987 64
001155 10
002978 18
002879 62
002433 47
000871 41
001498 13
001138 102
000866 61
000768 67
001954 0
001205 3
000180 99
002835 13
001122 0
001779 62
001962 0
002770 0
000864 152
002769 39
001617 92
000346 57
002368 34
001275 91
001320 36
000051 53
000969 144
000121 61
001317 91
002914 58
001968 15
001393 0
001217 138
000844 17
002284 23
001286 23
001995 181
000479 10
002658 0
001571 61
000075 47
001211 0
000575 13
001457 52
001804 36
001036 29
001790 17
001876 101
000964 13
000655 24
001021 53
002293 63
001234 17
001204 10
000902 51
000441 42
000984 0
001881 30
000206 13
002105 0
001409 0
000501 80
002062 0
000532 0
000742 13
002788 4
002673 42
001335 115
000590 61
002286 3
001905 20
001451 58
001174 24
000606 52
002882 91
000176 30
001214 0
001784 152
001481 51
002340 47
000413 24
001391 163
001342 5
002078 5
002890 59
002201 1
002936 0
002446 25
002764 182
000349 25
002514 5
002322 5
000884 0
002843 46
002891 10
000265 17
002786 30
001624 13
002587 59
001179 0
002098 183
002071 62
001563 184
000882 30
001431 24
001283 30
002276 14
002034 41
002934 44
002156 24
001389 185
001681 43
002984 22
001549 153
002079 22
000011 20
001629 13
000439 17
001367 174
000972 11
000711 17
001483 10
002371 53
000670 74
001193 10
000126 57
002306 3
002670 0
001927 5
001338 20
002012 69
001060 24
000199 0
000629 29
000410 186
002741 17
001741 0
002443 36
001199 34
002761 0
001202 10
001300 42
002765 15
000014 187
002951 17
002620 34
000657 13
000537 80
000968 33
002589 5
001666 33
001663 17
002402 0
002212 33
001136 64
001594 0
001459 42
000483 0
001245 0
002583 42
002179 101
002780 143
000694 157
002601 22
002074 115
002121 24
002547 67
001540 24
001579 188
002061 0
001472 11
002724 10
002455 24
002257 57
002352 62
001601 0
001534 61
001907 53
002389 138
000812 21
001371 3
000154 1
001329 1
000043 113
001241 80
001419 0
000879 33
001950 36
002559 50
001484 2
000360 80
000056 91
000880 13
001319 20
000027 5
000681 43
001239 38
001514 14
000136 0
001535 34
002259 91
001378 64
002989 13
002104 0
001001 13
001863 7
002265 189
001065 22
000397 27
002920 7
000054 49
002294 33
000179 5
000508 94
000301 36
001553 5
001664 47
002634 0
001002 143
000079 0
000996 175
000727 59
000229 18
000819 0
001398 190
000989 0
000030 27
001658 7
000562 10
000226 3
000006 0
001228 0
000445 51
000033 100
000966 5
001682 0
000894 0
000669 138
002211 80
001359 63
001407 5
002554 4
001397 52
000152 47
002669 0
000223 13
002490 0
000703 42
001667 18
002666 46
001445 96
000855 26
001833 0
001587 42
001526 23
000114 36
002097 34
002338 0
001101 42
000207 57
002534 191
001148 33
001822 0
001411 100
000890 62
002972 0
000900 0
000833 26
001246 30
002983 5
001242 3
001983 0
000870 7
001660 18
000674 18
002457 27
001375 13
001677 42
002599 5
000140 59
000490 30
000914 0
001616 1
001672 61
002214 5
001899 0
002562 5
000813 64
000215 0
001944 4
002180 17
000315 3
002187 80
000417 3
001030 192
002087 71
002102 0
000137 111
000747 69
001475 17
001123 0
000794 2
000036 41
000026 61
000658 193
001403 13
000450 20
001402 20
001259 0
002351 25
000752 164
001271 18
002958 18
001450 27
002422 42
001053 47
002438 8
000245 34
002152 39
000277 47
002442 0
002159 194
000589 111
002208 33
000971 13
001948 43
002570 0
002624 27
002388 30
002378 14
001760 26
002182 61
001324 27
000168 0
002273 195
000928 61
000025 116
000807 5
000444 0
001780 21
000151 17
002791 80
002143 41
000755 0
002266 13
002430 0
001048 147
000781 30
000901 61
000865 17
001953 18
002341 17
001198 61
000101 196
001050 25
001628 118
002444 51
002538 59
001272 1
001759 0
002684 20
001379 5
000767 91
000751 0
000963 52
002716 144
002291 39
000169 105
000074 1
002973 102
001884 61
002167 0
001139 61
002569 30
000993 1
002054 43
001500 24
002303 34
001906 15
001094 0
001385 75
002432 71
001739 21
002648 0
001504 0
002565 42
001632 13
002103 33
002516 14
000267 36
001034 47
001830 23
002586 0
001845 0
002108 42
002641 197
002215 17
000145 3
000332 61
001974 51
000248 101
000374 36
000381 14
002548 17
000321 62
002240 112
000637 7
001588 39
001332 53
002842 48
002638 30
002615 61
002283 0
001215 17
000431 102
001011 0
000192 52
002655 0
001176 62
000436 102
002735 41
001691 43
001943 80
001281 44
001900 21
001187 64
001017 30
002233 22
000688 20
001566 59
000639 0
000570 67
000934 4
001408 41
001170 61
001361 53
000534 21
002996 41
001823 138
002715 0
000197 57
002482 79
001803 33
000496 26
002640 13
000937 6
000980 0
002429 4
002076 29
001302 163
001814 13
001656 17
000396 48
002369 0
001706 15
000148 0
000798 0
001751 13
000624 0
002287 26
002029 64
001010 34
001519 13
000911 48
001623 42
000896 30
001474 82
002822 198
001362 199
000107 88
000351 7
001548 0
000651 24
000390 44
001473 26
001118 3
000555 0
000300 67
000171 0
001277 43
002355 18
000416 176
002966 61
000765 62
000429 8
000187 1
001840 42
001915 13
002318 113
001890 30
000631 22
000951 50
000163 24
000414 20
001074 61
002144 13
002147 88
002018 21
001031 100
000877 5
000818 34
000823 33
002256 0
000873 0
000246 0
000230 20
000907 0
002057 33
000897 33
002236 13
002884 13
001754 0
002925 200
002154 53
000792 47
002238 4
001911 0
001328 0
002309 173
002193 52
001652 36
000699 188
002491 91
000891 13
002643 201
001718 32
002580 2
000895 34
001152 0
001447 0
000058 20
001980 3
001923 150
001058 61
002331 0
002411 17
002292 0
000093 0
001235 34
002386 115
001014 0
001701 39
000948 17
001794 0
001110 0
000191 0
002088 14
001532 7
001997 113
002683 18
001955 5
000724 26
002112 0
002282 80
000677 62
000106 91
002948 33
001964 0
000903 141
002302 3
001433 0
002471 51
000775 94
001233 20
000859 202
001429 0
002030 180
002128 175
000990 17
000498 61
002942 48
001608 21
002136 18
001990 203
000065 5
002654 5
001815 0
000275 50
000726 5
001680 204
002597 0
001150 116
002202 27
002662 0
001364 42
000411 0
000831 0
000913 0
002566 13
002093 71
000391 150
002269 36
002189 17
001374 0
002406 34
000723 6
000262 14
000899 36
002244 0
002164 53
000719 13
002441 1
002068 0
002407 10
002876 47
000936 2
002803 5
000421 24
002198 3
000010 61
001938 13
001120 17
002928 24
000535 53
000549 24
001585 0
000299 81
002171 5
001386 0
002758 27
002863 18
002818 99
001676 13
001392 7
000089 0
001644 30
000098 94
002100 21
002397 36
000510 64
002260 5
000704 205
001970 24
002795 21
001046 62
001507 13
000940 27
001430 36
001809 0
001912 0
002940 53
000608 21
002886 71
002527 206
002540 18
001071 61
002413 57
000297 36
000050 47
001512 0
000225 17
001775 10
001244 61
001922 33
000851 122
001786 65
002696 27
001226 27
000563 94
002671 53
002853 0
000605 0
000443 0
002473 53
001599 24
001025 62
002588 0
002816 14
002811 36
002738 61
000188 67
000407 0
001173 0
002800 0
002961 53
000462 10
000671 13
002704 18
002834 74
001958 27
000715 13
001351 17
000425 1
002092 2
002710 0
000636 36
000529 15
002267 17
001766 44
002869 52
002997 30
002952 39
002904 0
001499 51
000610 0
000486 91
001479 53
001086 13
002130 0
001705 207
000325 24
000020 34
002503 0
000839 17
002022 0
002807 39
001674 13
001341 36
002083 61
002857 51
001791 1
001613 141
001523 0
000801 99
001580 208
000097 169
002495 61
000475 5
001789 82
000367 22
001898 32
001722 119
001910 0
002555 34
000761 36
000919 61
001426 71
002808 57
000393 42
001770 42
000507 0
000435 39
002697 24
002048 11
001832 52
001586 209
002986 34
000133 30
001589 11
002499 0
000032 15
002170 33
001376 115
001327 53
001113 169
001350 10
000256 61
000893 7
002408 27
000052 0
000876 53
000939 0
002821 47
001127 0
001220 0
002728 58
002854 61
000125 36
002453 42
002779 21
002880 36
001072 0
002774 0
002636 0
002656 23
000434 17
000675 112
002409 115
001100 0
002515 0
002348 91
001609 45
002542 0
002576 33
