0 21.70944571495056
001284 0
000251 1
002154 0
002787 1
000633 1
000071 2
000022 3
000415 2
000587 4
000604 3
002172 5
002800 5
002664 0
001733 6
002050 7
001728 8
001637 8
002287 6
001493 6
002617 9
002702 6
002406 10
001229 11
001008 12
000165 9
002088 9
002930 9
000904 13
000655 14
002361 9
000203 9
002160 15
002398 16
002925 9
001918 8
000911 17
002231 0
000550 8
002370 0
000696 2
001042 18
002439 19
000895 0
001958 2
002506 20
002625 21
001983 22
000031 23
000881 24
000545 9
001327 25
001850 8
002319 26
001573 0
002431 27
000313 28
002699 29
001440 30
000446 4
000892 8
000923 31
000533 32
000088 33
002891 34
001923 35
000058 0
002612 36
002135 37
000896 38
001106 39
000764 16
001978 40
001375 41
002041 4
002219 10
001784 42
000155 43
002166 44
000806 10
002020 45
002392 46
002964 2
000247 25
000348 47
002754 48
001195 25
000530 28
002043 44
001112 49
002956 44
001686 25
002932 4
001777 50
001036 51
002193 16
000686 27
000803 52
000070 23
001254 53
002656 54
001734 2
002627 9
002606 37
002203 6
001702 44
001391 7
001507 46
000934 23
002942 17
001395 46
001037 37
002638 19
000267 27
001550 10
001623 52
001172 42
000372 17
002679 55
000440 0
000333 2
002031 56
002239 8
001219 28
001362 57
000378 8
002870 7
001418 58
000903 46
001722 42
002826 38
002586 0
002110 8
002107 25
000559 38
001076 42
000967 25
001869 59
001700 42
001043 0
001523 8
002234 37
002532 12
000825 17
002715 8
002127 40
000176 19
002615 40
000411 0
001071 20
000210 55
000399 19
000237 2
002500 46
000227 55
000618 6
001861 8
000004 19
002779 0
001731 40
001494 8
001631 60
002998 23
002731 0
001238 8
001587 20
001999 52
002823 19
001815 8
002993 16
000026 9
002653 40
002747 2
002015 40
001997 10
001288 40
000161 7
000838 7
000935 9
001056 15
002526 0
002313 25
001941 40
001401 17
001090 61
001893 7
000959 52
002705 52
000270 42
002673 20
001577 9
000023 42
001651 24
001837 42
002839 28
000211 23
001509 60
001142 62
002557 47
000473 46
001012 8
001274 63
000329 8
000323 64
002278 8
002764 47
001953 24
000073 6
001412 23
000470 6
002343 52
001293 65
001835 23
000839 60
001917 31
001854 6
000274 16
000007 9
002602 2
002039 8
002531 42
002858 4
001208 47
002033 42
000001 2
001033 16
000318 52
000829 2
002423 8
002282 16
002260 8
001264 34
001536 7
002805 41
002293 66
002655 6
001066 31
001342 8
001657 19
000444 42
002539 46
002126 2
002856 40
001931 41
001618 24
002692 67
002776 25
002851 25
002760 7
001701 47
000405 12
002817 12
001413 9
000564 19
001799 9
000752 21
001991 6
001723 19
001533 41
002959 42
001223 34
000121 9
001818 68
002984 2
000410 16
001424 47
001905 23
000209 2
002367 41
001895 31
000127 18
001171 21
002036 69
000472 17
001502 70
001755 7
001053 61
001218 52
002003 47
002311 19
001234 42
000786 8
000125 27
000217 12
002366 31
000167 18
000482 27
000229 28
002468 71
000347 19
000899 27
002595 41
000335 8
001598 8
001610 70
000661 31
000351 31
000319 16
001460 8
000627 23
001353 7
000087 9
001825 8
000390 65
000558 41
001495 47
000393 2
000460 0
002970 72
001323 9
002774 34
000731 52
000629 15
000500 8
002894 2
002196 40
002222 40
000124 42
001120 41
000824 46
001875 15
000389 9
002383 25
001870 7
002986 19
002910 22
001740 73
000900 16
000598 6
000631 22
002212 15
002918 47
002396 52
001350 40
002448 47
001476 19
001911 52
001912 27
001714 52
000563 46
000593 12
001860 41
000371 7
001612 42
002099 46
002660 74
001877 8
000066 36
002997 7
000637 31
001948 61
000912 7
002553 20
000006 11
000720 2
002859 31
000404 63
000112 20
001454 37
002144 2
001894 8
002597 31
001245 41
001168 75
000042 76
001797 41
002306 7
000302 77
001108 78
000423 2
002832 41
002820 79
001575 52
002163 16
001441 48
000212 16
002574 9
000158 47
000157 34
001990 15
000605 40
001123 80
002603 81
000933 82
000104 9
000871 42
001094 70
000455 15
000241 83
002599 6
001184 20
000891 41
000141 59
000653 27
000698 27
002480 40
001664 41
002021 38
002739 25
002257 72
000769 42
002326 44
001481 0
002834 84
000719 57
002441 42
000340 0
000878 20
002102 47
002117 11
000195 52
001553 42
001696 16
000809 23
001232 40
001751 10
001708 42
001836 40
001736 42
002388 19
002018 85
001041 35
000035 60
002735 86
001524 42
000271 8
002089 9
002195 37
001445 87
000193 8
001647 52
001265 42
001345 42
002534 24
000331 47
002513 63
001883 77
002862 54
001048 88
001434 42
002385 16
000326 89
002630 70
002065 42
002403 27
002713 2
000438 41
001282 71
000541 0
000132 7
001052 16
002804 2
001903 42
001211 41
001928 10
002341 24
000884 8
002730 31
000060 2
000363 16
002825 70
002605 24
002880 20
002681 16
002752 42
002434 8
001200 42
002585 16
000552 52
000980 57
000670 24
000978 3
000184 42
002704 8
000294 28
001962 34
000537 34
001661 38
002507 90
001361 2
002892 6
002476 9
002689 47
002662 42
001060 52
001417 20
000304 7
001169 19
002499 36
001833 24
001272 71
001562 16
002288 52
001126 91
000392 47
000842 10
002720 92
001157 9
000039 21
000943 52
000362 20
000357 27
000092 55
001110 11
002626 20
002286 52
000074 42
000230 70
001746 16
001512 17
000459 47
001496 38
001009 9
002355 24
000083 42
001280 70
001829 22
000273 34
002177 16
001089 93
000693 2
002651 12
000913 2
000447 25
002616 61
002238 19
001049 18
002489 23
001564 24
000603 19
002017 52
001463 2
000730 8
001491 47
001742 42
002247 16
002229 37
002967 12
002822 94
000853 6
000449 6
000213 16
000893 39
002280 9
001488 95
000585 61
001547 40
000725 2
001846 40
002726 46
000857 2
002957 2
002846 9
001545 8
001517 60
000441 52
002297 31
002636 31
001133 52
001839 8
002634 10
000408 34
002740 16
000889 36
001244 0
001383 61
002295 19
002245 72
000973 25
001753 42
002444 42
000286 96
001366 27
000662 25
001116 97
002931 54
001819 61
000750 52
002360 70
001204 42
002806 81
000350 34
002687 81
000915 17
001851 9
002194 8
001489 8
001289 12
001369 2
002818 28
001785 47
001886 46
002503 16
001866 40
002073 7
001304 3
001832 47
000320 40
000516 8
001786 23
000511 81
000801 15
001889 98
002429 18
002106 42
002113 9
001128 2
002038 41
001688 20
001765 42
000356 38
001083 2
000051 2
002052 41
002426 28
000063 98
001707 52
000939 31
001916 6
002318 20
002901 41
002915 70
001585 52
000616 6
002773 46
001156 16
000413 6
001359 72
001938 57
000962 8
002483 42
001845 78
000591 19
002729 19
001660 28
000084 8
000742 7
001798 27
001407 38
001635 99
002150 15
001580 14
000401 27
001205 52
002243 70
000614 9
002246 19
001235 40
001166 2
001201 47
001949 31
000246 11
000223 100
000612 25
002394 16
000375 2
002010 47
001137 40
001260 101
001315 7
001546 36
001261 40
001405 102
001387 70
002206 10
002830 9
001433 40
002941 19
001028 41
001404 59
000968 24
002946 19
001131 8
002365 10
000782 103
000823 28
000606 6
000491 2
000290 27
000465 40
001436 31
000567 24
002598 46
000694 104
001741 31
002837 11
002669 42
001329 2
002527 78
002963 15
001697 8
001670 23
002498 28
001676 100
002129 70
000909 8
000851 105
001946 42
001548 2
001027 106
001044 27
002165 2
002641 107
000555 8
001924 70
000638 33
001348 47
000815 40
002422 81
001062 16
002035 44
002719 52
000916 7
001121 37
001511 74
002440 71
002055 65
002076 78
002809 52
001853 9
000082 8
002104 49
001644 108
000650 16
001792 90
000494 19
001543 22
001943 109
000107 82
002835 46
002494 38
001456 20
002686 40
001560 46
001730 8
002517 8
002953 9
002122 40
001370 9
001015 25
002905 10
002216 46
000169 24
001602 0
000059 57
000464 24
000257 110
001687 74
000342 52
001070 9
001045 17
001653 46
002461 74
000291 22
001955 21
001098 2
001672 111
001010 40
000992 44
001093 46
000589 16
000029 8
002909 0
002333 46
000601 18
002074 33
001478 61
002095 2
001622 8
002501 36
000582 24
000394 2
000710 16
001114 8
000766 72
002582 9
000632 52
002386 28
000689 10
001001 8
002100 41
001100 59
000379 8
002690 11
000998 0
000113 16
001236 10
001158 41
002425 46
002022 3
000301 27
001504 8
002197 22
002181 103
001438 42
001749 31
002871 41
002763 84
000868 7
001032 112
002145 42
001421 40
001611 2
002470 23
000457 42
002124 24
001640 2
002814 70
002680 46
001029 16
000574 20
000877 42
000672 113
000216 33
000129 42
001867 84
000028 8
000529 38
000196 27
002668 24
000793 27
000981 9
002899 24
000974 9
001711 22
001516 42
002316 114
000569 111
001831 42
001505 72
001972 57
000109 8
001182 2
000738 75
002945 42
001183 28
002133 6
000222 98
001312 55
001399 115
000854 8
000205 28
000461 9
000821 0
000489 20
002469 9
000180 18
001993 113
002968 2
002515 31
002742 19
000483 8
000902 24
002633 106
000150 24
001178 42
001569 25
001501 15
000487 20
000641 2
000299 25
000751 8
001994 40
002202 65
000374 106
002000 12
002005 12
001666 61
000508 116
000765 20
000426 20
002694 16
002666 31
002570 31
001756 27
000687 46
002536 19
002572 38
002778 2
000886 9
000032 70
001228 47
001349 28
001393 8
002950 25
002518 70
001301 117
000265 9
000240 44
001403 72
001175 36
000185 23
001193 61
001744 7
002332 33
001544 42
002928 7
000578 36
002192 20
000425 118
000846 8
002544 2
001047 19
000288 9
001318 8
002312 5
000199 8
001278 103
001084 92
002590 33
002952 119
001103 31
000701 8
001684 31
000534 77
000479 19
002843 90
001202 5
000941 77
001758 47
002879 16
001170 106
001827 24
001704 9
001636 8
000917 2
002948 16
001605 20
001820 8
000592 81
002716 97
000098 120
000358 17
001992 27
001124 9
002768 42
002807 33
001748 22
002130 60
000062 2
002188 16
002136 28
001712 70
002325 16
001039 16
002377 9
002667 102
002594 16
001709 41
001757 77
001038 42
001490 42
002707 8
002419 44
002762 8
001338 33
002372 16
000233 81
000681 40
001213 52
002236 0
000312 12
001655 11
002492 40
002881 36
002794 33
002589 38
000512 46
002917 38
000518 37
002723 19
000647 3
000380 2
000690 15
000198 47
001021 6
002810 45
002404 13
000726 42
002545 2
000264 2
001600 98
000664 19
002861 43
002886 16
002368 2
002614 8
000950 8
001344 0
001189 25
000514 35
001500 47
001313 36
002577 41
000017 28
002211 121
001624 2
001913 8
000918 10
002845 122
001639 19
000714 81
002019 31
001822 47
001675 7
001782 12
002876 9
001406 20
001678 46
002187 121
002427 52
000908 25
000929 71
001073 98
000572 8
002002 2
000407 123
000171 8
002363 42
002537 24
002012 100
002639 46
002473 41
000442 70
000982 9
001599 6
001503 10
001781 17
002320 19
000282 22
001656 7
000101 28
002712 9
001973 8
002765 38
000409 19
002153 10
000403 47
000994 16
001880 103
000044 8
002954 100
000140 25
001649 2
000249 27
002604 52
002391 41
002371 52
002994 8
002240 112
001603 8
000771 61
000562 124
001410 37
001724 6
001876 92
000519 41
000012 27
002863 13
001058 9
001457 77
000041 52
000284 52
001188 52
000709 41
001371 18
001118 52
000760 8
001530 20
000206 8
002230 2
002263 8
002688 61
000027 2
001589 57
000816 9
000086 90
002463 29
001508 32
002299 28
001294 6
000080 24
000876 2
000148 2
002259 46
001929 34
001477 25
000528 61
002635 7
001458 29
001773 52
000566 71
001214 31
001088 10
000311 117
002227 24
000382 18
002961 123
002875 20
002405 98
001302 90
000597 8
001086 90
000493 22
000579 82
001162 8
001778 31
002495 25
002543 9
002183 7
002152 29
002558 42
002663 16
001607 103
002097 25
002471 40
002508 8
001425 7
001803 36
002191 25
001209 42
002848 44
002487 21
002186 19
000921 81
001298 49
001968 33
001532 114
001694 34
001207 71
000434 42
002446 36
002484 20
002291 5
001671 5
000983 5
002576 75
001061 77
001729 8
001904 52
001225 18
002645 2
000207 16
002262 84
001770 20
000749 8
002091 38
000949 2
000928 47
001568 34
001594 8
002618 52
001800 19
000021 25
000869 52
002714 51
000122 76
000635 98
000200 125
002643 126
000704 127
001681 40
001673 46
000745 31
001574 109
000037 2
000305 42
001050 59
000522 46
000019 2
000665 16
001380 46
001590 31
001332 2
000047 128
001164 19
001146 81
002013 81
002672 34
002642 16
000486 44
002342 57
002315 70
002900 54
002436 8
000523 16
002709 8
001095 8
002200 72
002923 9
002032 6
002897 7
001199 77
002132 57
002504 5
001198 47
001947 20
002782 5
002382 98
002784 61
001848 19
000505 13
002030 10
002237 8
001224 16
002644 20
000543 42
002732 129
002867 25
000538 8
002086 12
002579 77
001556 42
000753 18
000244 2
002250 8
002540 16
002161 6
002120 8
001960 9
002884 28
001669 47
000289 130
000894 11
002916 22
002045 52
000003 131
002083 34
000568 2
001068 27
000400 10
000181 8
000147 8
000630 57
000761 31
000402 16
000414 24
001105 5
000860 61
000607 7
000173 25
000668 70
002054 61
000228 23
002119 42
000476 3
001513 44
000488 41
002028 132
000643 133
000576 42
002793 2
001970 52
002940 37
001005 54
000204 114
000412 9
000259 11
002803 7
001626 25
000792 39
000531 42
002607 31
002514 21
002430 33
001801 8
002524 9
000966 46
002340 16
000834 16
002960 24
001586 24
000551 42
002279 28
001578 61
001337 42
002693 49
002460 52
000804 77
001727 42
001987 27
002115 127
000388 41
001932 8
001396 8
001390 37
002696 10
002827 27
002384 16
002140 7
002433 31
002677 52
002285 18
002408 65
001352 3
001368 20
000703 60
001297 100
000780 15
000676 51
000422 9
002255 22
002467 6
002632 112
002014 8
000611 19
000038 113
000475 46
002684 70
002151 42
001465 27
001921 37
001885 2
000634 120
000145 19
002718 9
002850 46
002401 59
001844 23
000383 5
001074 9
002989 97
002992 47
001140 2
001809 3
002414 5
002592 46
001151 61
000770 109
000298 31
002588 13
001259 3
001442 42
001134 42
000005 2
002972 11
001840 81
001180 27
001143 52
000102 52
002047 20
001092 2
000610 31
001461 8
001310 9
001155 61
000732 2
001374 8
000735 2
002011 52
000468 61
001381 6
001016 7
001628 24
001080 27
001735 103
001111 43
002077 70
002199 41
002802 41
000671 16
002511 8
001222 0
001606 103
001959 16
001780 134
000757 7
000702 40
000285 90
000116 31
002549 8
002796 16
002700 42
002380 18
001497 45
000266 25
001910 11
000194 2
002317 16
002442 8
000783 135
001127 52
002300 120
000734 8
002977 41
000712 68
000947 59
002044 77
000812 106
000628 27
002828 44
002379 46
000123 23
002458 2
002252 52
002218 8
002628 109
001411 2
001645 2
001621 0
001957 2
000106 19
000182 40
002009 24
000875 136
001256 27
002738 25
001283 2
001378 45
000867 11
001549 90
002849 77
002336 16
000907 8
001415 2
000680 12
002491 109
001154 123
000960 6
002710 77
002745 112
002609 38
002182 47
002852 16
000964 8
002265 137
000272 42
000100 9
000170 47
001692 46
002331 8
001054 42
001328 36
000669 74
000510 45
002349 2
000248 70
000746 8
000700 18
000428 13
001814 57
000154 42
002114 11
002004 42
000011 36
002991 46
000826 52
001364 20
000808 11
000977 8
001775 5
000341 5
002920 52
000830 9
002142 36
002094 23
002411 41
000963 54
001258 57
000844 114
002424 27
000421 9
000499 19
000417 52
000621 138
002174 46
001808 35
000361 116
001014 8
002008 2
001522 7
002410 16
002345 28
000469 42
001539 15
000138 36
002551 8
001466 70
002271 63
000841 15
001699 28
001075 16
001541 8
000692 6
002346 2
001291 78
001492 28
000225 9
002659 27
002376 77
002975 41
001459 81
000996 15
002759 52
001891 52
001658 52
002053 82
000081 2
001176 59
000034 23
001356 52
001064 109
001241 109
002264 8
001616 12
001000 98
001864 77
001971 25
000805 103
000135 72
000325 47
002621 47
000880 42
000914 8
001113 61
002583 81
001408 38
002792 5
001453 10
002847 123
002190 27
001648 7
002416 6
001346 43
000864 15
000024 36
000149 24
001646 55
001892 52
002969 2
001416 27
002170 34
000931 25
002146 2
000280 24
002833 11
000077 16
001358 49
002646 2
002555 41
002640 37
002108 139
002103 113
001732 27
002321 98
000547 68
002063 25
000501 41
002587 25
002096 52
000506 40
002750 8
002281 77
002270 3
002435 19
001737 140
000958 19
002400 2
000166 96
001450 36
000202 10
001796 9
000239 27
001051 40
000986 19
000553 7
002217 2
002454 56
002159 110
001979 141
000990 20
002907 46
001196 41
001281 9
001400 70
000624 27
000049 11
001788 24
002464 41
002983 120
002829 16
002703 90
002573 24
000115 83
001768 123
001379 8
000791 46
002874 52
001935 82
000897 2
001097 17
002328 44
001194 2
000221 45
000515 52
000151 8
001432 41
000716 41
001484 38
002815 12
001129 8
001967 28
001779 25
001096 38
000954 38
000863 112
001747 8
002860 114
002387 18
001898 27
000189 42
001738 33
000924 59
001776 10
002903 70
002213 103
002727 52
001055 46
002701 7
002831 42
001956 136
000269 8
000309 28
002164 72
001942 8
002751 59
001243 90
001925 8
002116 90
001091 20
000822 61
002913 116
000108 12
002350 18
002955 8
001414 19
001257 142
002292 7
001365 64
002761 10
000458 23
001276 2
000759 42
000707 8
002743 38
001295 2
000093 9
000817 16
002872 52
000856 2
000870 120
001026 70
000143 16
002066 98
001483 22
001474 77
000163 52
002344 70
000862 2
002407 2
000617 52
001674 10
001428 120
002134 19
001451 52
001945 2
001810 22
000571 8
000711 16
002248 40
000932 16
000328 40
002926 41
000580 9
001402 16
001579 18
000858 44
001534 9
000926 10
002728 143
001002 24
000952 10
002554 74
000245 5
000322 8
000788 16
000855 103
001807 61
002824 9
001132 23
001452 144
002081 12
002415 9
002842 17
001125 38
000882 44
002882 145
001212 18
001632 23
001817 52
001031 106
002472 114
000885 18
001319 28
002873 2
000520 57
000057 9
001152 52
000845 146
002505 20
001914 31
000772 8
000256 112
001354 16
000236 147
002571 44
001841 7
002665 8
000344 10
000339 148
000697 22
000991 71
001429 8
002329 59
002148 51
000316 149
001976 52
001145 8
001326 70
000208 8
001443 16
002902 8
001067 31
000594 6
001652 27
000657 16
001382 65
001035 28
001554 11
002973 10
002373 122
002001 20
002118 8
000906 17
000797 28
001944 36
000179 120
001007 23
000536 150
001444 9
000609 70
001791 77
000002 19
000336 19
002352 151
002046 37
001641 31
001772 70
001423 41
001197 40
000649 7
000560 2
002497 123
001003 7
001920 152
000188 123
002836 2
000232 8
001311 21
002438 47
001613 69
000775 116
001273 2
000800 19
002215 16
002337 153
001625 23
000756 40
001717 23
002176 77
001250 9
000615 46
002189 154
002671 8
002251 31
001902 81
000387 123
000187 155
001834 57
002854 20
001339 31
001514 19
002877 8
000262 156
001680 2
000905 46
002254 8
000253 24
002253 70
001659 27
000679 17
000075 31
000599 8
001726 37
000317 27
000938 46
001469 16
001455 16
001148 42
001980 2
001307 60
002048 38
002080 45
002037 31
002978 24
002173 157
000636 27
001117 77
001268 6
001286 2
001473 103
002658 158
002034 41
001210 8
002528 70
000744 8
002623 16
000287 52
000956 27
000153 19
002995 124
002168 46
000762 36
000478 2
000985 42
002056 5
001812 31
000263 42
001082 16
000430 2
000250 25
002958 24
002801 19
000020 52
002510 100
002786 11
000659 20
002965 47
002040 78
000807 42
001510 8
002301 47
000922 60
000819 16
002652 159
000343 11
000354 24
000521 2
002866 38
000016 16
003000 16
000843 29
000565 160
002175 5
002982 5
000052 52
002381 52
002068 6
002819 19
002697 52
001595 7
001906 27
000395 16
002087 161
000832 29
000448 38
001324 8
000972 92
002201 42
002521 60
001856 2
000043 20
002777 29
001388 23
002736 8
001384 45
001377 8
002520 19
000431 25
000076 8
001252 8
000639 16
002420 59
001922 16
000156 42
001873 77
001177 40
000353 2
002581 31
002698 16
001372 41
001868 85
002542 52
000695 23
002981 52
000814 24
001498 7
002277 16
001794 23
000120 9
002650 41
001939 85
000159 162
000747 27
000190 20
002339 25
002298 22
000957 17
000852 7
002338 31
002734 7
002565 2
002121 7
001226 40
002314 8
002566 62
001843 24
002158 37
001915 7
000065 37
000850 47
002180 20
002893 35
001802 31
002207 17
000741 114
002753 24
000524 16
000955 11
002675 8
002224 22
001617 77
001215 31
002450 10
002139 70
001419 70
001385 152
002242 52
000887 37
001331 163
000840 38
001239 60
001821 27
002885 36
000588 122
000064 17
000297 7
002235 21
002939 99
001099 8
002721 42
001122 31
001308 40
000678 81
001022 46
001321 8
002798 9
002691 42
000451 77
000811 16
002268 44
002156 6
000443 70
001555 27
000164 46
001563 34
002308 31
001771 5
002591 70
001422 2
002208 34
001761 20
002412 6
001220 8
002409 164
001072 11
002445 25
000133 123
001572 0
002799 47
001609 77
001355 8
000144 19
001163 165
002223 34
002840 10
000303 44
002601 2
002812 10
000381 19
002481 16
000802 18
000315 2
002811 7
000360 8
001537 38
000255 17
002079 59
000847 34
000721 36
001279 33
000920 27
002564 52
000613 5
001018 61
002209 158
001638 9
001691 40
001754 8
000688 166
000008 34
000584 55
001878 11
000117 96
002304 114
001334 131
002795 54
000979 7
001571 25
000961 8
001263 60
000872 9
000079 27
001764 42
002575 9
001389 78
001141 112
000324 8
001683 8
001464 42
000549 34
000925 8
000174 8
000548 43
000736 9
001583 167
002951 17
000437 152
002767 52
002541 61
001690 25
002138 47
002889 15
001248 0
000238 8
002756 2
000748 59
000096 19
002522 51
000046 16
000728 27
002725 147
002007 168
002919 27
000898 114
000953 52
000818 19
000191 31
001752 24
001019 23
001705 109
001940 98
002273 64
001437 7
000763 20
000503 49
002455 34
000586 70
002757 45
002682 123
000424 120
002058 40
002934 9
002171 2
002649 83
002353 52
001267 52
002908 64
002006 36
002769 162
001475 37
001871 19
000540 10
001285 52
000946 42
000575 27
000119 21
000787 123
001227 124
002789 17
000110 70
002477 44
000784 46
001952 12
002578 164
002717 31
001119 21
002258 20
000215 8
000779 11
001551 169
000310 60
001161 16
002533 77
000219 27
000429 24
002622 8
000713 42
002141 60
002284 83
000009 59
002906 114
001662 25
001221 23
002179 48
000596 5
002857 52
001472 92
002296 98
002226 61
000517 25
001588 29
002016 60
002449 70
001663 7
001874 52
001217 74
001806 25
001333 2
000675 113
000820 9
000432 61
002746 116
001069 9
001774 52
000314 47
002303 20
002737 86
000061 17
001963 44
000683 130
001908 42
002766 37
001153 27
000890 16
000945 16
002057 52
001336 153
001862 90
000645 23
001887 18
000527 8
000507 10
001231 24
002927 16
000717 45
002024 18
001842 8
001017 35
001969 23
000055 41
000050 61
000767 15
002475 61
002157 24
000810 130
002071 42
000377 39
000737 42
002580 7
000595 9
000349 59
000094 11
001249 98
002788 23
002883 8
002567 0
002375 33
002509 31
001682 0
002962 35
000136 42
002465 153
000936 6
001715 2
002988 61
000778 147
001135 7
001679 11
001665 6
000708 21
000561 170
000654 110
001271 28
002808 24
000418 34
001879 8
000987 161
002538 25
000131 114
000848 8
001150 165
000025 10
001805 9
001890 44
001528 9
002204 96
002276 19
001023 47
000873 0
001567 77
000226 5
002023 70
001470 171
001462 36
001057 24
002432 16
002670 8
002228 81
000948 25
001909 172
002059 8
000355 8
000068 4
001698 77
000722 42
000146 45
000416 16
001531 20
002949 60
000172 8
000727 42
001896 173
000056 43
000139 8
002244 37
000450 70
001998 51
000989 8
000970 38
000137 43
001897 5
000175 0
001966 20
000386 46
001725 16
002741 16
000445 2
001102 16
002781 52
001828 100
002922 96
001884 9
001290 42
001582 40
000090 36
002451 70
001306 31
002101 16
002049 47
002178 65
001030 24
001330 75
000040 146
001013 174
000944 25
000666 42
002327 40
000453 17
000781 6
002987 107
001149 2
000178 175
002185 46
000337 176
001919 22
002167 19
002979 22
001557 9
002890 12
001601 8
001642 0
000352 36
000625 90
002241 177
002519 18
002478 8
001552 72
002184 61
002561 0
002090 5
000724 103
000699 18
000359 27
002868 45
001322 160
001614 178
002980 0
002563 45
001526 9
000619 97
000466 90
001435 5
002733 82
001420 10
002496 31
001703 16
002128 15
001988 77
000492 16
002869 126
001766 40
002474 16
002459 179
001789 77
002938 41
001482 16
002657 42
001136 23
001936 2
002378 19
001581 8
000480 52
002266 0
000103 9
001479 43
000743 22
002775 42
000054 28
000988 45
002619 6
000069 8
000718 116
001101 2
000334 70
002417 40
001392 31
001240 70
000785 8
001174 2
001159 12
001316 2
001138 25
000128 42
001584 8
001975 40
001262 70
002695 41
001107 116
000951 99
002123 45
001130 37
002898 36
001559 51
000462 23
000640 82
000758 36
002637 10
000930 25
000231 47
001320 27
000556 39
000544 29
002547 41
002488 36
002399 25
002486 2
000099 65
001431 52
001251 70
001888 31
001900 9
001006 46
001471 2
002061 8
002310 5
000295 15
002402 8
002674 35
002790 19
002354 123
000160 120
001237 25
000651 19
000910 27
002816 19
002620 13
001558 7
000321 60
000015 41
000976 33
002456 112
001447 8
000463 31
002944 31
001693 113
001720 20
000644 43
000620 61
000652 52
000254 7
001882 52
000874 10
000467 7
000754 47
002611 6
000942 61
000883 64
000292 59
000234 7
002943 52
001305 47
001767 8
001519 27
002272 46
002841 55
002098 180
002418 19
002026 42
001486 92
001242 2
000535 27
000526 21
001426 181
001081 85
002685 41
000590 9
000674 16
002678 41
002155 182
001347 76
001376 6
000836 41
000252 7
000667 2
002210 23
001872 140
000391 9
001468 77
002548 61
001363 31
000795 123
001985 153
001934 61
002105 46
000682 12
001206 10
001078 131
002895 37
002395 9
000152 61
001525 8
002771 8
000828 6
001255 19
000525 31
001266 34
002070 41
000406 70
000258 2
002838 47
002437 16
000186 34
002092 17
000474 42
000813 23
002389 74
001167 9
000365 19
002936 8
001859 2
001351 9
002364 27
000330 19
000513 90
000663 31
000346 23
001604 17
000833 124
000684 52
002629 27
001677 42
002947 21
000773 109
000067 183
001951 6
002706 19
001716 184
002421 2
000235 124
000646 24
002466 15
002348 46
001667 24
001823 74
002078 28
001139 0
000542 8
001314 52
002896 27
000201 36
001964 45
001296 28
002362 25
000307 2
001309 8
000130 52
000396 59
002864 9
001930 2
000327 8
000192 126
000723 0
001855 23
000308 38
001065 2
001398 103
000496 103
000385 16
000583 21
000398 34
002933 119
001630 42
000162 19
001335 164
002724 98
001104 20
000937 25
001040 20
001367 90
001275 34
002749 31
001927 22
001950 27
002069 43
000570 96
001160 16
001561 18
001592 72
001881 2
002530 185
002082 70
000048 20
000030 36
001596 9
001926 52
000502 46
001847 124
002502 42
002755 123
001186 7
001269 47
002559 42
001857 19
001863 31
001795 76
002648 44
002550 186
000433 2
002302 33
000997 70
002855 7
002791 70
000367 2
001077 49
001079 59
000261 15
002347 12
000557 14
002067 6
000573 31
002912 42
002274 52
000600 36
002661 123
002042 2
000420 2
002137 31
001303 39
001247 52
001233 70
001449 41
002267 41
002356 76
002205 121
001813 77
002220 9
001467 9
000276 8
000706 103
002335 8
000454 12
000114 20
000072 0
002029 9
002131 16
002935 103
002064 41
001826 57
002584 187
002290 52
000919 9
000452 23
002624 2
002453 10
001515 71
002393 46
001566 12
000740 24
002413 59
001654 169
000105 9
001858 16
002821 19
002887 52
002722 28
000242 131
002479 28
001989 42
001570 9
001620 84
000097 3
002516 16
001191 60
000085 8
001719 42
000010 9
000879 36
001340 23
000774 8
001386 8
000277 6
001409 61
001593 70
001373 42
000089 52
000091 52
000281 42
001907 188
001485 16
001824 31
001325 0
001427 2
000993 78
000366 124
002072 81
000677 8
002027 61
000999 51
001190 130
002359 47
001760 104
002289 52
001343 70
000095 31
001287 40
002147 128
000168 41
000497 20
001750 22
002324 69
000715 27
001540 52
000332 9
000220 70
002482 5
002937 59
002772 41
002535 17
001538 40
000532 0
001865 21
002797 189
002309 4
001981 25
000306 31
001650 5
000197 16
001165 190
001619 25
001147 7
000495 13
000111 45
001109 27
001270 9
002562 22
000370 2
000794 100
000927 9
002322 113
001816 143
000397 8
001179 40
001216 82
000798 42
001299 0
001063 5
000419 116
000376 31
002512 19
000471 16
001542 38
002608 56
002351 2
002631 57
002990 36
001762 42
000799 7
002060 38
001487 8
000539 16
002676 13
002330 2
000984 42
000481 72
001480 51
000224 9
000673 61
001394 42
002985 8
000995 9
000581 20
001046 4
000078 51
002596 10
002996 38
001759 31
000827 20
000126 2
001253 61
001961 27
002770 8
001597 2
000577 41
001576 2
000622 38
000768 81
001230 8
001341 27
000660 7
002853 47
002888 23
001518 38
002758 16
002974 46
002785 52
000260 42
000283 22
002683 28
001615 24
001185 2
001974 11
002523 9
000456 24
002369 17
000435 40
000300 81
001763 40
002485 124
002865 90
001933 28
000439 7
002374 18
002025 54
002452 37
002613 2
001627 5
000293 70
001838 123
000279 34
000656 27
001059 47
000733 76
000554 8
002143 61
002914 13
001901 9
002294 8
001192 38
001527 42
001996 70
001357 16
001695 40
000776 2
000427 16
001787 16
001187 17
002198 52
002275 52
000866 8
001710 41
001793 145
001246 44
000901 7
002748 8
001529 10
000602 6
001292 77
000218 131
002269 34
000214 16
000036 38
002443 120
000368 42
000013 8
000477 8
001721 191
002283 16
002744 16
001085 28
002904 8
001633 2
000014 33
002112 8
002783 116
001024 24
000965 19
000608 0
002062 0
000436 9
000018 46
002813 8
001783 5
001804 27
002397 27
002256 31
001115 20
002390 7
001954 31
000345 47
002844 42
002600 16
002647 192
001718 65
000033 2
000373 193
000658 194
002221 5
001087 0
002457 61
002929 40
002249 98
001317 118
000861 27
001608 52
000045 70
001535 5
002878 49
002971 9
000490 52
000504 76
002261 61
000134 44
002109 6
000691 16
002075 31
002149 25
000975 8
002999 0
000777 65
000789 123
002569 42
000364 36
002358 31
000796 9
001937 52
001629 23
001277 40
002593 6
000940 8
001506 46
002490 40
000648 77
001004 31
002525 8
002111 70
001173 24
000484 9
001811 19
000053 37
000243 23
002084 17
001986 5
001203 104
000739 20
002169 40
001300 20
001020 76
002093 2
000837 77
002125 27
001745 42
000369 23
000268 2
000729 96
002493 25
002552 2
001520 52
001034 61
001713 7
002334 19
000296 41
001849 5
000626 2
000278 9
000498 9
000485 25
001521 8
000183 7
000971 12
001852 122
002225 2
000685 195
001769 52
002976 9
002085 2
001181 16
002051 2
000755 46
000509 98
002546 19
002357 20
001982 109
001439 16
001446 7
000142 2
000865 20
002232 8
002323 9
001011 23
000849 2
002560 3
002780 57
001995 52
000888 170
000118 77
002162 8
000546 196
001790 41
002214 7
001977 120
002233 5
001984 8
001397 57
000275 8
000705 9
001025 197
001591 170
001565 2
001743 70
000384 99
001430 27
002610 61
002911 47
001830 7
000177 24
001360 16
002428 8
002568 8
000831 34
002556 9
001643 2
002462 82
001634 99
000623 27
002921 8
000859 61
000642 16
002307 61
000835 7
002711 8
001499 52
000338 81
002447 31
001448 47
002654 46
001965 31
001685 27
002529 28
001144 5
002966 9
001706 7
002924 95
001739 52
002708 25
000790 21
002305 51
000969 2
001668 12
001689 28
001899 20
