0 23.16249418258667
001958 0
002088 0
001395 0
001521 1
001099 2
000394 3
000029 4
000100 2
000352 5
002021 5
001353 6
001145 7
002856 8
001226 0
000298 9
001786 9
000127 6
002758 0
001597 10
002028 11
002997 6
000682 12
000046 13
001437 9
002748 9
000302 14
002649 0
001608 0
000637 15
000548 0
001266 0
001271 8
000679 16
002613 0
002157 8
000706 8
001509 17
000111 1
002354 18
002178 16
002049 19
000283 20
001101 5
000561 21
000564 16
000578 22
001820 0
001951 23
001560 13
000300 13
001923 24
001066 9
002039 25
000535 26
002924 27
002766 28
002227 29
000274 13
000395 25
000193 30
000099 6
001202 25
002631 31
002246 0
001229 22
000541 32
002389 25
000042 25
000956 6
002329 0
002621 33
001136 9
001598 34
000206 35
002260 36
000004 6
000621 21
000536 25
002361 25
001491 26
000293 37
000928 38
002301 39
001661 8
000433 0
000749 40
000608 41
000614 22
000789 42
001989 25
000784 43
001793 44
002030 22
002472 9
000797 45
002186 46
001673 1
000714 13
002213 47
001966 38
000528 0
001637 9
000051 21
002816 48
000292 13
001431 49
000221 1
001824 49
002460 14
001552 0
002161 13
002546 49
002767 6
002964 16
001154 42
000814 13
001947 38
001590 9
002699 49
002673 22
002365 50
000005 51
000726 0
002456 33
001948 0
002681 0
000007 33
001105 25
001293 52
002710 14
001630 14
002849 33
000526 33
001927 38
000912 6
002097 21
001855 9
000774 8
000590 5
000903 19
002600 30
001968 5
002930 27
001684 9
002704 8
001847 3
002583 53
001662 21
000307 14
000517 38
001614 39
001587 22
003000 54
002572 8
000041 49
000367 3
001652 0
000589 30
000011 26
002687 13
001239 17
002337 1
002689 19
002342 19
002338 9
002657 19
001827 0
002947 16
001376 39
002797 21
001219 8
001127 14
001987 55
000322 8
002923 1
001407 0
001563 56
000397 57
001434 1
002146 32
002191 38
000772 58
001242 3
002739 38
002770 8
001146 17
001656 6
001754 0
000112 22
001698 49
002668 59
002535 26
002692 60
001525 3
000331 61
002697 21
000256 33
000158 37
000319 0
000631 26
002207 37
000315 62
001826 19
002960 8
001545 30
000855 8
002016 6
002398 13
000347 8
000599 0
000856 10
000443 38
002333 1
002001 33
002848 63
001534 38
000762 30
002012 52
002901 49
001358 58
001638 38
001078 64
001991 13
000966 19
002276 48
002195 34
000587 1
000066 9
000937 32
002485 3
000731 0
001235 49
001132 26
001472 58
002317 0
000757 1
002027 0
002250 9
002515 9
002256 0
002953 1
001594 40
001609 33
002052 6
000798 0
001269 38
001774 49
000249 54
000108 65
002419 61
002750 4
002129 9
001901 21
002891 66
002763 10
001505 4
002318 32
001393 9
000228 26
002602 3
002037 0
002684 38
000976 37
000886 38
002596 16
000225 43
000917 19
002183 6
002403 38
002625 34
001675 67
002238 19
002046 68
001527 61
002287 8
000488 30
002783 8
001733 13
001326 30
001768 42
002778 0
002035 19
002628 69
002804 19
002253 38
000559 0
001696 19
002426 8
001653 48
001454 34
002455 21
002677 49
001065 3
002616 0
001261 0
001992 70
000871 0
000231 37
000018 52
002552 8
001574 35
000955 9
001072 9
002527 35
000305 0
001702 38
000791 26
002610 0
001929 48
001256 38
002779 49
000665 48
000219 6
000188 71
002961 42
002990 0
002066 38
001932 9
001538 49
000601 6
002617 14
000930 38
002210 65
001166 52
002768 14
002357 0
000522 43
000304 6
002067 3
000758 0
002170 13
000261 38
002299 38
001952 65
002497 42
000368 0
002071 1
001643 10
001679 72
002189 27
000988 9
002427 39
001081 37
000910 37
001164 19
002033 38
001302 63
000383 73
001769 1
000611 74
001381 13
002281 75
002107 38
001172 38
002998 9
000082 3
000152 35
002429 6
000962 9
002785 6
000202 50
001306 9
000672 29
002023 5
000055 30
000439 68
002438 13
002391 8
001422 42
001537 8
000166 26
002502 9
001129 8
001005 56
002839 40
002029 41
000914 9
000482 70
000500 30
001797 34
000919 38
001903 19
001194 8
002962 24
002151 43
000162 42
002926 37
000813 1
001238 8
002733 8
001405 43
000076 0
001163 30
002075 9
002794 0
001488 27
002703 4
001398 42
002025 56
001777 32
002288 0
002983 58
001876 29
001834 0
001909 76
002705 19
000404 6
000232 1
001334 64
002332 5
001042 6
001448 8
002590 56
001914 9
000606 13
001249 43
002821 19
002445 77
001143 49
002441 78
002922 71
000204 8
000785 8
002373 63
000014 17
002208 21
002905 0
000676 34
002885 9
002603 13
000465 79
000775 8
001935 8
000496 50
000803 49
000170 19
002449 9
002169 0
000959 49
002965 49
000446 8
001457 75
002002 19
001423 30
000896 42
000429 8
002658 80
001735 0
000196 6
002556 38
000547 19
001828 37
002897 26
001585 6
001567 32
002549 1
002746 8
000088 0
000633 81
001959 13
000583 34
000257 0
001090 35
001814 19
001411 3
000048 38
001651 13
001530 9
001248 32
001503 0
000059 0
002731 32
002683 8
000073 8
001811 29
000474 49
002577 30
001382 6
000124 38
001217 41
000881 13
001336 1
002399 0
001148 0
001354 8
000336 8
001495 19
002230 8
001917 9
002486 21
000181 40
001451 42
002543 38
000617 6
000121 38
000109 14
002790 8
001962 62
001579 6
001704 38
000750 6
000684 82
001724 50
002545 3
000172 30
000103 49
002458 19
000773 35
002232 30
000416 14
000491 52
001165 83
001141 33
002769 0
001329 3
001378 9
001399 58
001612 0
001400 5
000830 38
001308 1
001352 26
001602 84
002728 42
000182 0
001681 26
001688 21
000178 85
000694 49
002400 3
002678 8
001012 8
001916 86
000286 26
000899 70
000894 8
002086 42
002913 8
001851 21
000701 9
001455 19
001404 21
001187 87
002235 0
001224 58
002096 49
002608 32
002083 38
001919 8
002175 19
002915 5
001142 49
002630 5
002966 5
002372 15
000276 0
001297 52
002171 32
001562 33
001843 8
001408 42
001645 86
001971 33
001593 5
001370 3
001323 21
001605 22
000867 22
000946 33
001300 22
000980 2
001856 0
000222 62
001994 30
000922 6
001433 49
001074 38
001895 19
002393 0
000138 0
002578 43
001364 22
002831 10
002504 73
001029 0
000603 29
002701 8
000837 75
001837 5
001001 42
001818 26
002100 8
002184 0
001040 22
000440 19
002496 9
000095 9
002743 0
002000 65
001179 19
000269 9
000033 3
000200 32
001489 9
000229 8
001139 32
001610 38
000303 61
001550 46
001938 30
002665 9
000135 26
002799 23
000809 58
000680 42
001957 0
000841 32
000481 58
002379 1
001708 3
002749 9
002544 52
000689 0
001604 20
000686 6
001436 9
000288 5
000703 6
000502 12
000120 38
000365 48
002435 0
000558 26
001317 75
000562 0
002143 0
001152 6
001556 30
001978 73
002599 51
002229 6
002280 9
002307 49
000667 26
002793 0
000725 3
000574 22
002806 50
001121 6
000234 0
000907 6
000342 6
001189 77
000083 14
002777 78
000189 0
001672 33
000550 8
000805 9
002397 70
002553 38
002203 8
002792 36
000544 48
000478 21
002304 22
000817 39
002753 3
000398 38
000935 49
000655 49
002269 49
000708 34
001010 49
002018 39
000251 41
000974 38
001225 19
000786 30
000281 9
002857 88
001478 49
002974 0
000792 50
002346 3
000778 0
000675 29
001790 6
001218 39
000938 38
000430 42
001013 73
001654 48
001711 8
000556 89
000187 57
000167 6
000995 33
001237 38
000477 9
001027 37
001761 22
001808 24
000057 14
000209 0
002511 30
002380 6
002506 22
001498 56
000426 90
002645 29
001559 30
000242 64
002757 1
001570 38
000570 13
001267 8
002194 33
002247 14
002048 73
002881 9
002532 19
001174 71
002283 13
001557 38
001178 1
002619 91
002654 57
001930 3
000651 33
002634 14
001518 8
001017 24
001501 38
001460 30
001231 38
000560 32
001409 0
001974 35
000738 38
002564 39
001745 26
001295 10
000826 6
000624 5
000220 42
000258 49
001282 92
002775 24
000926 0
000217 39
000511 17
002367 6
001588 43
000593 93
000493 35
000332 38
002829 33
002216 0
000415 0
002132 94
001045 21
001908 25
000645 9
001823 41
001039 5
001508 13
002271 32
000639 0
000944 95
002615 5
002585 0
000195 40
000575 37
002362 38
000818 49
000958 8
002765 0
002711 0
000897 3
002772 30
000840 42
001396 0
001862 0
000636 70
000721 96
000255 49
002118 9
002005 49
001731 73
000192 97
001773 26
001484 37
002989 26
001206 0
001819 0
002951 33
002862 42
001504 9
001420 22
000453 38
001418 51
000197 19
002918 9
002457 0
000534 73
000878 98
001037 8
000460 19
000487 22
001892 99
000681 79
002453 1
000419 58
001350 73
000877 42
001650 73
001900 14
002330 8
001709 19
002105 29
000454 65
001414 63
002876 49
000580 38
000125 5
001898 16
000339 100
001416 37
002858 22
000090 8
000447 38
002106 5
001893 64
001150 30
001925 9
001848 48
001918 9
000997 30
000734 8
000628 5
002609 0
002512 48
001939 71
001240 5
000330 16
001428 48
001469 13
002388 8
001578 0
002626 38
000545 14
002693 9
002614 0
000369 38
002642 0
002802 6
001222 20
002396 101
002991 5
000994 14
000458 9
002402 14
001337 34
001443 8
000737 26
001564 102
002601 3
002061 8
002986 2
000736 38
001442 6
000933 19
001021 43
001993 57
000661 40
001033 19
000423 3
002450 8
002805 41
001061 34
001044 16
000289 103
000471 27
002326 19
002174 0
001088 0
001907 104
001912 37
002877 30
000227 14
000761 73
000577 51
000092 92
000515 104
002364 33
000271 8
000518 30
002384 15
002202 14
001046 22
002718 2
002836 10
002914 105
000960 23
001388 9
002482 58
000769 38
002371 6
002520 49
001860 41
001228 5
000985 0
001813 14
001402 8
002295 8
002871 8
000847 62
001961 106
002900 3
001160 107
001806 9
000469 75
002940 62
000969 52
001197 79
001792 88
001967 3
000341 37
002298 48
002315 42
000900 0
001069 2
001186 38
001343 5
001576 2
000693 3
000588 108
002254 49
000131 29
002423 40
001397 75
000554 1
002323 29
000656 70
000445 30
002650 30
001483 20
000094 22
001157 21
000768 13
001386 49
002937 21
000134 19
002931 56
001051 24
001721 0
002854 22
001566 19
000859 109
000552 0
001543 20
002376 49
002302 5
001490 43
000609 26
000349 75
002297 9
001700 88
001622 39
000613 49
002488 9
001833 0
001717 1
000710 13
000573 9
002869 97
000744 0
000704 110
000925 30
000183 6
002788 26
000243 49
002807 16
000371 6
002076 88
000441 49
000654 32
002709 9
000709 111
001383 0
000024 9
002141 57
001118 6
000934 26
000858 112
001227 3
000509 9
001003 6
002274 19
002723 29
002300 48
002470 26
002909 19
002999 30
002392 29
002131 8
001782 8
002009 8
002032 0
000765 22
001669 8
000486 61
000237 3
001211 6
002349 3
001071 22
000713 0
002461 113
000646 38
002932 114
002906 0
001458 43
001692 0
000616 38
000671 30
002671 42
002791 26
002185 29
000901 38
002789 16
000986 29
002110 30
001392 9
002969 22
000207 9
002313 32
000031 26
000259 35
001265 115
000174 8
001283 8
001292 14
000860 0
001170 57
001618 109
000444 0
002698 116
000808 8
001180 1
001016 52
002774 48
000494 19
001195 75
001931 24
001857 16
002410 50
001467 38
001216 8
001309 9
000973 38
001766 38
000442 42
001659 26
001444 38
000690 45
000764 13
001272 75
002522 8
002444 21
001133 39
000017 0
001232 32
001439 30
001660 30
002069 33
001247 43
001906 37
002257 49
002934 33
001115 38
000615 29
002125 38
000422 27
001788 25
000918 30
000586 5
001144 73
002663 28
002745 33
000077 13
000191 9
001234 37
002165 19
002007 0
001345 8
002167 117
001549 88
000002 19
000640 99
000376 9
001697 8
002479 0
001936 14
002478 19
000746 109
002666 4
000643 118
000190 22
002109 20
002309 114
000012 70
000354 19
002622 9
002529 29
001360 0
000201 6
001611 3
001686 38
002667 43
000448 109
002014 9
001934 0
001514 48
001988 2
000882 63
001190 103
001059 19
001762 33
002980 19
000116 9
001385 22
001926 0
001867 119
000407 42
002995 3
001366 0
001028 41
002840 0
002102 19
001945 3
001502 5
002889 120
001625 26
002464 30
002316 0
001933 40
000326 121
000941 10
001298 58
002643 33
001095 99
002471 5
001805 8
000853 33
001920 122
001103 9
000779 71
001130 0
002725 90
002569 0
002089 38
000141 21
002239 30
001749 13
000390 14
000821 32
002612 9
000698 5
002846 38
001209 0
000485 0
001137 0
001736 115
002036 123
001331 0
002985 8
002439 21
002344 5
001606 0
000025 124
001356 6
000102 39
000629 120
001730 9
000993 8
002719 19
002407 3
000009 75
001067 9
000364 0
002887 14
001014 1
000401 37
002197 20
002865 4
002054 125
000039 16
002112 30
000865 38
000346 14
002115 99
000386 1
002868 1
000788 20
000208 57
001054 1
002101 9
001737 8
001335 56
000049 126
002019 19
000670 25
001689 75
002623 27
001829 48
002164 26
000294 8
002707 30
000895 32
002513 100
002103 83
000984 0
001113 30
000632 8
001547 49
000213 14
002063 2
001781 0
002459 127
002214 0
001676 128
001476 0
002160 120
001832 14
001809 33
001924 5
000224 38
002641 0
000524 79
000230 5
002124 8
002159 129
002744 0
002781 99
001714 0
002251 9
000584 14
002547 95
001124 38
000829 32
002038 6
002010 8
002982 25
000822 30
001250 38
001205 6
001779 38
001727 30
000399 46
002140 63
002782 73
000892 30
000748 99
001464 1
001897 36
000038 83
002912 26
001510 19
001849 25
002237 125
001649 0
002566 49
000373 77
001162 56
002311 2
002700 6
001738 63
002065 14
002385 0
001288 38
001092 71
001147 56
000295 120
001743 5
000978 0
000260 57
000159 130
001153 70
000971 19
002796 30
002662 38
001671 49
000846 9
002286 6
002819 0
001540 88
002116 52
002837 32
002079 3
002044 73
002163 13
000514 24
000068 131
000538 0
001706 6
001852 0
002917 109
000310 14
000801 45
002508 30
002911 14
001084 8
002533 32
000126 3
000069 1
001535 49
001245 0
001760 0
000150 9
001755 4
002180 22
002646 3
001387 5
001864 73
000921 50
002780 19
002431 70
000437 122
002218 30
002568 0
000852 6
000673 67
000061 21
002853 19
000265 30
002713 3
001324 36
000457 9
000597 0
002047 21
000983 88
002716 62
000210 37
001767 30
002929 19
000203 38
000348 0
001871 48
001785 0
001085 19
002352 63
001110 71
000702 73
001541 9
001838 42
000635 43
001449 49
000835 6
001674 14
000268 3
001858 14
002494 109
002147 62
002640 30
000810 103
001123 0
001646 14
002861 42
001207 108
002156 13
000982 2
001035 8
002558 78
001771 112
000052 9
000306 14
001647 27
001555 6
001954 9
001038 14
000727 90
000370 32
002648 13
001221 9
002413 21
001363 39
000105 38
001678 1
001286 10
002452 0
001720 22
001728 75
000576 0
001497 9
001996 42
001995 132
002127 0
002375 5
001580 12
001355 30
001685 37
001094 5
001874 0
001158 5
001403 0
001109 70
002987 109
001726 8
001116 107
000436 33
001815 9
001499 43
002353 8
002467 8
002495 38
001036 34
000211 42
000054 0
000780 5
002587 21
000387 42
002422 53
002992 34
000147 9
000499 38
000620 0
000996 37
001795 133
001861 40
000794 37
000510 9
002137 9
001854 134
000168 41
001883 49
001607 19
001866 1
002655 0
001453 0
001759 30
002882 8
000759 38
002114 9
002727 6
002057 13
002952 43
002498 99
000662 38
002561 49
002605 0
002152 43
002686 73
001294 20
000663 40
002523 38
000530 30
001273 8
001946 49
000060 0
000949 14
001648 1
001682 48
000282 0
001184 22
002988 0
002606 0
002244 62
002205 30
001536 6
002176 49
002825 5
002822 135
001327 42
001571 38
002484 90
000854 8
001904 88
001277 0
001284 6
000519 38
001526 21
000806 8
002680 3
002637 29
000711 26
001722 76
000050 0
000644 3
001007 26
000802 27
002133 50
002055 16
001311 30
001791 57
000850 94
000425 75
000417 103
000001 0
001482 8
001410 30
002773 0
001830 10
001270 38
000177 109
002404 0
001565 0
000513 88
000537 50
001287 49
000920 38
001463 38
000362 22
002243 49
001140 30
001655 9
001658 49
000337 56
000767 49
001349 8
000435 49
001863 9
001055 39
001533 5
002660 32
002720 136
002759 39
000408 38
001263 26
002541 30
002872 6
002898 9
001318 32
001330 113
002437 0
000381 38
001553 115
002113 137
002580 6
001956 138
002358 9
000579 19
000479 38
001748 139
002308 63
001783 140
002040 3
000420 3
000626 51
000040 6
001168 111
001481 19
002448 56
001060 49
000081 10
000947 87
000074 78
001126 141
000557 49
002041 45
002795 142
001253 0
001725 15
001632 1
001589 6
001596 38
002291 36
000542 49
001462 30
000508 143
001182 9
002462 0
000489 22
001125 37
002242 9
001542 37
000389 3
000218 64
001018 66
001246 8
002855 37
001629 58
001291 78
000463 0
002518 5
002473 6
000862 19
000527 6
002351 2
001963 8
000284 6
002306 6
001471 3
001087 0
000873 19
000591 63
002382 1
001577 32
000065 51
001083 3
002551 9
001280 5
000605 19
002737 29
000730 9
002006 6
000353 3
000954 0
001401 16
002627 38
002182 38
001922 6
001380 0
002714 120
000035 90
002776 5
001406 38
002240 33
002386 0
000020 6
000623 32
002592 0
002099 43
002355 8
002314 9
001275 32
001784 144
001082 43
000164 5
001703 42
001177 73
002814 42
000199 0
001233 30
002928 6
001516 19
001882 19
000409 29
000143 33
000023 25
000205 0
001213 88
001365 125
001006 8
000642 30
001699 8
002688 67
001344 32
000385 19
000889 9
002729 48
001086 1
000173 77
000532 49
002812 91
001340 9
001106 3
000400 46
002735 145
000641 14
002880 38
000720 51
000391 41
000936 37
002363 0
000139 109
001149 29
000787 50
001586 58
001119 16
002874 6
002845 146
002374 88
002434 14
001374 14
002490 32
000953 6
002638 63
001196 41
002574 0
002436 0
001575 14
002669 8
002754 38
001290 0
000129 0
002425 1
002867 29
001332 21
000161 6
000932 5
001389 147
002888 148
002085 0
001853 38
002335 149
001379 32
000421 49
002405 150
002480 73
000287 6
002432 15
001865 33
001041 24
000133 0
002787 151
001894 6
002565 38
001080 37
002994 8
002111 0
002390 14
000136 0
001214 9
002895 0
002721 0
000212 19
002296 38
002139 5
000275 0
002050 5
000089 82
000751 9
002293 75
000299 37
002950 38
000568 3
001627 36
000262 152
001729 9
002724 19
000316 21
002130 43
000104 0
001615 39
002024 6
001070 38
002584 16
000927 38
002369 19
002454 32
000366 19
002588 153
000529 37
000045 5
000309 0
001506 29
001551 154
000449 37
001375 8
000572 0
001135 0
001204 75
002263 88
001173 0
001319 0
000600 30
002148 34
001960 38
000834 68
000942 67
000063 43
001683 9
000987 26
002134 0
000333 3
002633 155
002264 0
001896 19
002236 75
001167 38
000630 29
001885 38
002539 29
002136 8
002708 38
002272 29
002415 19
000824 38
001223 38
002348 29
000461 25
001859 86
000160 48
000740 8
000008 78
002162 9
000372 37
002696 32
002080 1
000084 1
001873 73
002417 156
002907 22
001507 29
002817 33
000428 45
000290 37
002695 5
001554 71
000240 63
001944 9
001198 38
000770 35
001624 0
000402 1
001664 41
000155 6
000619 14
002571 22
001091 22
000296 34
000431 38
000280 0
002020 1
000582 29
002815 157
002933 43
002331 9
002595 158
002068 43
000719 159
001657 21
000723 32
002920 6
000596 73
000970 0
001600 38
000699 6
000977 9
001104 9
002717 40
001339 9
001817 21
000951 100
001212 6
001429 9
001670 1
000427 14
002908 125
000176 63
000080 8
000594 91
001348 38
001515 160
001546 9
002847 0
002150 120
000492 26
000989 161
001447 9
001975 20
000755 0
000825 21
000495 0
000800 42
001002 25
001626 121
000848 1
002060 8
002074 48
001468 75
001965 39
000888 162
002828 19
001712 5
002859 40
001789 73
002321 163
001079 21
002925 164
001886 1
001371 6
000140 2
002158 154
002285 6
001665 8
000410 39
000013 8
002199 14
000405 22
002740 1
001098 3
001220 9
002967 12
000793 33
002292 1
001842 9
000952 1
001910 9
001210 8
002893 24
000975 14
000475 29
001942 30
000216 162
002824 29
000501 49
002756 165
002064 6
000472 38
001584 9
002732 64
001635 166
000539 0
001979 167
001131 6
002492 0
000991 74
001305 42
002943 9
001009 8
002894 3
000875 138
000497 48
000312 157
000132 49
000252 27
001315 6
001519 5
001048 74
002168 12
000137 42
001752 0
000648 73
000595 38
002559 38
002339 121
000585 67
000811 38
001803 30
002412 0
002090 88
000279 32
000360 109
000030 29
002341 13
002122 79
002463 49
001732 0
001427 9
001264 8
000351 40
001430 6
002119 38
002483 26
002108 17
002098 1
000028 0
001878 71
000148 14
000660 26
002509 9
000022 38
000571 8
002017 9
000047 62
000752 168
000650 14
001887 6
002826 15
000869 6
002842 20
000891 49
001321 30
002356 5
001052 33
002381 0
000828 23
001022 49
002166 19
002598 29
002830 0
001663 6
000034 0
001844 1
001512 9
001417 22
002860 29
002209 9
001058 65
001520 38
000598 20
001011 42
000861 38
001642 2
000010 38
000091 6
001075 169
001985 1
000790 33
000263 0
000712 26
002305 8
002094 1
002864 43
000149 8
002653 49
001244 32
001415 3
002741 22
000079 26
002530 170
002212 171
002652 8
002892 49
000998 111
000036 30
002120 0
001413 73
000235 30
000350 37
000324 0
000003 64
001031 37
002368 52
002959 38
001756 33
002903 42
001477 38
001274 43
000816 67
001049 88
001241 35
001419 9
000939 6
000396 75
000782 19
002011 6
000863 172
001816 154
002430 5
002996 162
000504 83
002475 38
002639 3
000384 0
001750 139
000311 42
001619 2
002241 173
002031 32
001941 1
000905 9
000521 165
002153 16
001778 9
001691 26
001780 0
002350 6
001230 29
000760 79
001812 9
002674 24
001368 22
001734 22
000664 8
002607 39
002916 12
000743 20
002226 0
002808 14
002501 30
001513 112
000027 3
002586 49
001015 38
000967 32
001601 9
001973 9
000683 103
002579 32
000864 144
000992 14
000915 26
002084 19
002521 6
000186 38
001765 78
000923 9
000075 19
002224 6
002810 1
002752 78
000741 174
002334 63
002582 30
001744 37
000820 33
002192 22
001117 73
001710 19
000157 88
000832 43
001359 26
002528 5
000503 58
002611 32
002870 9
002984 33
002045 8
001981 38
002378 48
001057 38
001347 83
002958 38
000356 5
002360 5
002820 36
000724 50
001977 0
000245 19
001299 111
002722 0
000393 78
001747 8
002624 0
000086 63
000747 42
001181 25
002228 78
001316 1
002091 14
001102 66
000913 14
000963 19
000555 19
002347 39
002863 45
002834 119
000107 62
002008 32
000438 5
001801 30
000171 9
002656 10
001986 73
001372 6
002123 9
001677 57
001159 157
001128 14
002058 88
002370 32
002059 38
000827 22
002416 37
000285 88
002712 2
002726 26
002899 9
002591 40
001441 29
002188 30
002319 0
002570 9
002004 9
001251 38
001955 29
002154 26
001257 0
000056 29
000483 9
000044 19
001822 0
001544 78
000321 48
001342 26
002135 8
002971 33
001438 3
000238 52
001798 70
001810 48
001004 9
002803 14
002514 16
002290 88
001200 0
000301 70
000943 39
002265 30
001260 175
002294 8
000464 0
000006 22
000842 48
001869 2
000327 6
002282 30
002576 15
001465 37
000893 39
002062 48
000695 9
000388 5
000604 21
000843 43
000323 0
001868 14
002879 1
002275 88
002531 38
002468 5
002946 8
001281 38
000831 9
001905 42
000456 43
000308 42
002121 109
002051 49
001303 30
000329 35
002977 0
001705 176
001719 26
000480 49
002919 6
002510 37
000118 63
001972 0
001558 9
002734 1
001030 48
000467 1
002440 108
002249 38
002594 13
001970 39
001199 33
001357 50
001902 33
001976 32
000777 16
000569 78
001787 14
002636 9
002277 30
002941 63
001093 0
001258 14
001999 39
000085 8
001666 0
002685 5
000756 26
002144 8
002200 33
000512 0
002902 9
000732 1
002221 9
002320 48
000531 3
002345 71
000766 26
001480 5
002003 30
001362 33
002491 29
000375 21
001634 166
002784 19
001185 42
001715 9
002536 48
002081 43
001794 26
000239 70
000128 14
000355 32
000165 1
001511 32
002875 38
001320 70
002477 6
000473 48
001998 5
002481 13
002043 63
002408 14
002138 38
002411 43
000098 58
001840 53
001024 39
002015 49
002948 3
000450 5
000551 0
002694 14
000277 23
002267 8
000179 48
000434 0
001341 33
002852 13
001592 1
001644 177
001517 43
000742 38
000868 1
001770 22
000484 38
002022 14
002938 111
002324 22
002359 39
000781 23
000549 178
001964 9
002833 71
000783 78
001890 16
001008 157
002394 8
000674 30
002204 71
000687 1
000876 8
000459 38
001990 42
001911 9
001268 23
000753 6
000122 179
000700 6
002811 70
001445 180
001949 9
002233 3
002087 26
000032 5
002155 91
001751 0
002072 53
000070 26
002838 49
002647 169
001120 30
002813 1
001191 181
001532 8
002851 38
001243 63
000266 33
002421 9
001459 53
001913 9
000505 105
002325 1
000340 38
002604 6
002620 39
002234 62
000799 1
000931 38
002540 30
000745 19
000979 6
002424 8
000062 51
001776 43
001603 9
002927 19
002955 88
000142 42
002786 23
001568 6
000194 14
000647 121
002082 5
000361 143
002747 38
000058 5
000359 33
002672 78
001569 38
002117 9
002340 14
002095 3
000924 14
002042 62
000278 38
002201 78
002944 9
002273 125
000382 49
002193 13
001452 38
001391 67
001025 1
002442 9
001953 8
000067 164
001056 120
001740 3
002077 5
002343 41
000114 22
000246 22
001440 30
001023 9
000981 49
000412 38
002262 119
001063 36
000117 71
002890 157
002690 22
000248 87
000666 0
002651 42
000093 41
000115 148
001377 9
002303 39
000119 16
001982 46
002181 182
000163 0
000264 1
002978 42
001314 26
000247 2
002428 0
000776 19
000553 37
001114 3
002474 15
000581 22
000845 1
001461 29
002476 21
000652 49
001171 38
002942 20
002936 9
001369 0
000898 130
002921 30
000677 1
000015 8
000968 29
001107 8
000241 183
001255 48
002322 52
001937 184
000685 185
000169 102
001640 8
001134 42
002420 75
001879 49
001716 115
000272 0
001474 73
001254 109
001548 3
000215 9
002597 9
000345 9
000839 43
001616 78
002196 9
001836 79
000796 38
000413 8
001713 0
000343 9
000948 33
002222 94
001758 9
000378 30
001492 0
000739 22
002542 49
000053 8
000019 9
001310 38
002270 186
002451 5
000999 30
001390 8
000096 16
001500 6
002310 49
002555 49
000180 19
001599 8
000717 1
000185 30
000468 0
000904 0
002702 50
000072 39
002573 13
001899 38
002554 43
002395 49
002516 9
001208 38
002078 38
002866 56
001064 35
001529 124
002206 46
000659 38
002818 114
001839 9
002443 39
001077 58
000455 0
001384 52
002383 121
000403 39
000990 8
001446 56
001473 47
000678 50
001617 101
001252 9
001984 19
000823 8
000964 0
000836 0
001034 0
000175 9
000940 40
000692 43
000335 0
000874 169
002827 56
002056 19
000198 37
000297 6
002832 28
001531 22
001746 3
000123 38
000379 38
002581 73
002211 30
002173 187
002053 99
000916 109
001872 8
002742 48
000612 4
001772 5
002336 0
000957 26
001633 3
001888 9
002993 71
002661 88
000909 9
000507 0
000357 8
001424 88
002873 48
002401 87
001155 0
001723 74
002682 71
000668 42
000887 62
001285 49
000334 5
000154 43
001421 1
002550 40
001841 38
000722 43
000374 33
000313 0
001850 125
001623 188
000043 16
000972 189
002972 40
000523 19
000418 38
000763 38
000658 9
000705 33
000733 83
002499 9
002751 49
000945 8
002217 0
002801 8
002409 56
001807 14
001019 14
001470 19
000908 2
001694 0
000273 6
001494 0
000520 19
000815 79
000819 9
000735 3
001523 0
001639 8
002910 12
001701 190
001122 105
002177 8
001915 6
001884 38
002593 13
000380 3
002252 6
000344 0
002149 21
002145 25
002567 49
001943 35
001804 70
002823 88
002537 94
001262 26
002013 53
001425 56
001595 48
000233 53
000795 70
001707 0
002904 9
001821 0
002563 1
002406 91
002560 0
000113 0
001000 38
002266 0
001583 99
002548 43
002970 148
000226 14
001043 32
001193 66
001450 40
002446 46
001764 0
001667 19
002589 0
002377 49
000849 52
000622 22
002142 26
000214 97
000771 14
000338 13
000804 73
002261 5
001183 66
001169 88
000037 3
000106 29
000363 38
000851 87
001741 27
002414 52
000857 9
001466 38
000566 5
000250 2
002525 139
001475 22
002503 0
000318 0
001201 32
001108 191
002279 33
000653 6
000071 3
001668 157
002659 66
001175 30
001089 192
002957 22
000411 9
002883 40
002387 42
001026 42
002092 37
000540 1
000602 110
001333 42
002843 4
001435 193
002220 22
002466 45
002762 32
000838 8
002736 9
001628 194
000807 0
000883 0
001485 8
000638 190
000424 58
000728 5
001997 0
000377 8
000525 9
002487 33
002524 38
000151 30
001581 0
001950 70
001775 73
000627 0
002850 1
001846 19
000144 0
000718 29
002575 38
002632 33
000567 195
001881 8
002489 26
001156 1
002223 78
001432 30
002760 6
002172 14
002187 30
000880 32
001076 99
000625 63
002935 78
002976 41
001367 156
002231 25
000618 0
001325 9
001983 9
000691 30
002835 0
002289 64
001690 21
001351 29
002844 32
002507 88
002730 9
001831 76
001687 196
001693 29
000466 88
001188 88
001192 32
000146 9
002255 74
000325 88
002706 49
001763 73
000707 0
000715 6
001835 1
002884 19
001112 9
002128 17
000902 0
000688 109
002215 30
001631 17
002278 88
002500 0
001940 19
001825 33
000101 38
000291 35
002493 32
000879 51
001456 57
000392 0
000087 38
002284 10
002715 9
001276 42
001524 38
000476 14
001695 0
001296 63
002093 29
001138 30
002073 0
001236 0
000833 50
000592 13
002979 6
001621 27
001636 30
000110 5
001161 107
000223 52
001053 67
001312 16
002771 9
002104 58
002981 39
000254 6
001073 181
001620 119
001493 98
002691 52
000546 162
002526 20
000950 0
001572 49
000844 9
000064 20
000414 5
002433 9
000885 3
000452 14
001259 197
000657 0
001880 19
001582 198
001487 58
001486 58
001328 30
002418 27
002738 0
002268 0
000078 78
002070 0
002809 30
000870 39
002469 38
002248 19
000451 75
001020 66
001561 6
001980 29
000697 0
001742 0
000812 37
002973 38
000911 20
001522 6
001050 21
000506 32
000406 5
002366 9
000184 78
001877 19
001718 16
000610 9
002675 0
002034 8
002534 109
002327 38
001969 0
002679 199
000021 162
002219 14
001426 15
001591 21
002225 0
000328 1
002755 184
002519 81
001875 37
002538 19
002975 41
000267 38
001891 39
002664 75
001757 73
002179 29
000866 38
002945 32
002886 26
000490 3
000607 52
002465 0
001739 39
000153 19
000890 68
002939 166
002328 16
000270 21
000097 186
002259 52
002618 88
000965 200
001800 63
000872 2
001573 111
000533 13
001068 38
001100 49
002761 120
002126 10
002312 49
000716 78
002198 6
002949 3
001539 120
002954 128
000470 0
000565 102
001799 38
000462 9
001278 47
001796 33
001870 33
001394 5
001346 0
000696 3
001176 1
001753 38
000929 14
001215 43
002635 9
001373 43
000244 3
002800 88
001680 51
001313 30
000649 56
002644 38
000314 0
000156 49
001304 33
001151 0
001802 88
001047 0
001641 9
001307 43
001928 38
001496 0
000026 38
002245 26
000016 22
001322 102
000884 6
002670 0
001361 21
001845 125
001613 123
000498 38
002841 92
000516 9
002968 63
001479 42
001412 0
001096 43
000543 19
002505 22
000634 0
000432 66
002676 46
000729 71
001289 0
002258 22
000317 43
001921 0
002562 0
001338 5
002878 58
000320 1
001032 0
002026 3
002190 70
001111 6
001889 163
001528 38
000754 99
002629 26
000563 58
002447 49
000669 32
000253 27
002956 19
002517 9
002963 120
000358 20
001279 38
001301 39
001203 0
002557 19
002798 49
000130 19
000145 0
000961 1
002896 38
002764 111
000906 20
001097 51
000236 90
001062 19
