0 24.920130491256714
001292 0
000596 1
000237 2
002825 3
001291 1
001400 1
002517 1
000672 1
000333 4
002888 5
001436 0
002500 0
001396 6
001029 1
002146 1
000231 7
001802 8
002711 9
000143 10
002040 7
002945 11
002403 12
002492 0
001764 7
000982 13
001012 8
002698 14
001081 1
000172 15
000558 5
001227 16
002592 5
000339 17
002855 18
002320 8
001158 8
000650 19
000314 8
002732 20
002383 21
000550 22
001191 23
000632 8
000153 18
002129 18
000111 5
002938 5
002894 18
000730 8
001597 8
001872 7
002399 18
001103 5
001468 24
001410 5
002460 17
000108 8
000481 25
002902 25
001078 17
001564 26
001480 17
002019 27
002043 28
002672 29
001216 29
001369 29
001406 30
002617 28
001140 31
000528 32
002033 28
000266 18
002131 7
002300 33
002431 34
002695 35
002992 36
001853 37
000348 38
001487 5
000832 39
000241 7
002692 5
000356 40
000905 41
000521 42
001137 43
001734 40
001573 42
002110 24
002235 44
001738 28
001620 8
002703 45
002706 7
001051 46
000064 47
002954 48
000737 49
000867 1
002633 45
000577 8
002665 50
001849 24
001177 24
001314 5
000994 41
002137 41
000271 26
000369 18
000099 8
000597 1
002537 8
000016 29
001115 28
001882 8
002122 18
001333 0
000291 18
000789 51
002873 18
001888 50
001212 43
002002 52
001569 40
002115 27
000957 42
001108 38
000557 47
001753 34
002511 46
002494 32
000489 18
001326 43
001615 34
001428 15
001448 53
002531 28
000144 8
000524 18
001026 15
000530 29
001112 53
002737 40
000219 15
000612 1
002823 32
000740 5
000858 34
002374 32
001129 5
000123 8
001807 50
002375 34
001515 50
001203 26
002417 53
000281 37
001294 4
002748 5
002754 46
001873 50
002483 18
000600 1
000817 8
001557 28
002310 52
000782 1
002813 20
000717 53
001798 28
002578 3
001679 18
002486 5
002485 50
000113 5
000158 37
000495 54
002865 25
000682 1
000260 46
001249 16
002871 0
001805 37
001720 20
001988 37
002117 5
002401 34
002866 25
001090 5
002675 55
001355 14
000929 5
001195 42
002387 3
000028 5
002629 3
002721 7
001463 42
002133 56
000825 1
001276 16
000628 50
000069 41
001993 40
001013 14
002606 5
000516 57
001981 37
002204 14
001486 15
000102 5
001390 36
001495 58
002183 8
002101 44
001306 24
000500 3
000080 41
001736 42
000766 5
001654 43
002526 9
002333 32
002324 59
002767 52
002513 47
001509 16
002539 14
000342 60
001443 28
001577 34
002747 18
002845 20
001073 42
001688 8
002830 20
001847 28
000159 21
000055 40
002831 20
000063 61
000313 62
000959 8
000205 19
000132 21
002536 63
001984 0
002326 32
000337 42
000085 21
002465 7
000242 14
000791 1
001394 24
002026 0
001425 28
001467 59
001497 18
000077 8
002851 41
000094 13
001709 42
002708 18
000138 14
000843 5
002872 13
002412 36
002789 20
001821 34
001490 42
001345 16
002739 18
001062 9
001488 43
001860 34
001891 8
002013 50
000759 1
001149 0
001578 18
002712 50
000073 64
000228 53
002440 65
001493 24
002488 31
001007 52
000809 14
002506 59
001940 28
000130 18
000983 32
001102 34
000664 1
002505 14
001057 0
002305 32
001354 24
000222 61
002149 7
000693 58
002162 7
001461 53
000586 1
002937 11
000956 5
002838 20
000745 1
000733 1
000476 53
002870 5
000735 28
000005 5
000962 31
000660 8
002138 61
000070 53
001836 5
000921 37
002145 27
002859 34
001933 40
002094 64
002005 31
002263 20
000049 8
000254 50
000503 42
002849 44
000083 41
000734 1
002595 37
000061 5
000024 61
001634 34
000506 42
000522 40
000827 8
000970 14
002329 44
000924 0
001269 46
002781 37
002875 8
001600 26
001464 7
002551 25
002192 20
002489 25
001731 52
000585 1
001248 58
002166 41
002372 0
000477 64
002274 7
000799 40
000318 13
000469 34
000402 40
002946 44
001175 16
000104 28
000512 19
002575 50
001687 8
000997 18
001774 59
001482 65
001347 24
001592 16
001689 24
000620 1
002393 28
000185 14
000457 18
001831 34
002613 25
002582 25
001160 0
002051 34
000945 65
002939 36
001266 5
000103 66
000468 42
002278 14
001607 8
001322 0
001781 53
000131 56
002063 27
000828 1
001496 45
000587 1
001806 37
001627 31
002784 20
001692 40
000531 31
000264 28
002456 26
000777 18
001867 60
000141 53
000552 18
001730 8
001717 34
002191 5
001746 56
000787 5
002993 25
000763 1
000473 20
001920 27
001284 16
002410 32
001662 8
001004 7
002262 41
001209 43
000653 7
001614 8
001710 60
000785 46
002929 67
002815 20
000995 18
002025 18
000898 67
001647 8
000581 1
001551 31
002281 67
001819 28
002344 63
002953 18
001349 18
001776 8
002630 61
001941 47
000538 44
002436 37
000096 19
002959 11
000464 68
002014 8
001382 0
001156 44
000220 46
001747 34
002585 36
002546 61
000770 5
002907 67
001828 23
001727 23
002168 42
000329 43
002366 53
002037 33
000112 14
002529 64
000967 15
000432 69
002288 32
000149 59
000908 11
000261 70
000376 46
002520 56
000019 29
002969 32
002988 5
002663 9
001998 3
000274 38
002626 34
001128 50
001642 8
002139 71
001432 29
001237 61
002066 56
002125 44
001883 53
000269 19
001939 27
001650 31
001611 50
002962 31
001117 5
002000 27
001079 41
000364 11
002064 53
001711 51
000034 62
001726 53
002173 50
001537 50
001659 37
001305 5
001698 8
001735 41
001417 72
000279 37
001795 65
000935 5
001572 16
000363 37
001961 50
002568 73
001440 47
001424 74
002847 41
002395 67
002099 58
001565 42
000708 41
000386 60
002229 37
002024 50
002175 32
002400 41
002328 75
002075 46
000987 8
001678 8
000659 14
001568 14
000856 1
002118 44
001991 18
002213 41
002893 20
000527 29
001956 41
002077 18
001750 40
001596 5
002837 23
001904 14
000287 43
001835 21
000268 76
001874 28
002793 18
002425 34
001506 5
001788 18
000644 42
000647 65
002319 32
002342 32
002577 36
002165 32
002614 8
002768 13
001996 60
001919 47
000210 4
001264 5
002930 14
001331 44
000622 1
001265 46
002086 40
002116 61
000564 71
001966 67
000200 63
001437 53
000015 19
000209 63
002726 44
000834 36
001098 34
002337 75
000692 1
000684 1
002477 29
001119 29
000582 1
001721 23
002525 56
000120 8
002176 67
002227 31
001606 40
000295 56
002258 20
002985 11
002237 32
001449 24
001190 43
000009 28
000311 51
002370 34
001165 16
000478 62
001729 34
001066 40
002382 8
000505 19
002141 60
000355 51
001256 61
000038 62
001704 34
002790 37
002593 26
001748 5
001749 53
001258 7
002574 44
001146 74
002819 20
000941 40
002915 36
000640 1
001093 18
001070 43
001126 0
000656 50
002690 42
002354 28
000419 7
001231 16
001143 43
001172 16
002474 56
002224 20
002664 32
002089 24
002228 20
002661 7
002481 50
001719 26
000203 5
002679 25
000811 32
002981 25
002480 7
002631 18
000370 69
000195 43
002610 5
000502 52
001584 18
002484 27
000887 12
001768 37
002688 32
002702 31
000298 46
002058 46
002246 77
001107 36
002919 25
002041 78
002874 56
002475 62
000233 14
000930 79
002918 36
001147 43
002275 20
002567 9
002913 36
002579 7
001167 45
001978 14
002047 69
000643 1
002038 18
002911 34
002885 25
000736 60
000685 61
001591 7
001295 40
001715 59
001670 80
002004 27
002955 28
000808 5
001626 37
000991 0
000985 5
002668 8
000361 19
000330 15
001778 0
001476 81
000598 7
001700 34
002608 18
002496 8
001635 37
002549 41
002603 27
001042 65
002968 31
000109 32
002010 27
001544 16
001416 53
001232 0
000128 8
002434 36
002186 32
001552 60
001395 78
000616 34
002418 0
000661 65
000365 17
000965 16
000701 82
002416 34
002509 13
001368 0
000591 46
000504 14
000623 65
001325 12
002844 7
000157 74
002773 42
002749 65
002979 0
001005 1
000840 1
001399 83
001527 50
001420 0
002612 52
002912 36
000007 18
000869 1
002119 51
002109 62
000602 1
001289 0
002042 61
000595 1
001323 41
002571 25
002398 28
000892 41
000835 21
002364 27
000837 53
000739 31
001562 5
002462 26
002082 18
002081 12
001862 28
000774 5
002744 20
001096 34
000630 1
001559 0
001315 5
000216 63
001856 63
001556 28
002053 58
000292 24
002001 36
001530 63
002681 32
001902 28
000227 64
000542 14
000857 5
002090 40
001633 62
002522 9
000217 13
000720 1
000830 46
001977 31
001638 8
002242 20
000174 60
002927 0
001257 24
002135 7
002507 50
001293 0
002933 46
000322 62
000324 9
000270 53
001206 16
002285 84
000754 44
001159 24
000427 37
000004 71
002642 56
002006 5
002501 77
001471 43
000565 66
001517 63
000357 8
001999 50
000955 64
002381 27
001316 24
002421 32
002563 5
001925 28
002350 44
001197 40
000474 53
000247 40
000201 59
002883 37
002752 3
002203 40
000181 58
001668 3
000350 18
000875 15
001273 63
001618 7
000847 1
002007 66
001864 20
002479 29
001742 0
001358 18
002069 50
001757 34
000345 7
001383 34
001740 83
000731 61
002924 11
001763 9
000588 15
001380 5
000862 14
000177 29
000455 51
000373 40
002564 5
001105 29
002598 31
002148 63
002541 58
000961 32
001811 37
002775 41
000601 1
000317 66
002699 36
000783 50
001869 46
001843 40
001268 0
001348 5
000593 15
001262 23
002349 27
001344 85
002956 11
002922 84
002039 77
002743 51
000915 62
000283 69
000186 37
000453 10
001037 24
002622 28
001501 5
002307 44
001745 60
001477 17
002359 20
002504 32
000696 1
001168 76
002766 12
002365 20
000849 53
002323 40
001765 53
001936 34
001771 24
000548 7
001188 5
002114 77
001817 24
000607 14
000973 44
002674 8
001820 62
000814 40
001733 7
001303 46
000796 1
002487 9
001088 0
002247 36
002778 86
000511 63
002367 18
002982 11
001640 26
000288 2
000076 8
001023 53
001661 37
000100 15
000750 77
002396 20
001353 34
000306 28
000316 14
001793 28
000072 28
000309 76
002926 34
002560 25
001032 52
002296 44
001401 0
001313 0
001405 77
002899 78
000678 1
000826 34
000666 34
000335 41
000124 81
002449 34
001240 0
001267 18
001985 69
000366 66
000285 8
001381 5
000488 8
002787 31
001582 31
001871 34
000134 32
002756 53
001460 66
000958 60
002197 8
002841 50
002596 25
001967 31
001684 26
001895 63
002742 18
002550 25
002852 0
000037 25
000954 15
000118 77
002452 66
000392 14
001301 28
001135 81
002277 32
001124 5
000599 62
000492 18
000615 1
002801 11
000918 1
001478 33
000788 37
001716 63
001896 63
002439 5
001545 60
001224 62
001913 28
001854 36
000756 1
000841 1
000273 64
000572 34
002682 26
001230 16
001357 46
002251 31
000167 40
001909 28
001278 61
002691 26
001491 4
002272 40
002111 87
000540 31
001824 78
001162 62
001438 44
002084 40
001816 37
001064 14
001550 5
001690 18
001865 8
000910 40
001714 8
000062 10
000800 1
000780 5
001414 5
000689 66
002314 36
002463 32
002895 69
002521 29
001236 88
002380 31
002905 25
001707 34
001812 0
000579 75
000778 1
000293 53
000460 77
000035 37
002573 5
000543 46
001901 26
000998 51
000257 5
000371 66
000081 46
002420 26
000497 47
000729 1
001022 89
001641 34
000446 7
001696 19
002723 44
002659 28
001777 71
000517 90
001520 51
002994 80
001009 24
002177 62
000433 46
000276 8
001047 19
001724 8
000282 14
001885 28
001541 7
000646 18
001893 67
002161 44
002591 12
002220 77
001178 16
000039 14
000336 34
001125 4
000541 29
000943 91
000383 18
002384 41
000885 71
000240 7
002448 14
001675 8
001489 14
001388 40
001929 14
002725 71
002209 40
001163 24
002896 32
001288 71
001377 5
000243 34
002361 5
000569 34
002190 64
000218 49
000649 24
001937 0
002222 57
001299 43
002806 77
000757 15
000146 47
000289 34
002760 66
000560 77
000059 8
001625 34
001930 8
000221 8
000232 77
000926 12
003000 11
000147 12
001131 0
002357 20
000084 37
002185 18
001671 32
000244 24
000771 76
001077 46
001255 5
002476 25
001238 0
000182 63
000795 4
001182 36
001752 0
000576 1
001456 44
001458 11
001132 63
001946 18
002635 37
002394 51
002558 5
000304 40
001797 28
001261 0
001161 43
002556 25
000786 4
001818 24
000212 5
001282 51
001973 32
001952 31
002335 63
002502 53
001318 0
001455 66
000571 18
000465 18
001758 75
002810 51
002616 88
001421 14
002524 74
000117 23
000461 69
002451 26
000621 40
001528 42
002020 40
001270 24
000978 5
002221 20
001694 77
000712 1
000405 15
000430 63
001631 77
002694 25
000518 37
000769 36
002730 32
000046 12
001792 5
000467 71
001796 8
002347 14
002210 14
001655 8
000810 2
000690 3
001637 53
000758 1
001982 0
001446 26
000753 62
002261 63
000307 54
000482 12
000162 43
001254 24
000923 1
002917 31
000852 62
000449 32
002826 20
000652 1
001186 43
002248 37
002317 51
001989 19
001075 62
002995 31
001201 16
000609 61
002594 50
001309 47
000912 40
001581 7
001243 62
001055 52
002975 11
000040 92
000031 46
002590 5
002297 32
000732 83
002052 37
001931 27
002298 41
002250 18
002153 62
000388 37
002200 50
001067 24
002532 63
000377 5
001673 75
000249 88
002325 32
002833 20
002031 34
000044 32
001702 26
000456 38
002132 43
002719 28
001813 37
002055 14
000415 93
002073 18
001979 14
002223 8
000115 65
001080 78
001801 0
002255 59
002065 31
001848 77
002343 7
002700 14
002134 0
002750 94
000170 83
000749 1
002796 77
001441 0
000523 14
002605 5
001657 8
000713 1
001221 46
000917 77
000804 95
002011 41
000525 59
001965 36
000722 1
001866 34
000977 0
000746 4
001987 37
000471 40
000338 8
000567 62
001855 24
002619 9
001878 8
002280 44
002299 50
001024 14
002127 8
002792 51
000626 8
001605 3
000053 40
002740 25
002353 29
000196 61
000645 1
000066 51
001810 66
002910 0
000424 69
000399 24
000784 5
001887 50
000284 88
002714 66
001360 5
001253 16
002552 40
002618 43
001063 32
001686 26
001769 8
002253 18
002059 37
000904 5
002970 4
001142 43
002218 32
002812 20
001452 52
001772 18
001251 15
002680 75
000553 59
000829 5
000198 43
002023 77
002469 25
002036 77
001144 43
002686 5
002478 59
001166 43
001027 81
002249 20
002644 9
000603 31
000387 37
002799 32
002861 0
001336 5
002653 3
000805 14
000953 5
000493 29
000697 61
002032 17
002771 20
002832 34
000166 34
002646 66
001370 34
001576 54
000485 38
001744 17
002584 5
001423 44
000155 14
002358 45
000592 8
002142 74
001756 37
000379 66
001028 14
002828 20
002339 32
002689 26
000067 52
000119 18
000003 47
001518 18
002239 44
002113 14
002814 20
000412 65
002974 0
002252 20
000838 1
000250 34
002271 44
001505 4
000533 56
001976 26
000272 62
000344 7
000278 81
000466 96
001330 43
000574 32
000280 26
000368 32
000023 20
000760 1
002976 97
000836 88
000086 34
000845 1
001903 8
001975 47
002652 51
001538 98
001016 31
002856 0
001141 24
002231 20
001951 27
000353 99
002405 26
002923 25
000008 29
001522 50
002829 2
001560 21
002120 34
002234 36
002627 7
002717 36
000236 43
001651 62
001145 46
002611 74
000950 52
002304 44
002056 37
000539 18
001069 5
002701 75
002557 40
002497 31
001339 34
001639 8
002906 12
002705 88
002535 62
000764 5
001109 26
001247 58
001723 18
000202 65
000872 75
002404 46
002107 40
001554 77
001222 43
000976 15
000889 63
000952 15
002545 5
001153 43
002898 25
001949 12
000633 1
002645 12
002736 20
002746 20
000886 19
001099 34
002049 5
000142 14
001799 28
000816 5
001091 42
000082 44
000156 46
001041 16
002243 20
002003 52
002450 15
002150 63
002798 12
000184 59
000611 1
000618 1
000881 46
002219 36
001229 36
001986 53
000319 43
002169 50
000161 5
001636 34
000362 14
001076 56
001889 4
000095 43
002776 25
002921 41
001280 100
000334 69
002581 36
000459 29
002163 56
002709 26
002095 14
001321 21
000509 19
002181 34
000448 20
000447 14
000975 5
000779 5
001045 66
002544 5
002931 11
000347 101
000127 61
002091 27
000340 69
002021 42
001089 53
001465 32
001019 62
001470 41
000974 12
001039 14
002230 36
002466 50
000551 29
001052 46
000375 19
001851 58
000484 20
000888 7
000401 81
000263 32
002602 0
001783 5
000992 59
001773 34
000821 1
000472 53
002385 81
000944 5
000451 77
001643 8
002445 31
002632 18
001877 19
002044 31
001312 62
001531 36
001439 51
000394 74
002862 0
002881 32
001767 78
000676 77
000824 1
002977 40
001513 18
002027 20
001508 47
001703 52
000302 17
001151 43
002467 74
001630 61
002950 11
000480 45
001610 37
000561 3
002245 87
001761 77
002848 9
000773 5
002363 63
002157 66
001343 5
002621 40
002289 37
000842 8
001785 0
002685 69
001297 0
001210 43
002016 66
002731 21
002493 62
002415 26
000718 75
000041 76
002877 36
002160 7
000012 8
000663 1
002990 14
001015 74
001959 7
000584 41
002454 56
001960 0
002241 36
002199 17
002427 20
000359 28
002660 8
001870 71
000853 40
000105 75
000235 9
000695 19
000194 13
001561 42
000617 1
001879 28
001049 46
001056 0
001916 50
001157 85
000514 66
001595 0
000634 1
000385 24
001543 7
002604 51
000850 5
002295 15
000714 19
001542 7
002718 5
002311 78
001583 50
000090 23
002035 14
001837 44
000308 45
001311 19
002009 34
001935 36
001171 16
001363 0
000743 1
001590 61
000922 5
000211 76
002916 36
000384 49
000691 1
000709 46
000403 64
000702 12
002377 53
000999 43
002085 61
000544 7
001208 0
000404 41
002667 9
001083 51
002225 20
001945 5
000442 49
001524 0
002991 32
002196 58
002308 56
001934 63
001533 5
000559 50
000861 5
001134 66
001502 33
002824 25
001947 31
000087 66
000546 14
002785 11
000463 49
002512 61
000815 28
000854 1
002050 16
002158 63
001665 7
001006 74
000234 61
000395 61
001603 34
000189 14
002070 28
000614 1
000437 42
000164 77
001844 37
001219 43
001200 61
000820 5
001547 71
000515 87
000776 5
001469 57
002045 17
001963 43
000487 75
002625 67
000793 5
002508 28
000583 1
000578 1
001412 74
000748 4
001850 36
002206 41
001787 45
000566 34
002301 15
001838 36
002763 20
000580 4
002903 17
001290 44
001593 0
000803 5
000259 28
000458 66
000725 46
000116 18
002151 63
001104 88
002772 7
001842 18
001298 0
002345 0
000547 102
001755 58
002226 20
000418 42
000047 77
000310 37
000878 1
000721 28
002332 34
001525 71
002447 18
001728 34
000947 7
001808 42
002908 0
002901 11
000150 14
001213 12
000408 32
001340 0
002423 34
002607 28
000806 77
001454 0
000846 34
000625 1
002868 32
001880 0
002600 19
000193 13
000331 43
000122 14
002864 18
001384 54
000312 41
001082 66
002184 32
001043 53
000741 1
000883 5
002390 32
002647 41
001404 24
001858 21
001942 28
002498 71
000018 29
000354 7
000258 14
001263 43
000863 1
002468 20
002734 4
001529 50
000060 16
001612 66
001994 24
002623 5
001095 103
000519 52
000422 46
001570 16
000860 1
000013 50
001829 11
000372 9
000389 32
002470 77
000420 66
001494 44
001712 34
001800 32
002965 32
001567 71
002123 28
002046 40
000938 5
000494 14
002762 18
002839 9
000638 63
000428 46
002290 77
001308 5
002820 44
000305 63
002428 29
000909 5
000409 69
000716 46
000981 18
001442 29
000920 1
001307 5
000088 32
002533 9
001649 8
000513 29
000110 43
000680 1
002017 27
001725 5
002379 63
001894 51
001827 50
000398 47
001274 50
002967 11
002753 14
002172 41
000662 14
001185 16
002194 52
000797 5
002140 59
002878 32
001695 8
000738 1
002729 3
002836 20
001782 61
001462 102
002963 11
001453 20
002461 5
001926 5
000679 4
002949 11
001558 71
000822 5
001857 15
000042 8
002650 75
000213 43
000772 5
000323 40
002336 104
002376 50
000931 40
000979 5
000303 69
001992 24
001260 43
000092 21
001044 2
001365 0
001207 81
001622 8
000022 12
002889 32
000949 49
001106 5
002205 81
002426 26
000423 54
002126 44
000175 37
001287 88
000208 28
000499 61
002188 5
000071 18
002850 3
000635 1
002561 25
002887 66
002782 18
000021 37
001685 37
000925 1
001038 60
000613 34
001310 5
001356 53
000045 17
002759 25
002897 11
002707 59
002106 32
001971 31
000129 10
002530 67
001427 43
001621 29
000239 14
002327 32
002609 44
001604 8
001917 40
001743 50
001097 34
000665 59
000454 66
002777 5
002330 40
000687 1
001020 14
001003 67
001846 8
001516 28
000520 58
002392 20
000178 83
001918 28
001250 34
000204 75
002900 11
001337 50
001366 61
002980 14
001130 31
001713 8
000290 15
000048 18
000160 24
001521 26
002733 37
002651 25
002783 25
000933 63
001196 16
001018 36
001924 18
000068 34
001387 14
001133 75
002693 43
001059 47
002080 77
001598 47
001415 5
002360 32
002867 25
002464 50
000406 4
001304 16
000286 17
000707 15
000946 5
002909 36
001697 8
002096 18
001184 101
002321 27
002794 20
001154 18
002419 32
002313 36
002356 37
000667 67
000252 77
002195 18
001546 71
002510 9
000700 1
001285 16
001693 8
000604 1
000986 32
002755 37
000906 1
001669 8
002947 0
000526 87
001194 24
002232 31
002678 9
000545 1
001914 27
002957 29
002817 20
001834 63
002279 63
001908 58
002751 20
001653 41
002757 3
000706 1
001225 32
000673 1
000762 1
000378 37
002860 20
001852 14
001683 34
001372 34
000744 5
001068 8
002802 18
001861 102
002270 32
000654 66
002268 32
001826 8
002373 63
000868 5
002316 84
000848 5
002015 81
002028 34
001092 15
002971 20
002964 27
001444 61
002174 32
000139 65
001619 52
000326 101
000341 63
000554 18
001040 12
001183 18
002437 50
002797 32
000238 96
002519 9
002528 63
001279 0
001084 5
000648 1
001897 32
000253 21
001732 7
002935 0
000328 69
001434 34
001972 37
001539 50
001000 56
001418 34
002518 88
001164 17
000728 5
002932 11
001574 7
002941 0
002999 11
001928 79
000183 64
002067 32
001035 52
000790 5
000358 46
000942 46
000173 37
002720 12
000594 69
000470 3
002805 32
002362 77
002840 20
002435 28
001648 46
002722 59
000165 12
001485 16
002677 105
000251 21
001085 14
002657 9
000400 43
000802 15
001969 70
002572 26
002553 50
000029 37
000642 65
000927 49
002998 0
001061 47
000452 29
001957 18
002334 36
001932 37
001825 76
002414 4
000380 14
000536 41
001762 77
001575 50
001841 5
000352 43
000294 7
002391 56
001169 43
001116 24
002346 64
002072 44
002543 15
002458 32
000091 5
000960 32
000001 75
001646 8
000683 15
000382 14
002637 5
002523 77
001492 44
002178 14
001252 43
000627 1
000916 1
000705 15
002315 36
000619 1
001645 8
001510 89
001422 5
000320 14
000224 62
000214 44
000573 106
000078 44
002892 0
001413 30
000440 77
002217 74
000343 69
001033 40
002944 11
002676 62
001859 34
000491 18
002472 75
002628 25
000932 107
001921 32
000686 51
002727 47
000255 21
002639 25
002207 77
001875 16
002943 88
001223 16
000296 50
000710 1
002060 5
000641 1
001868 8
001334 36
002216 63
001737 41
001839 52
002008 53
002264 62
002312 36
002649 25
001352 5
001511 24
001602 0
000190 108
002424 26
001373 5
001296 43
000556 1
002713 109
001111 14
001189 24
001892 11
001121 44
000698 1
001218 16
001886 54
000988 61
000327 43
002960 0
001180 43
001708 8
001555 14
002155 44
000668 1
000874 93
000057 37
001054 47
001503 5
002858 75
000017 50
001435 26
002254 20
002124 58
000135 59
000002 21
000438 88
002827 14
002459 56
002809 9
002687 60
001346 110
000568 40
001192 1
002846 81
001087 74
000426 70
001114 5
002804 14
002745 20
001181 53
001466 32
001699 8
001536 11
001008 53
002987 111
001155 14
002978 20
002879 5
002433 32
000871 5
001498 50
001138 42
000866 1
000768 5
001954 14
001205 5
000180 29
002835 44
001122 0
001779 28
001962 18
002770 14
000864 1
002769 32
001617 8
000346 46
002368 58
001275 16
001320 5
000051 40
000969 41
000121 79
001317 52
002914 36
001968 12
001393 18
001217 82
000844 40
002284 32
001286 43
001995 27
000479 31
002658 44
001571 50
000075 112
001211 24
000575 8
001457 74
001804 62
001036 0
001790 28
001876 34
000964 76
000655 46
001021 20
002293 67
001234 75
001204 16
000902 14
000441 101
000984 46
001881 8
000206 5
002105 26
001409 113
000501 34
002062 8
000532 47
000742 61
002788 20
002673 5
001335 58
000590 10
002286 3
001905 18
001451 81
001174 16
000606 1
002882 69
000176 12
001214 0
001784 38
001481 0
002340 62
000413 15
001391 75
001342 5
002078 31
002890 37
002201 20
002936 11
002446 40
002764 52
000349 18
002514 7
002322 36
000884 114
002843 20
002891 58
000265 88
002786 47
001624 50
002587 25
001179 16
002098 44
002071 44
001563 67
000882 1
001431 43
001283 16
002276 84
002034 53
002934 5
002156 37
001389 64
001681 8
002984 11
001549 71
002079 27
000011 8
001629 8
000439 67
001367 47
000972 5
000711 26
001483 43
002371 62
000670 1
001193 52
000126 8
002306 50
002670 32
001927 60
001338 5
002012 69
001060 66
000199 13
000629 1
000410 76
002741 32
001741 40
002443 31
001199 62
002761 50
001202 43
001300 75
002765 23
000014 111
002951 58
002620 8
000657 8
000537 29
000968 18
002589 4
001666 7
001663 61
002402 15
002212 47
001136 42
001594 18
001459 72
000483 18
001245 28
002583 5
002179 87
002780 8
000694 29
002601 9
002074 3
002121 7
002547 5
001540 5
001579 7
002061 31
001472 16
002724 29
002455 41
002257 60
002352 28
001601 42
001534 53
001907 64
002389 63
000812 5
001371 30
000154 43
001329 40
000043 21
001241 46
001419 47
000879 1
001950 47
002559 15
001484 45
000360 52
000056 37
000880 1
001319 5
000027 14
000681 77
001239 31
001514 51
000136 66
001535 12
002259 30
001378 34
002989 75
002104 115
001001 59
001863 8
002265 61
001065 69
000397 116
002920 20
000054 20
002294 37
000179 63
000508 19
000301 7
001553 3
001664 88
002634 16
001002 34
000079 46
000996 5
000727 1
000229 63
000819 1
001398 5
000989 49
000030 47
001658 8
000562 47
000226 88
000006 77
001228 16
000445 14
000033 12
000966 44
001682 14
000894 6
000669 1
002211 50
001359 42
001407 0
002554 5
001397 15
000152 29
002669 5
000223 8
002490 24
000703 14
001667 16
002666 27
001445 18
000855 5
001833 18
001587 76
001526 50
000114 43
002097 62
002338 16
001101 34
000207 62
002534 44
001148 43
001822 61
001411 81
000890 77
002972 11
000900 87
000833 1
001246 43
002983 52
001242 0
001983 45
000870 1
001660 37
000674 1
002457 0
001375 16
001677 8
002599 25
000140 42
000490 37
000914 42
001616 16
001672 61
002214 32
001899 27
002562 40
000813 5
000215 29
001944 31
002180 18
000315 37
002187 31
000417 52
001030 50
002087 18
002102 3
000137 66
000747 51
001475 97
001123 36
000794 5
000036 37
000026 75
000658 65
001403 81
000450 69
001402 46
001259 116
002351 41
000752 47
001271 63
002958 25
001450 74
002422 26
001053 66
002438 60
000245 43
002152 7
000277 75
002442 25
002159 7
000589 53
002208 117
000971 3
001948 59
002570 12
002624 61
002388 12
002378 34
001760 37
002182 38
001324 0
000168 8
002273 20
000928 51
000025 38
000807 75
000444 18
001780 34
000151 77
002791 5
002143 4
000755 77
002266 71
002430 26
001048 8
000781 5
000901 19
000865 1
001953 36
002341 46
001198 3
000101 45
001050 32
001628 50
002444 0
002538 84
001272 5
001759 37
002684 14
001379 5
000767 81
000751 66
000963 53
002716 36
002291 67
000169 116
000074 47
002973 11
001884 37
002167 41
001139 16
002569 5
000993 26
002054 27
001500 5
002303 32
001906 77
001094 63
001385 9
002432 34
001739 8
002648 4
001504 7
002565 5
001632 118
002103 40
002516 119
000267 4
001034 59
001830 50
002586 5
001845 51
002108 53
002641 29
002215 3
000145 14
000332 66
001974 8
000248 57
000374 36
000381 53
002548 25
000321 69
002240 53
000637 12
001588 70
001332 43
002842 20
002638 51
002615 18
002283 67
001215 40
000431 49
001011 15
000192 43
002655 120
001176 90
000436 40
002735 25
001691 8
001943 74
001281 24
001900 8
001187 44
001017 38
002233 20
000688 1
001566 75
000639 1
000570 34
000934 38
001408 52
001170 47
001361 52
000534 29
002996 11
001823 11
002715 25
000197 60
002482 50
001803 60
000496 87
002640 26
000937 81
000980 75
002429 26
002076 8
001302 50
001814 62
001656 37
000396 8
002369 8
001706 121
000148 32
000798 5
001751 60
000624 59
002287 32
002029 35
001010 5
001519 40
000911 1
001623 37
000896 75
001474 34
002822 20
001362 18
000107 43
000351 10
001548 44
000651 1
000390 10
001473 52
001118 36
000555 61
000300 18
000171 15
001277 5
002355 18
000416 69
002966 11
000765 46
000429 12
000187 90
001840 69
001915 8
002318 0
001890 67
000631 65
000951 7
000163 8
000414 32
001074 50
002144 73
002147 18
002018 40
001031 41
000877 1
000818 46
000823 5
002256 20
000873 5
000246 43
000230 13
000907 76
002057 36
000897 47
002236 12
002884 56
001754 5
002925 36
002154 52
000792 5
002238 32
001911 53
001328 62
002309 52
002193 8
001652 52
000699 1
002491 25
000891 31
002643 64
001718 8
002580 62
000895 5
001152 15
001447 14
000058 21
001980 0
001923 14
001058 52
002331 58
002411 31
002292 67
000093 82
001235 43
002386 12
001014 47
001701 53
000948 64
001794 8
001110 44
000191 77
002088 103
001532 45
001997 16
002683 47
001955 89
000724 58
002112 77
002282 60
000677 1
000106 32
002948 11
001964 8
000903 1
002302 32
001433 62
002471 15
000775 5
001233 43
000859 46
001429 19
002030 37
002128 44
000990 50
000498 15
002942 25
001608 122
002136 0
001990 10
000065 8
002654 32
001815 12
000275 63
000726 24
001680 8
002597 5
001150 33
002202 50
002662 31
001364 5
000411 28
000831 5
000913 62
002566 9
002093 7
000391 69
002269 66
002189 32
001374 42
002406 46
000723 1
000262 36
000899 62
002244 20
002164 7
000719 1
002441 17
002068 44
002407 26
002876 25
000936 0
002803 18
000421 63
002198 53
000010 116
001938 81
001120 14
002928 5
000535 61
000549 34
001585 46
000299 103
002171 63
001386 81
002758 9
002863 109
002818 20
001676 12
001392 5
000089 7
001644 31
000098 43
002100 76
002397 44
000510 63
002260 80
000704 1
001970 8
002795 20
001046 77
001507 0
000940 46
001430 5
001809 11
001912 2
002940 11
000608 1
002886 28
002527 26
002540 50
001071 77
002413 15
000297 37
000050 63
001512 29
000225 38
001775 5
001244 34
001922 11
000851 18
001786 45
002696 5
001226 18
000563 10
002671 5
002853 32
000605 1
000443 65
002473 63
001599 37
001025 30
002588 28
002816 20
002811 20
002738 20
000188 118
000407 61
001173 43
002800 28
002961 25
000462 14
000671 1
002704 14
002834 32
001958 32
000715 1
001351 53
000425 42
002092 15
002710 66
000636 1
000529 29
002267 75
001766 0
002869 5
002997 7
002952 11
002904 28
001499 17
000610 1
000486 69
001479 118
001086 63
002130 7
001705 14
000325 57
000020 62
002503 53
000839 123
002022 81
002807 18
001674 81
001341 5
002083 35
002857 28
001791 11
001613 50
001523 0
000801 76
001580 50
000097 77
002495 44
000475 46
001789 37
000367 124
001898 11
001722 20
001910 28
002555 5
000761 81
000919 58
001426 0
002808 37
000393 74
001770 5
000507 66
000435 51
002697 9
002048 13
001832 0
001586 50
002986 58
000133 18
001589 43
002499 9
000032 47
002170 41
001376 24
001327 46
001113 77
001350 0
000256 8
000893 66
002408 44
000052 44
000876 28
000939 46
002821 37
001127 53
001220 69
002728 59
002854 14
000125 8
002453 41
002779 44
002880 5
001072 70
002774 17
002636 9
002656 41
000434 29
000675 1
002409 4
001100 34
002515 25
002348 64
001609 56
002542 89
002576 26
