0 30.50061583518982
001284 0
000251 0
002154 0
002787 0
000633 0
000071 1
000022 2
000415 0
000587 0
000604 0
002172 3
002800 2
002664 4
001733 5
002050 6
001728 6
001637 6
002287 6
001493 7
002617 2
002702 6
002406 2
001229 2
001008 6
000165 8
002088 7
002930 9
000904 10
000655 11
002361 12
000203 9
002160 13
002398 9
002925 14
001918 15
000911 0
002231 9
000550 14
002370 6
000696 0
001042 9
002439 9
000895 16
001958 17
002506 18
002625 19
001983 1
000031 11
000881 19
000545 20
001327 11
001850 21
002319 22
001573 7
002431 19
000313 9
002699 23
001440 24
000446 25
000892 26
000923 0
000533 9
000088 4
002891 27
001923 28
000058 19
002612 29
002135 13
000896 27
001106 30
000764 10
001978 31
001375 27
002041 32
002219 33
001784 34
000155 28
002166 3
000806 9
002020 35
002392 36
002964 32
000247 34
000348 37
002754 11
001195 38
000530 4
002043 39
001112 40
002956 41
001686 19
002932 41
001777 9
001036 42
002193 43
000686 44
000803 45
000070 34
001254 38
002656 46
001734 35
002627 5
002606 16
002203 35
001702 19
001391 32
001507 42
000934 34
002942 47
001395 4
001037 48
002638 35
000267 49
001550 16
001623 37
001172 50
000372 32
002679 47
000440 51
000333 52
002031 28
002239 11
001219 50
001362 1
000378 44
002870 16
001418 28
000903 0
001722 53
002826 53
002586 10
002110 54
002107 35
000559 44
001076 35
000967 35
001869 34
001700 55
001043 6
001523 42
002234 33
002532 44
000825 0
002715 47
002127 43
000176 35
002615 35
000411 15
001071 56
000210 57
000399 38
000237 35
002500 34
000227 35
000618 0
001861 27
000004 58
002779 11
001731 29
001494 11
001631 9
002998 42
002731 59
001238 42
001587 9
001999 4
002823 4
001815 31
002993 47
000026 60
002653 34
002747 35
002015 0
001997 61
001288 58
000161 9
000838 0
000935 45
001056 42
002526 62
002313 23
001941 35
001401 42
001090 34
001893 63
000959 34
002705 64
000270 38
002673 16
001577 19
000023 65
001651 38
001837 11
002839 66
000211 9
001509 61
001142 50
002557 35
000473 13
001012 35
001274 60
000329 50
000323 35
002278 28
002764 29
001953 14
000073 64
001412 4
000470 35
002343 12
001293 42
001835 28
000839 44
001917 35
001854 21
000274 11
000007 34
002602 42
002039 9
002531 44
002858 67
001208 42
002033 39
000001 62
001033 0
000318 50
000829 10
002423 19
002282 42
002260 62
001264 16
001536 44
002805 55
002293 19
002655 68
001066 34
001342 10
001657 43
000444 9
002539 28
002126 62
002856 42
001931 32
001618 25
002692 16
002776 47
002851 26
002760 55
001701 6
000405 14
002817 53
001413 65
000564 58
001799 39
000752 1
001991 1
001723 1
001533 16
002959 41
001223 0
000121 9
001818 50
002984 41
000410 9
001424 4
001905 1
000209 69
002367 1
001895 69
000127 40
001171 50
002036 40
000472 34
001502 14
001755 0
001053 25
001218 50
002003 29
002311 39
001234 9
000786 14
000125 14
000217 70
002366 40
000167 71
000482 1
000229 47
002468 53
000347 53
000899 38
002595 0
000335 26
001598 1
001610 37
000661 55
000351 37
000319 50
001460 19
000627 0
001353 55
000087 25
001825 9
000390 37
000558 34
001495 72
000393 4
000460 51
002970 49
001323 46
002774 71
000731 73
000629 0
000500 74
002894 1
002196 75
002222 56
000124 14
001120 28
000824 0
001875 50
000389 6
002383 22
001870 58
002986 49
002910 42
001740 22
000900 76
000598 25
000631 55
002212 1
002918 14
002396 53
001350 42
002448 28
001476 14
001911 75
001912 51
001714 43
000563 24
000593 14
001860 55
000371 0
001612 13
002099 49
002660 34
001877 11
000066 7
002997 9
000637 38
001948 18
000912 35
002553 77
000006 9
000720 0
002859 55
000404 56
000112 28
001454 42
002144 40
001894 78
002597 16
001245 2
001168 9
000042 79
001797 39
002306 4
000302 35
001108 11
000423 35
002832 19
002820 80
001575 60
002163 81
001441 42
000212 9
002574 11
000158 24
000157 82
001990 24
000605 0
001123 23
002603 40
000933 69
000104 39
000871 10
001094 69
000455 39
000241 61
002599 47
001184 53
000891 0
000141 38
000653 14
000698 0
002480 13
001664 39
002021 8
002739 1
002257 36
000769 21
002326 41
001481 42
002834 4
000719 0
002441 71
000340 25
000878 0
002102 6
002117 9
000195 50
001553 74
001696 11
000809 26
001232 42
001751 36
001708 43
001836 16
001736 12
002388 1
002018 71
001041 6
000035 37
002735 47
001524 42
000271 19
002089 38
002195 1
001445 35
000193 50
001647 43
001265 11
001345 50
002534 64
000331 50
002513 1
001883 34
002862 42
001048 7
001434 55
002385 12
000326 56
002630 40
002065 39
002403 1
002713 83
000438 60
001282 84
000541 82
000132 19
001052 11
002804 28
001903 43
001211 50
001928 9
002341 81
000884 6
002730 22
000060 50
000363 24
002825 40
002605 16
002880 16
002681 22
002752 35
002434 33
001200 83
002585 33
000552 1
000980 60
000670 0
000978 16
000184 18
002704 28
000294 5
001962 1
000537 82
001661 37
002507 26
001361 29
002892 42
002476 47
002689 19
002662 9
001060 25
001417 11
000304 9
001169 50
002499 62
001833 1
001272 16
001562 16
002288 4
001126 42
000392 28
000842 40
002720 1
001157 40
000039 9
000943 1
000362 28
000357 79
000092 38
001110 11
002626 77
002286 35
000074 1
000230 50
001746 60
001512 44
000459 82
001496 71
001009 44
002355 1
000083 0
001280 85
001829 41
000273 58
002177 69
001089 75
000693 49
002651 47
000913 44
000447 28
002616 39
002238 22
001049 11
002489 47
001564 19
000603 0
002017 32
001463 12
000730 14
001491 52
001742 42
002247 33
002229 37
002967 41
002822 53
000853 71
000449 22
000213 50
000893 25
002280 11
001488 50
000585 0
001547 12
000725 11
001846 43
002726 11
000857 16
002957 86
002846 12
001545 36
001517 59
000441 6
002297 4
002636 62
001133 62
001839 29
002634 50
000408 4
002740 47
000889 69
001244 19
001383 55
002295 87
002245 76
000973 11
001753 0
002444 42
000286 71
001366 40
000662 28
001116 54
002931 41
001819 0
000750 9
002360 22
001204 50
002806 9
000350 1
002687 36
000915 38
001851 72
002194 29
001489 28
001289 42
001369 82
002818 53
001785 42
001886 88
002503 21
001866 55
002073 1
001304 50
001832 42
000320 28
000516 23
001786 79
000511 44
000801 9
001889 52
002429 19
002106 17
002113 28
001128 60
002038 79
001688 43
001765 6
000356 71
001083 44
000051 71
002052 37
002426 19
000063 40
001707 55
000939 47
001916 60
002318 42
002901 41
002915 14
001585 11
000616 77
002773 54
001156 11
000413 14
001359 50
001938 0
000962 77
002483 1
001845 14
000591 34
002729 89
001660 37
000084 37
000742 83
001798 39
001407 42
001635 37
002150 44
001580 60
000401 25
001205 9
002243 53
000614 0
002246 9
001235 54
001166 50
001201 50
001949 76
000246 50
000223 79
000612 0
002394 7
000375 11
002010 32
001137 50
001260 50
001315 16
001546 12
001261 42
001405 51
001387 28
002206 26
002830 53
001433 38
002941 42
001028 28
001404 48
000968 1
002946 11
001131 42
002365 53
000782 0
000823 10
000606 0
000491 79
000290 90
000465 1
001436 42
000567 91
002598 40
000694 82
001741 9
002837 65
002669 10
001329 9
002527 19
002963 41
001697 43
001670 92
002498 58
001676 46
002129 49
000909 16
000851 90
001946 1
001548 64
001027 12
001044 93
002165 17
002641 86
000555 40
001924 1
000638 50
001348 16
000815 2
002422 19
001062 62
002035 28
002719 2
000916 0
001121 11
001511 54
002440 94
002055 28
002076 43
002809 62
001853 37
000082 11
002104 95
001644 9
000650 11
001792 9
000494 28
001543 5
001943 4
000107 50
002835 11
002494 22
001456 64
002686 16
001560 79
001730 43
002517 96
002953 1
002122 1
001370 55
001015 40
002905 47
002216 44
000169 97
001602 42
000059 14
000464 36
000257 9
001687 43
000342 65
001070 50
001045 25
001653 26
002461 39
000291 89
001955 35
001098 19
001672 40
001010 10
000992 18
001093 48
000589 36
000029 37
002909 14
002333 22
000601 0
002074 89
001478 14
002095 28
001622 43
002501 60
000582 0
000394 4
000710 0
001114 16
000766 10
002582 47
000632 60
002386 31
000689 31
001001 18
002100 9
001100 19
000379 25
002690 38
000998 35
000113 9
001236 39
001158 58
002425 19
002022 0
000301 5
001504 5
002197 43
002181 55
001438 11
001749 34
002871 42
002763 13
000868 10
001032 29
002145 32
001421 28
001611 60
002470 50
000457 1
002124 49
001640 19
002814 53
002680 62
001029 10
000574 22
000877 0
000672 0
000216 50
000129 37
001867 43
000028 16
000529 4
000196 40
002668 87
000793 10
000981 1
002899 98
000974 1
001711 60
001516 44
002316 97
000569 77
001831 55
001505 52
001972 37
000109 4
001182 21
000738 0
002945 41
001183 1
002133 58
000222 40
001312 38
001399 99
000854 0
000205 11
000461 25
000821 0
000489 1
002469 47
000180 82
001993 35
002968 25
002515 47
002742 100
000483 101
000902 28
002633 71
000150 28
001178 50
001569 71
001501 16
000487 4
000641 0
000299 7
000751 25
001994 54
002202 60
000374 21
002000 32
002005 39
001666 5
000508 11
000765 11
000426 34
002694 47
002666 32
002570 102
001756 37
000687 0
002536 44
002572 19
002778 32
000886 11
000032 1
001228 50
001349 1
001393 49
002950 41
002518 39
001301 2
000265 60
000240 5
001403 12
001175 50
000185 28
001193 29
001744 71
002332 55
001544 61
002928 39
000578 0
002192 53
000425 38
000846 55
002544 16
001047 11
000288 35
001318 42
002312 23
000199 50
001278 9
001084 9
002590 16
002952 41
001103 9
000701 103
001684 19
000534 86
000479 0
002843 53
001202 50
000941 71
001758 4
002879 16
001170 38
001827 60
001704 77
001636 55
000917 9
002948 41
001605 89
001820 38
000592 55
002716 23
000098 50
000358 34
001992 50
001124 16
002768 104
002807 81
001748 16
002130 13
000062 37
002188 9
002136 42
001712 55
002325 22
001039 28
002377 75
002667 62
002594 60
001709 38
001757 55
001038 36
001490 38
002707 18
002419 22
002762 31
001338 16
002372 42
000233 26
000681 9
001213 1
002236 1
000312 26
001655 43
002492 42
002881 70
002794 13
002589 49
000512 11
002917 105
000518 37
002723 11
000647 55
000380 28
000690 89
000198 50
001021 13
002810 32
002404 34
000726 48
002545 16
000264 2
001600 79
000664 0
002861 42
002886 2
002368 79
002614 10
000950 29
001344 40
001189 50
000514 13
001500 16
001313 42
002577 21
000017 60
002211 5
001624 60
001913 39
000918 0
002845 53
001639 43
000714 11
002019 32
001822 40
001675 43
001782 1
002876 47
001406 65
001678 43
002187 39
002427 53
000908 65
000929 16
001073 38
000572 77
002002 29
000407 40
000171 59
002363 69
002537 106
002012 107
002639 47
002473 44
000442 34
000982 0
001599 37
001503 16
001781 6
002320 13
000282 28
001656 37
000101 19
002712 4
001973 17
002765 108
000409 34
002153 91
000403 109
000994 15
001880 42
000044 4
002954 41
000140 6
001649 43
000249 39
002604 35
002391 85
002371 38
002994 92
002240 55
001603 55
000771 0
000562 1
001410 16
001724 43
001876 55
000519 29
000012 14
002863 99
001058 29
001457 4
000041 89
000284 60
001188 16
000709 11
001371 65
001118 23
000760 0
001530 44
000206 9
002230 33
002263 53
002688 22
000027 28
001589 50
000816 16
000086 77
002463 4
001508 1
002299 60
001294 52
000080 26
000876 2
000148 22
002259 65
001929 28
001477 35
000528 22
002635 37
001458 69
001773 55
000566 55
001214 42
001088 42
000311 7
002227 39
000382 28
002961 47
002875 25
002405 19
001302 5
000597 0
001086 69
000493 82
000579 62
001162 91
001778 42
002495 26
002543 59
002183 43
002152 13
002558 16
002663 62
001607 43
002097 21
002471 87
002508 79
001425 0
001803 36
002191 9
001209 50
002848 62
002487 85
002186 22
000921 37
001298 42
001968 26
001532 76
001694 34
001207 25
000434 82
002446 34
002484 32
002291 19
001671 17
000983 4
002576 19
001061 1
001729 55
001904 9
001225 22
002645 25
000207 38
002262 3
001770 16
000749 0
002091 32
000949 62
000928 78
001568 28
001594 1
002618 50
001800 17
000021 37
000869 0
002714 31
000122 28
000635 0
000200 69
002643 58
000704 0
001681 43
001673 62
000745 0
001574 5
000037 58
000305 50
001050 19
000522 35
000019 86
000665 18
001380 16
001590 110
001332 50
000047 51
001164 71
001146 4
002013 60
002672 0
002642 26
000486 34
002342 22
002315 23
002900 41
002436 54
000523 28
002709 19
001095 7
002200 60
002923 47
002032 71
002897 41
001199 38
002132 50
002504 22
001198 74
001947 39
002782 49
002382 7
002784 13
001848 34
000505 11
002030 36
002237 4
001224 12
002644 62
000543 55
002732 53
002867 47
000538 64
002086 9
002579 5
001556 79
000753 12
000244 48
002250 1
002540 60
002161 11
002120 55
001960 42
002884 85
001669 43
000289 12
000894 12
002916 14
002045 71
000003 1
002083 36
000568 35
001068 14
000400 50
000181 49
000147 1
000630 0
000761 21
000402 34
000414 22
001105 39
000860 0
000607 28
000173 37
000668 0
002054 32
000228 40
002119 1
000476 34
001513 1
000488 14
002028 55
000643 0
000576 0
002793 1
001970 43
002940 41
001005 40
000204 9
000412 55
000259 39
002803 1
001626 37
000792 16
000531 0
002607 79
002514 16
002430 19
001801 42
002524 4
000966 64
002340 38
000834 21
002960 42
001586 60
000551 82
002279 44
001578 1
001337 5
002693 50
002460 62
000804 72
001727 65
001987 37
002115 32
000388 37
001932 44
001396 97
001390 21
002696 16
002827 28
002384 26
002140 18
002433 22
002677 111
002285 97
002408 11
001352 16
001368 42
000703 28
001297 42
000780 16
000676 9
000422 11
002255 18
002467 4
002632 1
002014 14
000611 0
000038 38
000475 34
002684 28
002151 44
001465 17
001921 17
001885 2
000634 0
000145 28
002718 16
002850 6
002401 19
001844 24
000383 1
001074 26
002989 89
002992 23
001140 39
001809 41
002414 49
002592 16
001151 50
000770 10
000298 11
002588 79
001259 49
001442 44
001134 31
000005 16
002972 41
001840 25
001180 50
001143 50
000102 9
002047 78
001092 87
000610 0
001461 69
001310 16
001155 28
000732 51
001374 38
000735 2
002011 26
000468 6
001381 16
001016 0
001628 60
001080 76
001735 26
001111 28
002077 49
002199 35
002802 81
000671 0
002511 11
001222 50
001606 9
001959 5
001780 55
000757 12
000702 1
000285 79
000116 1
002549 46
002796 51
002700 28
002380 39
001497 1
000266 1
001910 79
000194 50
002317 87
002442 47
000783 77
001127 42
002300 14
000734 0
002977 35
000712 0
000947 5
002044 39
000812 10
000628 60
002828 53
002379 44
000123 79
002458 22
002252 53
002218 22
002628 47
001411 12
001645 43
001621 82
001957 1
000106 22
000182 44
002009 55
000875 112
001256 40
002738 13
001283 61
001378 55
000867 0
001549 85
002849 11
002336 113
000907 107
001415 16
000680 0
002491 47
001154 60
000960 22
002710 31
002745 13
002609 11
002182 75
002852 42
000964 107
002265 40
000272 38
000100 87
000170 86
001692 71
002331 39
001054 1
001328 44
000669 0
000510 69
002349 32
000248 99
000746 14
000700 0
000428 11
001814 38
000154 50
002114 9
002004 32
000011 79
002991 4
000826 55
001364 16
000808 16
000977 42
001775 16
000341 69
002920 53
000830 34
002142 4
002094 51
002411 39
000963 40
001258 5
000844 14
002424 19
000421 69
000499 34
000417 29
000621 71
002174 4
001808 38
000361 114
001014 1
002008 34
001522 60
002410 22
002345 42
000469 77
001539 60
000138 28
002551 47
001466 17
002271 11
000841 0
001699 43
001075 38
001541 5
000692 0
002346 58
001291 38
001492 11
000225 50
002659 79
002376 60
002975 41
001459 12
000996 16
002759 47
001891 43
001658 43
002053 49
000081 34
001176 115
000034 38
001356 75
001064 28
001241 11
002264 91
001616 50
001000 58
001864 53
001971 39
000805 26
000135 18
000325 99
002621 71
000880 0
000914 38
001113 9
002583 16
001408 29
002792 28
001453 13
002847 26
002190 66
001648 11
002416 19
001346 89
000864 0
000024 83
000149 18
001646 43
001892 41
002969 70
001416 34
002170 26
000931 35
002146 15
000280 19
002833 53
000077 14
001358 39
002646 31
002555 16
002640 19
002108 40
002103 71
001732 25
002321 32
000547 1
002063 32
000501 77
002587 47
002096 90
000506 8
002750 19
002281 19
002270 4
002435 79
001737 26
000958 43
002400 26
000166 77
001450 4
000202 94
001796 43
000239 28
001051 11
000986 22
000553 18
002217 81
002454 85
002159 12
001979 28
000990 60
002907 51
001196 50
001281 54
001400 40
000624 18
000049 14
001788 17
002464 65
002983 29
002829 79
002703 71
002573 16
000115 94
001768 37
001379 16
000791 0
002874 109
001935 21
000897 1
001097 19
002328 67
001194 54
000221 25
000515 76
000151 51
001432 86
000716 11
001484 71
002815 53
001129 30
001967 39
001779 60
001096 19
000954 59
000863 0
001747 55
002860 53
002387 35
001898 41
000189 28
001738 60
000924 42
001776 43
002903 62
002213 3
002727 1
001055 29
002701 62
002831 53
001956 2
000269 11
000309 9
002164 13
001942 39
002751 53
001243 12
001925 15
002116 83
001091 38
000822 10
002913 14
000108 14
002350 64
002955 2
001414 16
001257 54
002292 19
001365 42
002761 60
000458 13
001276 50
000759 0
000707 87
002743 1
001295 71
000093 65
000817 11
002872 70
000856 0
000870 0
001026 11
000143 37
002066 94
001483 50
001474 55
000163 14
002344 44
000862 28
002407 19
000617 0
001674 25
001428 90
002134 42
001451 12
001945 16
001810 25
000571 1
000711 19
002248 37
000932 101
000328 26
002926 17
000580 14
001402 11
001579 5
000858 18
001534 75
000926 31
002728 18
001002 55
000952 59
002554 16
000245 50
000322 38
000788 37
000855 16
001807 60
002824 47
001132 69
001452 29
002081 1
002415 19
002842 53
001125 52
000882 0
002882 78
001212 50
001632 78
001817 48
001031 79
002472 67
000885 12
001319 16
002873 17
000520 49
000057 79
001152 90
000845 0
002505 12
001914 32
000772 10
000256 14
001354 50
000236 50
002571 47
001841 16
002665 60
000344 13
000339 71
000697 40
000991 42
001429 34
002329 11
002148 44
000316 26
001976 23
001145 81
001326 50
000208 79
001443 2
002902 47
001067 48
000594 116
001652 29
000657 79
001382 42
001035 29
001554 9
002973 41
002373 44
002001 21
002118 9
000906 0
000797 16
001944 39
000179 44
001007 29
000536 26
001444 40
000609 5
001791 17
000002 19
000336 77
002352 15
002046 35
001641 55
001772 1
001423 117
001197 6
000649 48
000560 9
002497 40
001003 6
001920 32
000188 78
002836 53
000232 9
001311 118
002438 36
001613 60
000775 10
001273 69
000800 0
002215 35
002337 67
001625 55
000756 0
001717 55
002176 63
001250 19
000615 0
002189 22
002671 16
002251 39
001902 2
000387 119
000187 15
001834 44
002854 28
001339 55
001514 60
002877 14
000262 21
001680 43
000905 28
002254 53
000253 120
002253 1
001659 37
000679 52
000075 89
000599 48
001726 51
000317 25
000938 9
001469 99
001455 31
001148 50
001980 42
001307 16
002048 69
002080 56
002037 85
002978 53
002173 60
000636 0
001117 9
001268 42
001286 38
001473 29
002658 9
002034 40
001210 50
002528 69
000744 16
002623 10
000287 50
000956 16
000153 1
002995 39
002168 38
000762 0
000478 38
000985 10
002056 37
001812 42
000263 22
001082 25
000430 50
000250 77
002958 47
002801 41
000020 78
002510 62
002786 1
000659 37
002965 4
002040 52
000807 67
001510 81
002301 59
000922 16
000819 0
002652 35
000343 34
000354 13
000521 11
002866 47
000016 82
003000 41
000843 16
000565 25
002175 4
002982 41
000052 11
002381 32
002068 68
002819 53
002697 62
001595 42
001906 9
000395 83
002087 1
000832 0
000448 53
001324 42
000972 16
002201 53
002521 44
001856 44
000043 19
002777 16
001388 71
002736 13
001384 121
001377 16
002520 109
000431 5
000076 14
001252 50
000639 0
002420 19
001922 41
000156 11
001873 60
001177 50
000353 60
002581 23
002698 28
001372 55
001868 43
002542 86
000695 34
002981 47
000814 71
001498 60
002277 22
001794 43
000120 79
002650 10
001939 32
000159 11
000747 44
000190 122
002339 22
002298 26
000957 8
000852 91
002338 61
002734 49
002565 16
002121 13
001226 1
002314 23
002566 62
001843 35
002158 44
001915 43
000065 76
000850 10
002180 18
002893 53
001802 100
002207 40
000741 0
002753 28
000524 90
000955 58
002675 66
002224 53
001617 43
001215 71
002450 87
002139 58
001419 1
001385 76
002242 53
000887 1
001331 11
000840 0
001239 16
001821 77
002885 47
000588 59
000064 1
000297 37
002235 11
002939 14
001099 19
002721 49
001122 42
001308 10
000678 0
001022 35
001321 21
002798 17
002691 19
000451 9
000811 22
002268 22
002156 37
000443 79
001555 28
000164 123
001563 51
002308 109
001771 50
002591 90
001422 16
002208 91
001761 9
002412 23
001220 34
002409 49
001072 34
002445 39
000133 1
001572 61
002799 17
001609 109
001355 28
000144 14
001163 54
002223 43
002840 53
000303 34
002601 62
002812 53
000381 75
002481 60
000802 87
000315 37
002811 53
000360 29
001537 60
000255 120
002079 32
000847 0
000721 2
001279 42
000920 0
002564 10
000613 55
001018 23
002209 71
001638 43
001691 43
001754 16
000688 0
000008 82
000584 46
001878 43
000117 65
002304 11
001334 36
002795 53
000979 10
001571 60
000961 22
001263 50
000872 124
000079 115
001764 5
002575 60
001389 9
001141 50
000324 32
001683 55
001464 5
000549 55
000925 0
000174 36
000548 25
000736 40
001583 79
002951 49
000437 38
002767 29
002541 49
001690 38
002138 40
002889 22
001248 49
000238 19
002756 75
000748 52
000096 11
002522 62
000046 125
000728 16
002725 5
002007 13
002919 47
000898 25
000953 10
000818 11
000191 51
001752 42
001019 38
001705 28
001940 39
002273 53
001437 126
000763 0
000503 8
002455 26
000586 0
002757 89
002682 19
000424 116
002058 11
002934 16
002171 44
002649 47
002353 68
001267 81
002908 42
002006 9
002769 26
001475 26
001871 55
000540 39
001285 50
000946 16
000575 79
000119 1
000787 10
001227 50
002789 13
000110 50
002477 9
000784 10
001952 39
002578 6
002717 23
001119 82
002258 53
000215 82
000779 10
001551 97
000310 37
001161 50
002533 62
000219 97
000429 1
002622 2
000713 0
002141 36
002284 22
000009 15
002906 1
001662 43
001221 127
002179 76
000596 0
002857 79
001472 61
002296 11
002226 53
000517 115
001588 34
002016 81
002449 19
001663 40
001874 15
001217 103
001806 37
001333 42
000675 0
000820 16
000432 34
002746 13
001069 16
001774 128
000314 76
002303 4
002737 35
000061 9
001963 50
000683 87
001908 65
002766 1
001153 50
000890 85
000945 23
002057 23
001336 10
001862 39
000645 0
001887 60
000527 82
000507 20
001231 50
002927 42
000717 36
002024 4
001842 1
001017 11
001969 34
000055 35
000050 69
000767 25
002475 38
002157 25
000810 51
002071 11
000377 9
000737 0
002580 38
000595 0
000349 40
000094 39
001249 50
002788 53
002883 86
002567 62
002375 49
002509 129
001682 28
002962 9
000136 20
002465 5
000936 42
001715 85
002988 39
000778 0
001135 14
001679 48
001665 5
000708 26
000561 74
000654 25
001271 69
002808 86
000418 8
001879 79
000987 7
002538 68
000131 109
000848 10
001150 85
000025 11
001805 37
001890 63
001528 38
002204 28
002276 68
001023 40
000873 16
001567 5
000226 39
002023 51
001470 26
001462 130
001057 42
002432 49
002670 22
002228 53
000948 64
001909 39
002059 37
000355 7
000068 77
001698 43
000722 0
000146 1
000416 34
001531 23
002949 41
000172 59
000727 0
001896 69
000056 37
000139 68
002244 53
000450 34
001998 89
000989 62
000970 28
000137 20
001897 17
000175 37
001966 51
000386 120
001725 16
002741 22
000445 28
001102 19
002781 86
001828 35
002922 131
001884 37
001290 11
001582 39
000090 65
002451 19
001306 54
002101 11
002049 10
002178 28
001030 5
001330 50
000040 132
001013 28
000944 16
000666 55
002327 22
000453 37
000781 10
002987 76
001149 42
000178 86
002185 1
000337 11
001919 1
002167 26
002979 42
001557 25
002890 86
001601 38
001642 43
000352 50
000625 0
002241 33
002519 62
002478 18
001552 36
002184 4
002561 47
002090 40
000724 72
000699 0
000359 79
002868 17
001322 42
001614 43
002980 28
002563 16
001526 5
000619 0
000466 7
001435 19
002733 86
001420 42
002496 87
001703 29
002128 11
001988 37
000492 133
002869 16
001766 42
002474 109
002459 85
001789 37
002938 39
001482 94
002657 62
001136 38
001936 55
002378 19
001581 5
000480 86
002266 12
000103 25
001479 78
000743 0
002775 26
000054 53
000988 40
002619 62
000069 28
000718 11
001101 19
000334 34
002417 75
001392 16
001240 42
000785 11
001174 50
001159 54
001316 48
001138 50
000128 14
001584 1
001975 1
001262 65
002695 23
001107 23
000951 12
002123 15
001130 0
002898 47
001559 42
000462 28
000640 0
000758 0
002637 16
000930 9
000231 37
001320 10
000556 0
000544 25
002547 16
002488 39
002399 22
002486 9
000099 100
001431 50
001251 87
001888 60
001900 43
001006 40
001471 50
002061 39
002310 29
000295 85
002402 87
002674 87
002790 86
002354 79
000160 44
001237 134
000651 0
000910 6
002816 53
002620 43
001558 119
000321 34
000015 11
000976 14
002456 19
001447 28
000463 5
002944 41
001693 43
001720 53
000644 8
000620 0
000652 0
000254 110
001882 43
000874 39
000467 28
000754 64
002611 135
000942 34
000883 10
000292 48
000234 64
002943 39
001305 16
001767 67
001519 71
002272 35
002841 60
002098 11
002418 42
002026 25
001486 59
001242 42
000535 40
000526 76
001426 42
001081 14
002685 34
000590 37
000674 0
002678 62
002155 11
001347 48
001376 48
000836 39
000252 9
000667 6
002210 28
001872 12
000391 25
001468 50
002548 47
001363 42
000795 14
001985 34
001934 44
002105 19
000682 0
001206 50
001078 71
002895 34
002395 136
000152 82
001525 5
002771 13
000828 0
001255 16
000525 18
001266 16
002070 2
000406 14
000258 28
002838 53
002437 60
000186 24
002092 21
000474 34
000813 16
002389 44
001167 110
000365 35
002936 41
001859 55
001351 34
002364 32
000330 59
000513 82
000663 0
000346 11
001604 43
000833 0
000684 0
002629 74
001677 43
002947 42
000773 10
000067 29
001951 32
002706 5
001716 69
002421 17
000235 32
000646 1
002466 60
002348 109
001667 50
001823 41
002078 59
001139 50
000542 28
001314 10
002896 70
000201 18
001964 43
001296 50
002362 9
000307 35
001309 1
000130 1
000396 79
002864 1
001930 100
000327 50
000192 50
000723 0
001855 54
000308 110
001065 137
001398 16
000496 76
000385 38
000583 0
000398 1
002933 55
001630 34
000162 50
001335 49
002724 86
001104 39
000937 25
001040 31
001367 86
001275 50
002749 94
001927 43
001950 1
002069 60
000570 77
001160 42
001561 38
001592 50
001881 43
002530 5
002082 49
000048 1
000030 1
001596 9
001926 10
000502 29
001847 39
002502 34
002755 86
001186 50
001269 34
002559 87
001857 87
001863 43
001795 94
002648 49
002550 47
000433 11
002302 22
000997 1
002855 1
002791 39
000367 43
001077 34
001079 26
000261 34
002347 28
000557 1
002067 22
000573 26
002912 14
002274 5
000600 0
002661 5
002042 40
000420 13
002137 26
001303 11
001247 49
001233 50
001449 50
002267 67
002356 37
002205 25
001813 37
002220 9
001467 18
000276 79
000706 0
002335 44
000454 25
000114 50
000072 79
002029 36
002131 13
002935 42
002064 75
001826 43
002584 10
002290 9
000919 72
000452 82
002624 40
002453 26
001515 60
002393 9
001566 60
000740 16
002413 87
001654 50
000105 67
001858 59
002821 86
002887 25
002722 18
000242 26
002479 86
001989 118
001570 61
001620 14
000097 9
002516 71
001191 54
000085 22
001719 19
000010 97
000879 0
001340 42
000774 16
001386 14
000277 67
001409 60
001593 42
001373 16
000089 25
000091 51
000281 37
001907 109
001485 50
001824 98
001325 1
001427 50
000993 79
000366 81
002072 68
000677 0
002027 138
000999 50
001190 50
002359 53
001760 37
002289 37
001343 16
000095 50
001287 139
002147 90
000168 14
000497 140
001750 9
002324 68
000715 0
001540 16
000332 25
000220 11
002482 67
002937 41
002772 13
002535 78
001538 75
000532 1
001865 43
002797 22
002309 29
001981 37
000306 2
001650 39
000197 36
001165 50
001619 29
001147 50
000495 141
000111 9
001109 19
001270 54
002562 35
000370 34
000794 10
000927 62
002322 23
001816 37
000397 97
001179 50
001216 39
000798 16
001299 50
001063 4
000419 25
000376 67
002512 40
000471 71
001542 12
002608 1
002351 26
002631 65
002990 28
001762 9
000799 51
002060 9
001487 10
000539 1
002676 38
002330 6
000984 142
000481 25
001480 35
000224 81
000673 0
001394 50
002985 41
000995 101
000581 0
001046 34
000078 64
002596 47
002996 17
001759 37
000827 14
000126 14
001253 50
001961 60
002770 28
001597 9
000577 79
001576 40
000622 0
000768 10
001230 50
001341 10
000660 79
002853 22
002888 51
001518 1
002758 62
002974 42
002785 41
000260 11
000283 34
002683 1
001615 78
001185 50
001974 43
002523 9
000456 11
002369 43
000435 1
000300 101
001763 76
002485 67
002865 47
001933 35
000439 25
002374 22
002025 1
002452 55
002613 47
001627 39
000293 34
001838 69
000279 37
000656 65
001059 1
000733 0
000554 143
002143 49
002914 14
001901 23
002294 37
001192 76
001527 60
001996 43
001357 11
001695 43
000776 16
000427 44
001787 71
001187 64
002198 75
002275 53
000866 0
001710 36
001793 0
001246 50
000901 11
002748 9
001529 60
000602 0
001292 42
000218 79
002269 31
000214 8
000036 37
002443 39
000368 22
000013 5
000477 78
001721 65
002283 19
002744 53
001085 28
002904 79
001633 38
000014 39
002112 9
002783 47
001024 28
000965 61
000608 0
002062 43
000436 9
000018 82
002813 53
001783 9
001804 38
002397 11
002256 53
001115 2
002390 22
001954 28
000345 5
002844 5
002600 38
002647 26
001718 43
000033 31
000373 35
000658 55
002221 53
001087 4
002457 42
002929 25
002249 53
001317 29
000861 16
001608 77
000045 71
001535 110
002878 4
002971 53
000490 37
000504 28
002261 44
000134 22
002109 38
000691 0
002075 115
002149 13
000975 9
002999 41
000777 1
000789 44
002569 16
000364 69
002358 110
000796 0
001937 42
001629 43
001277 10
002593 19
000940 47
001506 16
002490 48
000648 0
001004 12
002525 109
002111 76
001173 50
000484 13
001811 24
000053 79
000243 77
002084 51
001986 34
001203 19
000739 76
002169 60
001300 107
001020 28
002093 13
000837 75
002125 11
001745 5
000369 90
000268 9
000729 0
002493 38
002552 34
001520 84
001034 18
001713 43
002334 23
000296 2
001849 48
000626 79
000278 59
000498 87
000485 11
001521 19
000183 9
000971 74
001852 28
002225 53
000685 40
001769 43
002976 26
002085 40
001181 40
002051 49
000755 10
000509 118
002546 40
002357 53
001982 42
001439 7
001446 19
000142 28
000865 0
002232 39
002323 35
001011 87
000849 34
002560 47
002780 14
001995 32
000888 12
000118 51
002162 13
000546 28
001790 39
002214 17
001977 75
002233 53
001984 42
001397 59
000275 50
000705 87
001025 56
001591 12
001565 12
001743 60
000384 62
001430 16
002610 10
002911 49
001830 60
000177 82
001360 16
002428 44
002568 40
000831 10
002556 47
001643 43
002462 19
001634 55
000623 55
002921 26
000859 11
000642 55
002307 11
000835 11
002711 62
001499 71
000338 14
002447 90
001448 38
002654 22
001965 21
001685 37
002529 109
001144 50
002966 41
001706 144
002924 41
001739 43
002708 1
000790 10
002305 51
000969 28
001668 98
001689 54
001899 32
