0 29.709744691848755
001958 0
002088 1
001395 1
001521 2
001099 2
000394 3
000029 4
000100 2
000352 1
002021 5
001353 5
001145 2
002856 2
001226 6
000298 7
001786 8
000127 6
002758 9
001597 10
002028 11
002997 11
000682 11
000046 11
001437 12
002748 11
000302 13
002649 13
001608 14
000637 11
000548 15
001266 16
001271 17
000679 17
002613 13
002157 11
000706 11
001509 3
000111 3
002354 3
002178 18
002049 16
000283 19
001101 2
000561 20
000564 18
000578 21
001820 18
001951 2
001560 22
000300 21
001923 23
001066 3
002039 24
000535 18
002924 18
002766 21
002227 25
000274 7
000395 18
000193 26
000099 27
001202 3
002631 18
002246 28
001229 27
000541 26
002389 29
000042 22
000956 30
002329 31
002621 32
001136 33
001598 34
000206 35
002260 36
000004 37
000621 13
000536 38
002361 31
001491 17
000293 39
000928 31
002301 40
001661 41
000433 7
000749 42
000608 43
000614 44
000789 45
001989 46
000784 47
001793 44
002030 44
002472 48
000797 49
002186 50
001673 48
000714 7
002213 38
001966 28
000528 44
001637 28
000051 13
002816 28
000292 31
001431 3
000221 11
001824 27
002460 48
001552 38
002161 31
002546 18
002767 51
002964 2
001154 18
000814 13
001947 25
001590 8
002699 25
002673 49
002365 52
000005 30
000726 31
002456 2
001948 30
002681 50
000007 22
001105 25
001293 53
002710 54
001630 35
002849 31
000526 35
001927 35
000912 13
002097 55
001855 3
000774 49
000590 41
000903 44
002600 7
001968 56
002930 48
001684 2
002704 23
001847 25
002583 49
001662 44
000307 39
000517 57
001614 58
001587 28
003000 59
002572 2
000041 60
000367 35
001652 51
000589 44
000011 44
002687 38
001239 30
002337 23
002689 2
002342 50
002338 3
002657 9
001827 39
002947 53
001376 31
002797 50
001219 3
001127 18
001987 41
000322 61
002923 13
001407 53
001563 28
000397 22
001434 5
002146 23
002191 28
000772 49
001242 53
002739 25
002770 23
001146 62
001656 41
001754 49
000112 23
001698 58
002668 2
002535 63
002692 49
001525 9
000331 1
002697 9
000256 44
000158 2
000319 3
000631 22
002207 28
000315 41
001826 58
002960 53
001545 38
000855 49
002016 26
002398 25
000347 12
000599 31
000856 44
000443 22
002333 50
002001 25
002848 9
001534 19
000762 43
002012 64
002901 18
001358 25
001638 44
001078 13
001991 21
000966 31
002276 12
002195 21
000587 44
000066 65
000937 66
002485 48
000731 2
001235 3
001132 19
001472 3
002317 2
000757 39
002027 28
002250 21
002515 13
002256 52
002953 21
001594 21
001609 52
002052 41
000798 49
001269 7
001774 23
000249 39
000108 44
002419 50
002750 67
002129 39
001901 2
002891 31
002763 37
001505 17
002318 53
001393 39
000228 21
002602 53
002037 68
002684 23
000976 2
000886 46
002596 13
000225 1
000917 28
002183 58
002403 21
002625 19
001675 58
002238 50
002046 28
001527 39
002287 50
000488 44
002783 13
001733 19
001326 3
001768 41
002778 2
002035 23
002628 13
002804 23
002253 21
000559 37
001696 46
002426 2
001653 2
001454 53
002455 7
002677 69
001065 19
002616 39
001261 53
001992 5
000871 49
000231 41
000018 26
002552 28
001574 21
000955 37
001072 7
002527 2
000305 26
001702 2
000791 44
002610 49
001929 23
001256 8
002779 31
000665 30
000219 21
000188 70
002961 13
002990 23
002066 71
001932 26
001538 72
000601 44
002617 25
000930 28
002210 23
001166 3
002768 26
002357 52
000522 13
000304 28
002067 50
000758 43
002170 73
000261 7
002299 39
001952 25
002497 74
000368 50
002071 31
001643 58
001679 31
002189 50
000988 71
002427 52
001081 39
000910 28
001164 28
002033 74
001302 39
000383 6
001769 58
000611 44
001381 49
002281 19
002107 13
001172 3
002998 53
000082 31
000152 26
002429 2
000962 74
002785 26
000202 56
001306 3
000672 43
002023 28
000055 28
000439 6
002438 38
002391 48
001422 49
001537 74
000166 14
002502 39
001129 49
001005 71
002839 9
002029 6
000914 33
000482 21
000500 20
001797 25
000919 50
001903 58
001194 3
002962 25
002151 29
000162 1
002926 5
000813 49
001238 53
002733 2
001405 28
000076 44
001163 3
002075 7
002794 37
001488 3
002703 56
001398 49
002025 21
001777 37
002288 50
002983 51
001876 5
001834 29
001909 25
002705 75
000404 28
000232 28
001334 6
002332 68
001042 56
001448 25
002590 49
001914 2
000606 44
001249 3
002821 76
002445 25
001143 3
002441 77
002922 12
000204 48
000785 7
002373 14
000014 58
002208 78
002905 13
000676 28
002885 13
002603 78
000465 21
000775 49
001935 38
000496 79
000803 49
000170 5
002449 2
002169 39
000959 19
002965 50
000446 11
001457 62
002002 51
001423 31
000896 48
000429 21
002658 45
001735 73
000196 71
002556 13
000547 50
001828 45
002897 18
001585 7
001567 21
002549 38
002746 37
000088 50
000633 44
001959 19
000583 44
000257 28
001090 28
001814 61
001411 12
000048 25
001651 61
001530 29
001248 80
001503 49
000059 44
002731 40
002683 19
000073 31
001811 41
000474 81
002577 38
001382 53
000124 66
001217 25
000881 5
001336 16
002399 50
001148 3
001354 3
000336 14
001495 50
002230 25
001917 13
002486 28
000181 80
001451 66
002543 40
000617 44
000121 28
000109 50
002790 76
001962 21
001579 19
001704 14
000750 28
000684 42
001724 58
002545 49
000172 40
000103 11
002458 50
000773 49
002232 25
000416 7
000491 22
001165 3
001141 3
002769 73
001329 56
001378 5
001399 60
001612 37
001400 82
000830 46
001308 49
001352 49
001602 53
002728 30
000182 29
001681 58
001688 58
000178 5
000694 26
002400 38
002678 9
001012 83
001916 39
000286 77
000899 61
000894 25
002086 28
002913 27
001851 80
000701 25
001455 54
001404 28
001187 75
002235 31
001224 84
002096 36
002608 21
002083 6
001919 21
002175 50
002915 27
001142 3
002630 71
002966 18
002372 53
000276 22
001297 53
002171 29
001562 49
001843 28
001408 51
001645 58
001971 25
001593 53
001370 5
001323 38
001605 85
000867 44
000946 49
001300 48
000980 48
001856 29
000222 71
001994 2
000922 49
001433 61
001074 48
001895 17
002393 25
000138 23
002578 85
001364 49
002831 52
002504 50
001029 49
000603 25
002701 48
000837 19
001837 31
001001 30
001818 3
002100 45
002184 50
001040 21
000440 28
002496 2
000095 3
002743 66
002000 2
001179 3
000269 46
000033 21
000200 29
001489 23
000229 26
001139 3
001610 41
000303 64
001550 49
001938 86
002665 39
000135 16
002799 0
000809 73
000680 44
001957 21
000841 43
000481 11
002379 29
001708 58
002749 56
002544 49
000689 54
001604 58
000686 45
001436 53
000288 16
000703 23
000502 51
000120 22
000365 13
002435 22
000558 28
001317 51
000562 21
002143 64
001152 45
001556 37
001978 54
002599 13
002229 41
002280 31
002307 31
000667 87
002793 21
000725 7
000574 61
002806 28
001121 31
000234 55
000907 60
000342 35
001189 3
000083 25
002777 49
000189 23
001672 71
000550 19
000805 73
002397 31
002553 14
002203 13
002792 61
000544 15
000478 61
002304 31
000817 88
002753 23
000398 21
000935 49
000655 7
002269 54
000708 61
001010 49
002018 13
000251 61
000974 21
001225 50
000786 17
000281 41
002857 36
001478 64
002974 53
000792 49
002346 37
000778 11
000675 44
001790 25
001218 3
000938 28
000430 26
001013 23
001654 3
001711 45
000556 16
000187 12
000167 13
000995 21
001237 89
000477 70
001027 66
001761 28
001808 61
000057 16
000209 26
002511 7
002380 25
002506 30
001498 39
000426 7
002645 11
001559 53
000242 73
002757 85
001570 3
000570 14
001267 48
002194 51
002247 25
002048 26
002881 90
002532 29
001174 3
002283 19
001557 66
001178 3
002619 9
002654 50
001930 27
000651 44
002634 3
001518 21
001017 7
001501 49
001460 19
001231 3
000560 28
001409 36
001974 58
000738 43
002564 49
001745 91
001295 28
000826 5
000624 30
000220 7
000258 23
001282 66
002775 38
000926 21
000217 92
000511 29
002367 21
001588 7
000593 2
000493 26
000332 11
002829 36
002216 29
000415 22
002132 3
001045 80
001908 35
000645 43
001823 74
001039 23
001508 21
002271 31
000639 44
000944 49
002615 21
002585 25
000195 1
000575 22
002362 28
000818 7
000958 58
002765 16
002711 9
000897 21
002772 52
000840 11
001396 2
001862 25
000636 44
000721 22
000255 35
002118 45
002005 25
001731 51
000192 1
001773 5
001484 56
002989 48
001206 3
001819 44
002951 80
002862 53
001504 39
001420 53
000453 41
001418 5
000197 38
002918 27
002457 53
000534 26
000878 43
001037 28
000460 28
000487 23
001892 0
000681 28
002453 38
000419 11
001350 53
000877 44
001650 25
001900 58
002330 28
001709 33
002105 2
000454 11
001414 49
002876 13
000580 17
000125 66
001898 21
000339 13
001416 81
002858 48
000090 60
000447 23
002106 0
001893 86
001150 68
001925 22
001848 28
001918 22
000997 21
000734 43
000628 81
002609 31
002512 71
001939 93
001240 53
000330 40
001428 40
001469 55
002388 21
001578 21
002626 14
000545 11
002693 3
002614 16
000369 21
002642 94
002802 48
001222 3
002396 52
002991 50
000994 22
000458 11
002402 95
001337 39
001443 56
000737 43
001564 2
002601 9
002061 25
002986 80
000736 71
001442 45
000933 29
001021 37
001993 28
000661 22
001033 28
000423 19
002450 95
002805 11
001061 21
001044 66
000289 16
000471 28
002326 50
002174 50
001088 53
001907 70
001912 16
002877 27
000227 37
000761 66
000577 22
000092 61
000515 79
002364 2
000271 2
000518 41
002384 38
002202 39
001046 28
002718 49
002836 52
002914 27
000960 50
001388 28
002482 48
000769 38
002371 61
002520 70
001860 5
001228 3
000985 49
001813 41
001402 7
002295 95
002871 53
000847 43
001961 39
002900 18
001160 53
001806 41
000469 14
002940 18
000969 23
001197 28
001792 28
001967 96
000341 29
002298 38
002315 2
000900 79
001069 49
001186 3
001343 49
001576 82
000693 80
000588 40
002254 52
000131 70
002423 2
001397 40
000554 97
002323 13
000656 66
000445 23
002650 48
001483 3
000094 39
001157 82
000768 49
001386 44
002937 18
000134 50
002931 18
001051 7
001721 60
002854 23
001566 39
000859 61
000552 25
001543 39
002376 39
002302 50
001490 7
000609 71
000349 21
002297 50
001700 5
001622 58
000613 5
002488 25
001833 21
001717 5
000710 29
000573 12
002869 49
000744 49
000704 43
000925 43
000183 28
002788 52
000243 14
002807 48
000371 14
002076 58
000441 28
000654 11
002709 2
000709 7
001383 5
000024 98
002141 38
001118 38
000934 46
000858 16
001227 3
000509 46
001003 6
002274 19
002723 31
002300 64
002470 28
002909 27
002999 18
002392 52
002131 11
001782 21
002009 5
002032 13
000765 7
001669 58
000486 99
000237 100
001211 3
002349 2
001071 28
000713 29
002461 49
000646 33
002932 18
002906 21
001458 21
001692 13
000616 14
000671 43
002671 49
002791 49
002185 25
000901 46
002789 37
000986 50
002110 101
001392 49
002969 50
000207 61
002313 2
000031 7
000259 74
001265 7
000174 38
001283 3
001292 53
000860 43
001170 21
001618 11
000444 21
002698 23
000808 49
001180 3
001016 25
002774 77
000494 23
001195 33
001931 2
001857 95
002410 50
001467 30
001216 25
001309 45
000973 31
001766 53
000442 81
001659 41
001444 71
000690 85
000764 49
001272 30
002522 9
002444 53
001133 48
000017 39
001232 53
001439 49
001660 41
002069 39
001247 80
001906 28
002257 38
002934 49
001115 22
000615 43
002125 31
000422 7
001788 0
000918 43
000586 43
001144 3
002663 9
002745 37
000077 44
000191 28
001234 48
002165 0
002007 58
001345 3
002167 73
001549 85
000002 76
000640 44
000376 48
001697 58
002479 12
001936 5
002478 30
000746 17
002666 2
000643 44
000190 102
002109 61
002309 51
000012 44
000354 37
002622 22
002529 70
001360 49
000201 30
001611 39
001686 2
002667 9
000448 52
002014 44
001934 29
001514 45
001988 41
000882 11
001190 3
001059 21
001762 28
002980 23
000116 21
001385 56
001926 49
001867 58
000407 10
002995 25
001366 71
001028 23
002840 52
002102 85
001945 49
001502 64
002889 50
001625 5
002464 103
002316 12
001933 13
000326 71
000941 13
001298 53
002643 61
001095 65
002471 95
001805 41
000853 28
001920 2
001103 28
000779 49
001130 25
002725 9
002569 49
002089 28
000141 61
002239 31
001749 39
000390 41
000821 43
002612 51
000698 43
002846 66
001209 3
000485 7
001137 3
001736 71
002036 68
001331 31
002985 18
002439 88
002344 29
001606 28
000025 7
001356 5
000102 104
000629 43
001730 58
000993 16
002719 22
002407 2
000009 22
001067 105
000364 21
002887 11
001014 21
000401 66
002197 58
002865 13
002054 93
000039 106
002112 24
000865 43
000346 7
002115 2
000386 35
002868 0
000788 41
000208 36
001054 21
002101 31
001737 73
001335 80
000049 66
002019 2
000670 43
001689 3
002623 49
001829 18
002164 11
000294 19
002707 30
000895 49
002513 19
002103 28
000984 107
001113 28
000632 39
001547 78
000213 3
002063 2
001781 28
002459 48
002214 18
001676 11
001476 66
002160 11
001832 53
001809 18
001924 21
000224 61
002641 12
000524 21
000230 26
002124 80
002159 84
002744 52
002781 76
001714 58
002251 25
000584 88
002547 49
001124 16
000829 49
002038 48
002010 93
002982 18
000822 49
001250 2
001205 28
001779 36
001727 60
000399 105
002140 30
002782 39
000892 73
000748 17
001464 19
001897 18
000038 61
002912 27
001510 108
001849 79
002237 50
001649 58
002566 9
000373 13
001162 78
002311 74
002700 23
001738 36
002065 25
002385 66
001288 37
001092 95
001147 3
000295 48
001743 39
000978 49
000260 19
000159 7
001153 3
000971 20
002796 68
002662 25
001671 18
000846 5
002286 70
002819 52
001540 49
002116 98
002837 60
002079 2
002044 25
002163 70
000514 11
000068 14
000538 31
001706 109
001852 23
002917 110
000310 41
000801 28
002508 36
002911 17
001084 28
002533 9
000126 44
000069 23
001535 97
001245 22
001760 41
000150 23
001755 80
002180 21
002646 54
001387 23
001864 52
000921 41
002780 44
002431 2
000437 33
002218 50
002568 8
000852 78
000673 43
000061 28
002853 50
000265 48
002713 78
001324 53
000457 21
000597 43
002047 80
000983 50
002716 27
000210 40
001767 111
002929 6
000203 28
000348 96
001871 5
001785 53
001085 23
002352 22
001110 31
000702 45
001541 84
001838 27
000635 43
001449 5
000835 112
001674 66
000268 45
001858 40
002494 50
002147 55
002640 2
000810 100
001123 113
001646 58
002861 53
001207 66
002156 41
000982 25
001035 51
002558 49
001771 3
000052 31
000306 22
001647 58
001555 23
001954 23
001038 38
000727 44
000370 19
002648 17
001221 5
002413 95
001363 53
000105 48
001678 58
001286 3
002452 54
001720 52
001728 5
000576 43
001497 19
001996 35
001995 2
002127 58
002375 17
001580 39
001355 23
001685 41
001094 29
001874 22
001158 37
001403 66
001109 2
002987 24
001726 28
001116 3
000436 28
001815 21
001499 77
002353 12
002467 62
002495 73
001036 53
000211 28
000054 52
000780 49
002587 13
000387 41
002422 2
002992 27
000147 21
000499 10
000620 43
000996 49
001795 56
001861 35
000794 49
000510 29
002137 73
001854 38
000168 44
001883 81
001607 58
001866 5
002655 12
001453 37
001759 41
002882 70
000759 44
002114 28
002727 21
002057 6
002952 18
002498 37
000662 23
002561 13
002605 49
002152 84
002686 49
001294 17
000663 44
002523 28
000530 26
001273 29
001946 21
000060 3
000949 48
001648 7
001682 23
000282 23
001184 28
002988 49
002606 49
002244 52
002205 66
001536 18
002176 86
002825 85
002822 52
001327 61
001571 39
002484 2
000854 43
001904 23
001277 49
001284 3
000519 51
001526 39
000806 88
002680 48
002637 49
000711 2
001722 52
000050 26
000644 5
001007 51
000802 95
002133 37
002055 23
001311 46
001791 18
000850 49
000425 33
000417 51
000001 48
001482 56
001410 49
002773 33
001830 39
001270 3
000177 26
002404 7
001565 38
000513 26
000537 26
001287 114
000920 44
001463 54
000362 23
002243 52
001140 25
001655 58
001658 58
000337 7
000767 66
001349 21
000435 64
001863 58
001055 51
001533 49
002660 81
002720 21
002759 13
000408 50
001263 3
002541 80
002872 26
002898 13
001318 53
001330 3
002437 39
000381 19
001553 20
002113 23
002580 61
001956 22
002358 8
000579 48
000479 25
001748 49
002308 70
001783 11
002040 17
000420 11
000626 22
000040 50
001168 45
001481 53
002448 23
001060 37
000081 46
000947 19
000074 21
001126 53
000557 21
002041 100
002795 52
001253 3
001725 49
001632 70
001589 3
001596 28
002291 19
000542 23
001462 84
000508 46
001182 38
002462 2
000489 21
001125 17
002242 52
001542 84
000389 50
000218 81
001018 27
001246 3
002855 21
001629 58
001291 61
000463 19
002518 39
002473 29
000862 23
000527 26
002351 38
001963 3
000284 39
002306 39
001471 3
001087 62
000873 49
000591 7
002382 65
001577 2
000065 79
001083 45
002551 13
001280 48
000605 44
002737 13
000730 95
002006 10
000353 115
000954 40
001401 53
002627 19
002182 7
001922 18
001380 49
002714 54
000035 41
002776 13
001406 81
002240 5
002386 21
000020 63
000623 22
002592 49
002099 80
002355 55
002314 2
001275 3
001784 46
001082 11
000164 112
001703 51
001177 3
002814 52
000199 26
001233 3
002928 49
001516 36
001882 58
000409 99
000143 41
000023 52
000205 46
001213 21
001365 53
001006 68
000642 22
001699 58
002688 50
001344 82
000385 105
000889 29
002729 85
001086 29
000173 41
000532 21
002812 52
001340 53
001106 49
000400 1
002735 13
000641 44
002880 49
000720 44
000391 19
000936 53
002363 29
000139 44
001149 53
000787 49
001586 39
001119 26
002874 70
002845 52
002374 50
002434 25
001374 33
002490 28
000953 49
002638 116
001196 3
002574 31
002436 61
001575 39
002669 49
002754 31
001290 31
000129 41
002425 2
002867 13
001332 3
000161 28
000932 96
001389 28
002888 68
002085 71
001853 41
002335 29
001379 49
000421 26
002405 2
002480 11
000287 1
002432 17
001865 58
001041 85
000133 21
002787 25
001894 94
002565 49
001080 8
002994 36
002111 79
002390 50
000136 11
001214 53
002895 64
002721 17
000212 28
002296 31
002139 37
000275 26
002050 85
000089 11
000751 11
002293 19
000299 106
002950 18
000568 13
001627 25
000262 38
001729 5
002724 76
000316 73
002130 11
000104 25
001615 70
002024 39
001070 3
002584 49
000927 54
002369 58
002454 48
000366 4
002588 36
000529 26
000045 13
000309 28
001506 49
001551 39
000449 50
001375 3
000572 14
001135 66
001204 3
002263 52
001173 3
001319 49
000600 43
002148 29
001960 53
000834 38
000942 81
000063 71
001683 5
000987 65
002134 53
000333 17
002633 56
002264 70
001896 29
002236 21
001167 8
000630 43
001885 22
002539 23
002136 53
002708 21
002272 78
002415 2
000824 43
001223 3
002348 70
000461 19
001859 5
000160 105
000740 49
000008 26
002162 11
000372 56
002696 49
002080 28
000084 41
001873 39
002417 19
002907 28
001507 53
002817 52
000428 7
000290 117
002695 6
001554 68
000240 19
001944 25
001198 20
000770 49
001624 39
000402 28
001664 39
000155 23
000619 43
002571 13
001091 33
000296 39
000431 19
000280 2
002020 13
000582 44
002815 52
002933 5
002331 45
002595 16
002068 12
000719 43
001657 58
000723 43
002920 52
000596 43
000970 23
001600 48
000699 44
000977 53
001104 39
002717 113
001339 5
001817 28
000951 84
001212 3
001429 7
001670 36
000427 76
002908 53
000176 21
000080 21
000594 19
001348 49
001515 39
001546 84
002847 73
002150 29
000492 118
000989 48
001447 23
001975 21
000755 49
000825 43
000495 39
000800 44
001002 14
001626 41
000848 49
002060 104
002074 85
001468 3
001965 38
000888 84
002828 52
001712 5
002859 5
001789 41
002321 2
001079 73
002925 27
001886 119
001371 103
000140 51
002158 29
002285 12
001665 19
000410 28
000013 14
002199 28
000405 95
002740 13
001098 2
001220 99
002967 18
000793 49
002292 19
001842 21
000952 40
001910 44
001210 3
002893 52
000975 10
000475 7
001942 25
000216 26
002824 13
000501 14
002756 5
002064 5
000472 81
001584 21
002732 52
001635 41
000539 25
001979 23
001131 53
002492 53
000991 53
001305 49
002943 39
001009 105
002894 44
000875 120
000497 6
000312 73
000132 76
000252 88
001315 49
001519 13
001048 65
002168 33
000137 11
001752 53
000648 44
000595 43
002559 95
002339 50
000585 43
000811 50
001803 38
002412 2
002090 78
000279 41
000360 51
000030 21
002341 108
002122 21
002463 50
001732 11
001427 3
001264 49
000351 41
001430 49
002119 64
002483 21
002108 71
002098 31
000028 49
001878 58
000148 50
000660 22
002509 75
000022 21
000571 21
002017 2
000047 28
000752 21
000650 46
001887 39
002826 52
000869 43
002842 52
000891 25
001321 38
002356 41
001052 7
002381 2
000828 43
001022 108
002166 38
002598 74
002830 52
001663 8
000034 61
001844 41
001512 45
001417 48
002860 52
002209 13
001058 51
001520 116
000598 11
001011 2
000861 49
001642 58
000010 22
000091 68
001075 63
001985 121
000790 49
000263 50
000712 43
002305 122
002094 68
002864 21
000149 30
002653 85
001244 2
001415 49
002741 50
000079 7
002530 19
002212 21
002652 116
002892 53
000998 116
000036 41
002120 5
001413 81
000235 56
000350 45
000324 56
000003 21
001031 38
002368 16
002959 18
001756 41
002903 48
001477 61
001274 39
000816 49
001049 7
001241 46
001419 21
000939 7
000396 22
000782 44
002011 73
000863 43
001816 41
002430 2
002996 0
000504 23
002475 63
002639 13
000384 48
001750 28
000311 103
001619 51
002241 25
002031 5
001941 21
000905 23
000521 7
002153 78
001778 53
001691 58
001780 5
002350 31
001230 5
000760 43
001812 53
002674 95
001368 53
001734 13
000664 43
002607 36
002916 27
000743 44
002226 52
002808 76
002501 8
001513 19
000027 23
002586 49
001015 71
000967 21
001601 33
001973 0
000683 95
002579 19
000864 44
000992 30
000915 21
002084 28
002521 105
000186 2
001765 28
000923 44
000075 19
002224 52
002810 64
002752 70
000741 44
002334 2
002582 13
001744 77
000820 49
002192 52
001117 68
001710 38
000157 62
000832 11
001359 61
002528 29
000503 5
002611 62
002870 49
002984 18
002045 13
001981 41
002378 2
001057 53
001347 79
002958 13
000356 13
002360 50
002820 31
000724 80
001977 104
000245 3
001299 3
002722 30
000393 62
001747 5
002624 71
000086 14
000747 45
001181 123
002228 52
001316 79
002091 93
001102 2
000913 36
000963 123
000555 18
002347 23
002863 27
002834 50
000107 3
002008 81
000438 38
001801 53
000171 40
002656 124
001986 81
001372 5
002123 22
001677 58
001159 3
001128 48
002058 7
002370 17
002059 125
000827 66
002416 2
000285 22
002712 48
002726 31
002899 27
002591 97
001441 53
002188 28
002319 50
002570 104
002004 2
001251 95
001955 108
002154 51
001257 3
000056 41
000483 21
000044 50
001822 71
001544 3
000321 99
001342 49
002135 11
002971 52
001438 31
000238 8
001798 25
001810 11
001004 84
002803 21
002514 49
002290 28
001200 98
000301 39
000943 64
002265 98
001260 3
002294 41
000464 38
000006 68
000842 18
001869 46
000327 3
002282 38
002576 2
001465 18
000893 11
002062 58
000695 7
000388 41
000604 43
000843 49
000323 13
001868 58
002879 49
002275 52
002531 36
002468 52
002946 31
001281 3
000831 49
001905 21
000456 46
000308 8
002121 11
002051 17
001303 7
000329 1
002977 13
001705 126
001719 2
000480 8
002919 13
002510 9
000118 68
001972 41
001558 84
002734 17
001030 39
000467 84
002440 56
002249 52
002594 39
001970 58
001199 63
001357 7
001902 22
001976 2
000777 21
000569 14
001787 56
002636 9
002277 50
002941 53
001093 31
001258 19
001999 39
000085 50
001666 84
002685 99
000756 43
002144 8
002200 39
000512 46
002902 13
000732 60
002221 52
002320 16
000531 25
002345 53
000766 49
001480 13
002003 51
001362 21
002491 13
000375 46
001634 5
002784 37
001185 3
001715 30
002536 29
002081 21
001794 58
000239 23
000128 44
000355 65
000165 21
001511 3
002875 66
001320 16
002477 104
000473 37
001998 85
002481 39
002043 25
002408 31
002138 71
002411 25
000098 1
001840 99
001024 23
002015 66
002948 18
000450 99
000551 26
002694 13
000277 48
002267 48
000179 29
000434 26
001341 49
002852 53
001592 3
001644 25
001517 29
000742 98
000868 49
001770 49
000484 11
002022 66
002938 49
002324 12
002359 52
000781 49
000549 5
001964 58
002833 52
000783 14
001890 86
001008 7
002394 65
000674 44
002204 23
000687 43
000876 22
000459 26
001990 41
001911 19
001268 53
000753 84
000122 23
000700 44
002811 52
001445 127
001949 35
002233 52
002087 21
000032 21
002155 31
001751 38
002072 12
000070 81
002838 52
002647 73
001120 23
002813 52
001191 3
001532 56
002851 73
001243 128
000266 21
002421 0
001459 48
001913 25
000505 46
002325 50
000340 99
002604 116
002620 58
002234 25
000799 28
000931 13
002540 39
000745 43
000979 49
002424 2
000062 41
001776 58
001603 5
002927 53
002955 22
000142 23
002786 6
001568 23
000194 26
000647 22
002082 39
000361 4
002747 21
000058 16
000359 36
002672 25
001569 13
002117 28
002340 61
002095 23
000924 53
002042 71
000278 66
002201 52
002944 18
002273 52
000382 23
002193 58
001452 51
001391 48
001025 103
002442 13
001953 113
000067 51
001056 53
001740 129
002077 39
002343 84
000114 1
000246 3
001440 41
001023 123
000981 21
000412 22
002262 38
001063 62
000117 60
002890 76
002690 33
000248 55
000666 5
002651 13
000093 63
000115 56
001377 49
002303 50
000119 21
001982 53
002181 5
000163 44
000264 22
002978 52
001314 49
000247 28
002428 45
000776 49
000553 30
001114 49
002474 70
000581 43
000845 43
001461 17
002476 13
000652 44
001171 3
002942 13
002936 18
001369 26
000898 66
002921 73
000677 43
000015 46
000968 21
001107 27
000241 8
001255 49
002322 2
001937 53
000685 71
000169 22
001640 2
001134 54
002420 2
001879 44
001716 17
000272 61
001474 5
001254 3
001548 31
000215 26
002597 49
000345 19
000839 43
001616 3
002196 130
001836 49
000796 9
000413 95
001713 58
000343 99
000948 31
002222 55
001758 48
000378 26
001492 31
000739 128
002542 63
000053 36
000019 26
001310 49
002270 50
002451 2
000999 3
001390 38
000096 46
001500 49
002310 51
002555 49
000180 26
001599 41
000717 44
000185 23
000468 28
000904 49
002702 25
000072 36
002573 49
001899 2
002554 49
002395 39
002516 44
001208 53
002078 14
002866 13
001064 23
001529 39
002206 73
000659 28
002818 52
001839 51
002443 25
001077 7
000455 45
001384 131
002383 50
000403 70
000990 39
001446 2
001473 51
000678 43
001617 58
001252 3
001984 53
000823 49
000964 60
000836 75
001034 30
000175 41
000940 7
000692 44
000335 73
000874 111
002827 23
002056 41
000198 1
000297 41
002832 2
001531 27
001746 39
000123 22
000379 11
002581 113
002211 39
002173 39
002053 80
000916 43
001872 84
002742 28
000612 43
001772 21
002336 40
000957 5
001633 61
001888 39
002993 65
002661 19
000909 49
000507 11
000357 44
001424 62
002873 50
002401 2
001155 23
001723 21
002682 2
000668 43
000887 21
001285 3
000334 19
000154 1
001421 23
002550 13
001841 49
000722 43
000374 38
000313 61
001850 38
001623 41
000043 8
000972 49
002972 18
000523 23
000418 132
000763 43
000658 22
000705 95
000733 44
002499 9
002751 52
000945 112
002217 62
002801 18
002409 17
001807 39
001019 61
001470 73
000908 103
001694 28
000273 37
001494 31
000520 80
000815 22
000819 43
000735 22
001523 53
001639 58
002910 53
001701 28
001122 53
002177 21
001915 58
001884 41
002593 2
000380 23
002252 52
000344 11
002149 84
002145 2
002567 9
001943 62
001804 63
002823 50
002537 88
001262 60
002013 56
001425 25
001595 53
000233 73
000795 17
001707 5
002904 36
001821 14
002563 49
002406 7
002560 13
000113 28
001000 37
002266 71
001583 36
002548 13
002970 17
000226 75
001043 28
001193 51
001450 62
002446 28
001764 84
001667 3
002589 17
002377 5
000849 64
000622 43
002142 62
000214 31
000771 42
000338 66
000804 51
002261 29
001183 21
001169 3
000037 38
000106 50
000363 41
000851 97
001741 28
002414 17
000857 49
001466 18
000566 5
000250 14
002525 70
001475 133
002503 104
000318 26
001201 3
001108 7
002279 29
000653 17
000071 21
001668 75
002659 36
001175 3
001089 5
002957 76
000411 22
002883 76
002387 70
001026 31
002092 25
000540 25
000602 44
001333 53
002843 52
001435 2
002220 28
002466 39
002762 25
000838 44
002736 37
001628 39
000807 48
000883 49
001485 3
000638 26
000424 43
000728 49
001997 3
000377 28
000525 30
002487 48
002524 62
000151 68
001581 19
001950 21
001775 49
000627 43
002850 85
001846 58
000144 66
000718 31
002575 39
002632 21
000567 78
001881 58
002489 13
001156 31
002223 58
001432 26
002760 54
002172 38
002187 25
000880 43
001076 70
000625 44
002935 53
002976 73
001367 41
002231 52
000618 44
001325 21
001983 8
000691 43
002835 31
002289 41
001690 21
001351 7
002844 19
002507 48
002730 50
001831 5
001687 58
001693 58
000466 103
001188 49
001192 66
000146 21
002255 30
000325 55
002706 19
001763 56
000707 95
000715 43
001835 40
002884 119
001112 123
002128 31
000902 23
000688 43
002215 108
001631 28
002278 23
002500 46
001940 25
001825 45
000101 14
000291 19
002493 63
000879 43
001456 31
000392 23
000087 11
002284 50
002715 13
001276 3
001524 53
000476 81
001695 58
001296 3
002093 11
001138 3
002073 21
001236 75
000833 43
000592 22
002979 53
001621 26
001636 5
000110 1
001161 3
000223 22
001053 11
001312 61
002771 37
002104 61
002981 45
000254 8
001073 33
001620 49
001493 101
002691 2
000546 23
002526 9
000950 51
001572 3
000844 14
000064 21
000414 50
002433 50
000885 84
000452 26
001259 84
000657 22
001880 53
001582 25
001487 49
001486 40
001328 36
002418 53
002738 37
002268 50
000078 31
002070 22
002809 9
000870 43
002469 13
002248 41
000451 28
001020 23
001561 33
001980 53
000697 123
001742 53
000812 49
002973 18
000911 44
001522 36
001050 50
000506 132
000406 17
002366 123
000184 30
001877 46
001718 58
000610 44
002675 112
002034 71
002534 31
002327 50
001969 7
002679 13
000021 41
002219 25
001426 53
001591 84
002225 52
000328 94
002755 76
002519 9
001875 3
002538 12
002975 18
000267 17
001891 58
002664 50
001757 5
002179 77
000866 43
002945 18
002886 22
000490 125
000607 23
002465 19
001739 58
000153 25
000890 65
002939 27
002328 48
000270 61
000097 28
002259 81
002618 1
000965 1
001800 0
000872 73
001573 105
000533 70
001068 66
001100 2
002761 39
002126 31
002312 2
000716 46
002198 5
002949 18
001539 39
002954 18
000470 108
000565 11
001799 25
000462 23
001278 71
001796 58
001870 37
001394 3
001346 19
000696 43
001176 57
001753 5
000929 49
001215 13
002635 41
001373 49
000244 105
002800 22
001680 58
001313 53
000649 105
002644 9
000314 79
000156 7
001304 3
001151 3
001802 16
001047 46
001641 5
001307 49
001928 28
001496 56
000026 39
002245 79
000016 26
001322 53
000884 87
002670 50
001361 51
001845 44
001613 39
000498 95
002841 39
000516 14
002968 25
001479 70
001412 62
001096 2
000543 5
002505 66
000634 44
000432 99
002676 63
000729 43
001289 53
002258 52
000317 37
001921 50
002562 13
001338 49
002878 50
000320 23
001032 51
002026 11
002190 54
001111 23
001889 17
001528 33
000754 39
002629 20
000563 41
002447 21
000669 44
000253 35
002956 18
002517 134
002963 18
000358 7
001279 53
001301 22
001203 2
002557 28
002798 0
000130 21
000145 23
000961 50
002896 90
002764 51
000906 43
001097 2
000236 3
001062 56
